Pará	185579	-51.9930378	-3.6241815
Pécs	575380	18.2266033	46.0784260
Győr	1440627	17.6687668	47.6696220
Hénu	2755619	2.5370782	50.1559360
Limé	153118	3.5584368	49.3248368
Rœux	1206573	2.9011766	50.3019567
Lemé	153105	3.7634510	49.8422002
Boué	150546	3.7126674	50.0099575
Andé	536123	1.2433328	49.2268439
Érin	2918454	2.2235794	50.4309869
Écos	3154524	1.5954756	49.1482302
Sanʿaʾ	383890	44.1923104	15.4228100
Méru	454723	2.1417908	49.2459205
Umeå	7392435	20.2631080	63.8232926
Bèze	151940	5.2824058	47.4642821
Bévy	135802	4.8380358	47.1802100
Goès	390184	-0.5761579	43.2158230
Féas	2724049	-0.6982053	43.1703740
Rorà	43584	7.1874282	44.7815021
Séby	3070202	-0.3994808	43.4794417
Lème	3020463	-0.3584450	43.4960939
Péas	1770330	3.7728832	48.7364390
Alès	76009	4.0879191	44.1249969
Vého	1424252	6.7109405	48.6033030
Drée	141219	4.6939373	47.3435764
Nécy	418676	-0.1188943	48.8291927
Sète	255450	3.6231887	43.3781666
Nocé	3308570	0.6887046	48.3814140
Arès	109388	-1.0714702	44.7983533
Lomé	6607308	1.2516145	6.1585759
Arné	2420268	0.4885216	43.1745249
Sées	1226706	0.1693018	48.6074626
Lée	167651	-0.2883093	43.2928428
Dému	130404	0.1671418	43.7609144
Écot	124479	6.7338809	47.4223283
Pécy	1360526	3.0653280	48.6458927
Laàs	2793899	-0.8552179	43.3873070
Cély	78641	2.5241133	48.4600777
Buré	2241046	0.4034689	48.5048755
Loré	1770741	-0.5805671	48.4840156
Lège	1452239	0.6088271	42.8769062
Malé	47133	10.8905557	46.3655602
Malé	6599336	73.5102069	4.1754179
Trévé	358345	-2.8092041	48.2137385
Jaén	339631	-3.7722348	37.7813998
Léaz	142158	5.8750483	46.1114742
Asté	2361275	0.2210867	43.0110075
Écly	3258437	4.2844995	49.5527278
Migé	282544	3.5323651	47.6771174
Woël	2963850	5.7396446	49.0385061
Sère	125223	0.6452156	43.4044184
Chéu	954352	3.7533026	47.9746518
Mecé	139659	-1.2856300	48.2368238
Géry	2993490	5.2992527	48.7862897
Réau	80414	2.6227835	48.6076010
Bény	139251	5.2885220	46.3188960
Almè	45940	9.6146707	45.7384773
Érôme	66516	4.8324517	45.1265937
Vogüé	121223	4.4041972	44.5563374
Ubá	314927	-42.9545715	-21.1110000
Unaí	315129	-46.9871423	-16.3856809
Vác	1440602	19.1315178	47.7913351
Édon	111322	0.3513611	45.4881511
Ürümqi	2752472	87.6436244	43.9609744
Gaël	531019	-2.2259892	48.1165814
Quié	1842790	1.5882475	42.8415774
Essé	111057	-1.4273519	47.9512320
Béru	303270	3.8861207	47.8054362
Oizé	107407	0.1069453	47.8055419
Amné	107606	-0.0408539	48.0349038
Éton	2982931	5.6893295	49.2643433
Łomża	2670362	22.0521838	53.1824306
Łomża	3094356	22.0521838	53.1824306
Łomża	3094355	22.0521838	53.1824306
León	349010	-5.9714152	42.6341450
Lupé	906766	4.6982830	45.3719238
Brézé	272388	-0.0633543	47.1576957
Séez	133460	6.8217378	45.6431000
Agmé	2680955	0.3388186	44.4894547
Ercé	2120383	1.3002691	42.8371291
Ijuí	242352	-53.9130012	-28.2974702
Salò	45412	10.5422597	45.6134358
Ollé	227991	1.2936582	48.3873137
Étel	117496	-3.1998560	47.6571450
Égry	149084	2.4388141	48.1014961
Loué	107692	-0.1354570	48.0035465
Auñón	345631	-2.7763068	40.5105284
Luré	939488	3.9283853	45.8845280
Augé	146556	-0.2916998	46.4519506
Mèze	255447	3.5723313	43.4324622
Ubaí	314929	-44.8466607	-16.3650000
Poté	315443	-41.7599808	-17.8050000
Bocé	904658	-0.0783030	47.5119901
Liré	302043	-1.1523247	47.3196824
Mazé	167624	-0.2893749	47.4576316
Gée	167612	-0.2271274	47.4671399
Épône	945090	1.8083029	48.9459041
Viré	912199	4.8445893	46.4437515
Sigüés	342079	-1.0319438	42.6179654
Korçë	1252581	20.7784593	40.6178876
Rezé	60966	-1.5447682	47.1734251
Taïx	1466727	2.1215342	44.0098970
Saïx	453750	2.1587507	43.5862176
Vénès	1618444	2.1912091	43.7385957
Tržič	1675608	14.3325853	46.3797604
Boé	146364	0.6446036	44.1693496
Juré	939540	3.8903615	45.8914597
Mées	75884	-1.1174412	43.7106356
Province de Figuig إقليم الناظور	1719452	-2.6287658	32.7058840
Salé	2801066	-6.7567994	34.0156778
Píñar	346480	-3.4190671	37.4313867
Höhn	535012	7.9763222	50.6170323
Kács	1418451	20.5989533	47.9784469
Angé	280472	1.2382536	47.3141063
Gönc	1280989	21.2699805	48.4743798
Imbé	242558	-50.1155247	-29.9360887
Visé	2402052	5.6991399	50.7414745
Coëx	164897	-1.7525525	46.7105421
Rocé	279910	1.1466748	47.8118500
Pápa	1078479	17.4744889	47.3200985
Égat	54461	2.0167997	42.5010448
Pías	340038	-6.9741223	42.0964668
Orés	342433	-1.0109805	42.2528328
Àger	348146	0.7367100	42.0022003
Égly	280578	2.2187221	48.5779010
Legé	78849	-1.5747600	46.9027331
Moià	340374	2.1044242	41.8197732
Iraí	242327	-53.2360751	-27.2546894
Jóia	242614	-54.1823386	-28.7413116
Brée	919502	-0.5168184	48.1569327
Ruše	1676300	15.4921097	46.5195951
Makó	1025047	20.5610176	46.2900715
Agón	347579	-1.4325492	41.8465423
Sacé	936962	-0.6944539	48.1794808
Añe	345706	-4.2932314	41.0356935
Röhl	1152666	6.5941543	49.9442422
Gavà	342072	1.9503922	41.2938613
Ónod	1440862	20.9040778	48.0056538
Odèn	346687	1.4503494	42.1288885
Taió	296757	-50.1042375	-27.0910000
Hévíz	1360478	17.1856900	46.7989265
Köröm	1440875	20.9616530	47.9858207
Fáj	1317819	21.0696641	48.4130834
Bóly	575176	18.5278050	45.9526923
Füzér	1431968	21.4490103	48.5454860
Mád	1433792	21.2993422	48.2082305
Kány	1317764	21.0182495	48.5124955
Gömörszőlős	1418045	20.4300097	48.3804254
Méra	1317777	21.1394435	48.3600942
Büttös	1317805	21.0206215	48.4841648
Arló	1426685	20.2847566	48.1580638
Dövény	1418040	20.5339515	48.3441040
Tauá	302466	-40.3158611	-5.8765000
Le Bô	183935	-0.4415966	48.9060713
Mañón	341952	-7.7250322	43.6696234
Sály	1418456	20.6602278	47.9505616
Léh	1391175	20.9821280	48.2935104
Sáta	1428542	20.3753315	48.1911036
Orfű	575261	18.1617569	46.1473139
Börm	1157658	9.3676512	54.4051352
Jaén	348998	-3.4920557	37.9557275
Obón	347534	-0.7295879	40.9043504
Réal	2829664	2.1471664	42.6402281
Merì	39560	15.2582005	38.1618278
Uruçuí	302647	-44.5748709	-7.7970001
Zanè	45862	11.4471198	45.7213181
Garé	575178	18.2051376	45.9215515
Torà	347643	1.4460404	41.8409341
Issé	179313	-1.4626053	47.6218396
Áta	575122	18.2829499	45.9367507
Çaro	168595	-1.2226609	43.1489923
Bár	575119	18.7174519	46.0560185
Bié	1802541	17.4136822	-12.4415279
Kővágótöttös	575208	18.1012514	46.0862756
Gyód	575280	18.1757513	46.0023369
Kórós	575141	18.0696784	45.8706500
Piên	297664	-49.4396945	-26.0680000
Uraí	297592	-50.8343786	-23.2084058
Ivaí	297746	-50.8564067	-24.9958757
Palé	575145	18.0638491	46.2591503
Máza	575162	18.3989310	46.2600972
Mérk	1452135	22.3853760	47.7927042
Verê	297842	-52.9398446	-25.8486341
Böel	1149232	9.7068350	54.6460065
Söjtör	1356973	16.8654667	46.6760297
Vékény	575236	18.3416802	46.2566929
Böde	1315858	16.7227006	46.8375822
Arén	340016	0.6688543	42.2932770
Fanø	6125571	8.4251291	55.4048312
Gyűrűs	1359850	16.9972065	46.8892188
Avià	347958	1.8250670	42.0647530
Dötk	1359704	17.0044651	46.9421922
Páka	1320797	16.6584744	46.5865036
Adé	162616	-0.0260601	43.1442720
Ueß	1075149	6.9285255	50.2574048
Řetová	440539	16.3839118	49.9472653
Rosà	45806	11.7513301	45.7162367
Rubí	344200	2.0204185	41.5024719
Déou	6193126	-0.7190716	14.5923268
Hône	45468	7.7260348	45.6109957
Osík	441877	16.2832752	49.8467945
Márkó	1078444	17.8142521	47.1426067
Ocón	341356	-2.1964184	42.2987600
Alió	346862	1.3047386	41.3002528
Sásd	575116	18.0940159	46.2537699
Mánd	1452449	22.6097781	47.9983601
Łuków	3101311	22.3727304	51.9250640
Łuków	3101313	22.3727304	51.9250640
Mudá	343571	-4.3972151	42.8765998
Bököny	1447633	21.7428046	47.7498933
Jánd	1452451	22.3913224	48.1107169
Lärz	1424154	12.7303304	53.2756017
Muíños	344801	-7.9800074	41.9368705
Toén	345508	-7.9603721	42.3051282
Rönök	1131480	16.3625835	46.9863153
Jásd	1078575	18.0232073	47.2868476
Döge	1453526	22.0614264	48.2665238
Ömböly	1452156	22.2106804	47.6847515
Jéke	1453878	22.1498735	48.2393921
Erbè	44471	10.9642709	45.2399250
Ascó	346863	0.5540535	41.1671187
Magé	2220786	-43.1090556	-22.6051660
Sapé	301300	-35.1912929	-7.0604829
Iván	1430601	16.9160506	47.4510705
Kökény	575373	18.2155328	45.9928040
Tefé	332487	-65.5747819	-4.4085000
Ráby	440301	15.8104092	50.0767073
Nížkov	441737	15.8038151	49.5382461
Rožná	441600	16.2374307	49.4863584
Coín	341069	-4.7642042	36.6716243
Teià	343672	2.3213030	41.5010367
Skřinářov	441610	16.1756502	49.3609178
Jámy	441719	15.9976341	49.5342822
Jívoví	441715	16.0973330	49.4112274
Ullà	343314	3.1049932	42.0522088
Artà	347552	3.3134904	39.7149906
Lodè	40593	9.5681668	40.5936033
Juià	340347	2.9069564	42.0089827
Palù	44752	11.1215841	45.3287223
Tököl	222331	18.9599282	47.3201614
Baté	1367859	17.9556593	46.3707672
Fonó	1368059	17.9540905	46.3934497
Bělčice	438813	13.8790744	49.4938964
Alì	39493	15.4068235	38.0431896
Vése	1368057	17.2833798	46.4009218
Luká	438487	16.9433500	49.6613171
Číčenice	438801	14.2432901	49.1472224
Chuí	242755	-53.4085771	-33.6534754
Vízvár	1368089	17.2492006	46.1007668
Ouèssè	2860041	2.5255216	8.4455700
Şarköy	1771128	27.1316575	40.6799789
Yalí	1307256	-74.7527693	6.7180045
Ocós	4478059	-92.1456738	14.5506584
Pachalik de Témara باشوية تمارة	5130673	-6.9133406	33.9224683
Çine	1812967	28.0833569	37.6134359
Comé	2946422	1.9087139	6.4318053
Söke	1612669	27.4535511	37.6766950
Bembéréké	2859960	2.7588371	10.2539588
Savè	2860042	2.5417577	7.9852169
Köse	1835702	39.6852078	40.2020153
Kürtün	1835703	39.0052169	40.6265555
Afgooye أفجوي	1720070	44.9969419	2.2354874
Bắc Kạn	7111239	105.8448032	22.1321485
Tibú	2884601	-72.7970818	8.6958373
Şişli	1765896	28.9842605	41.0616719
Kaş	1727265	29.6028134	36.3750900
Caué	4779080	6.5965111	0.1435745
Pobè	2945790	2.6830672	7.0588407
İnegöl	1273938	29.5249458	40.0203043
Çal	1606205	29.3981482	38.0434416
Pachalik d'El Kelâat Es-Sraghna باشوية قلعة السراغنة	5179037	-7.4006645	32.0491192
Şile	1275310	29.6423783	41.0919851
Pülümür	1829329	39.9709891	39.4637948
Anzá	1343267	-75.9178133	6.3150929
Covè	2946030	2.2989273	7.2999575
Burco برعو	1720086	45.7349589	9.2049999
Taleex تلأ ح	1720135	48.5702271	9.3205013
Gümüşhacıköy	1724394	35.1934062	40.8891564
Gölköy	1839060	37.5845774	40.6543239
Güce	1835988	38.8635879	40.7429466
Düzköy	1236145	39.3918670	40.8370694
Ulaş	1742199	37.1290073	39.4172993
Çınar	1404649	40.2278184	37.6632053
Genç	1836192	40.5791407	38.6729731
Akçadağ	1826235	37.8483613	38.3698369
Köprüköy	1832469	41.9070327	39.9227913
Hınıs	1831341	41.6401515	39.3592425
Çat	1832479	40.8696567	39.5981846
Río Iró	1306998	-76.4752993	5.1673286
Pachalik d'Al Hoceima باشوية الحسيمة	4811470	-3.9432674	35.2361472
Rīga	1554509	24.1665985	56.9716561
Pachalik de Laâyoune باشوية العيون	5197626	-13.1819920	27.1397383
Cercle de Sidi Slimane دائرة سيدي سليمان	4830143	-5.9385399	34.2831534
Göle	1651532	42.6139002	40.8286705
León	5605977	-101.6476423	21.0973352
Göynük	1392574	30.8335574	40.3253621
Çan	1816958	26.9679901	39.9833042
Başmakçı	1263748	30.0480328	37.8872991
Güdül	1739269	32.2329748	40.2124497
Ayaş	1710801	32.2383537	40.0255909
Mihalıççık	1238921	31.5813919	39.8458973
Kınık	1820958	27.3849849	39.0461040
Foça	1268452	26.8553069	38.6702348
Ingå	36103	24.0442221	59.9505706
Drážov	438782	13.7226843	49.1624116
Föhr	3352541	8.4957628	54.7173519
Ják	1131670	16.5685931	47.1393978
Hács	1368011	17.6957526	46.6381884
Časy	439990	15.8978760	50.0682254
Göda	1309677	14.3003343	51.1874762
Eišiškės	1584267	24.9995911	54.1744336
Stříbřec	437486	14.8828194	49.0167853
Vydří	437308	14.9475190	49.0949237
Šišma	438023	17.5822295	49.4723237
Csót	1078469	17.6126428	47.3637516
Lókút	1078547	17.8563051	47.1977019
Nóráp	1078518	17.4565796	47.2777910
Rátót	1131365	16.4253894	46.9660622
Béb	1078449	17.5863171	47.3360778
Köhn	176740	10.4471481	54.3412623
Ojén	345095	-4.8453009	36.5653150
Sükösd	1130330	18.9795905	46.3120315
Káld	1131412	17.0186002	47.1495620
Lubě	441751	16.5264348	49.3916541
Élan	3287524	4.7535281	49.6568694
Bögöt	1131462	16.8257813	47.2495768
Küngös	1078433	18.1638595	47.0696735
Vöröstó	1078522	17.7205187	46.9730416
Szőc	1078504	17.5130929	47.0171026
Cák	1131570	16.5117213	47.3601767
Uşak	223170	29.3240709	38.5486628
Laç	1248928	19.7066871	41.6357275
Lócs	1131468	16.8089442	47.4084489
Catí	344856	0.0064353	40.4583515
Mâle	1102950	0.7586810	48.2757718
Łask	2919499	19.1496228	51.6016739
Gönyű	1440652	17.8155014	47.7202625
Tovéř	438779	17.3238750	49.6383419
Řípec	438611	14.7309998	49.2159052
Úsilné	437793	14.5055834	49.0093948
Ócsa	214784	19.2595627	47.2868931
Plužná	441943	14.7999363	50.4751678
León	339984	-5.5631536	42.5932467
Cikó	1501301	18.5617016	46.2543692
Dömös	1027819	18.9007659	47.7505575
Gyál	1385739	19.2243157	47.3700304
Bősárkány	1483310	17.2244917	47.6923464
Csér	1430595	16.9273956	47.4202229
Peč	438465	15.3855592	49.0599953
Újkér	1430604	16.8403743	47.4713012
Seč	439966	15.6451595	49.8401613
Bőny	1440654	17.8446591	47.6520213
Örkény	1356711	19.4270372	47.1269539
Úsobí	440445	15.5172927	49.5113363
Snět	441462	15.2256064	49.6275874
Obořiště	441360	14.1520288	49.7453262
Aín	344299	-0.3531039	39.8925660
Rabí	438216	13.6258305	49.2829820
Švábov	440423	15.3555410	49.3038418
Páli	1483317	17.1688660	47.4714057
Ñuñoa	162993	-70.6006000	-33.4543015
Strážný	438080	13.6911245	48.9151821
Lázi	1440704	17.8374961	47.4675068
Gyóró	1430596	17.0333161	47.4988298
Pöytyä	2379143	22.5355711	60.7895173
Pásztó	1417422	19.7304076	47.9065955
Vèze	1999587	2.9791946	45.2795215
Lübs	1408067	13.8788367	53.7109129
Bílčice	439385	17.5621598	49.8660294
Tálín	437211	14.2207325	49.2519080
Şırnak	223438	42.5882870	37.4377720
Hať	437722	18.2464905	49.9518905
Sány	437292	15.2448557	50.1166369
Csömör	1390432	19.2044719	47.5590570
Návsí	437839	18.7481976	49.5861007
Sóskút	113460	18.8278593	47.4061776
Caçu	334428	-51.1198645	-18.7351829
Süßen	2792112	9.7372378	48.6707866
Líský	440987	13.9290123	50.2502922
Díly	439257	12.7924869	49.4466468
Baní	7394782	-70.3695387	18.3510924
Zbýšov	442495	16.3530889	49.1542915
Okoř	442220	14.2514343	50.1644086
Dubá	440204	14.5292283	50.5480692
Kára	1367937	18.0086759	46.6214786
Cère	1782702	-0.5474018	43.9931075
Žižice	440997	14.1560205	50.2461938
Hüde	1665294	8.3542104	52.5045331
Jičíněves	440051	15.3266895	50.3616586
Lórév	222338	18.9037270	47.1188899
Léon	75858	-1.2730969	43.8473929
Xaló	346030	-0.0306258	38.7139358
Žehuň	441531	15.2934671	50.1398018
Neděliště	436614	15.7806959	50.2780142
Boháňka	440055	15.7027413	50.3647118
Sződ	1375511	19.1895344	47.7054593
Tápiószőlős	1323404	19.8532622	47.2886691
Světí	439077	15.7793722	50.2550059
Vönöck	1132224	17.1538729	47.3266676
Kóka	1379827	19.5819813	47.4913709
Pánd	1323379	19.6320868	47.3340337
Tésa	1360849	18.8409740	48.0309925
Dány	1379823	19.5128751	47.5160366
Csörög	1375470	19.1935506	47.7343836
Tömörd	1131440	16.6725241	47.3657732
Bäk	1470112	10.7903015	53.7238690
Rád	1375471	19.2310727	47.7813358
Chomýž	437389	17.6493109	49.3595426
Čkyně	437244	13.8085516	49.1155164
Góra	2050153	16.5514077	51.6703924
Kęty	2763101	19.2121302	49.8796208
Hošťálková	437095	17.8525178	49.3505927
Káva	1323377	19.5909564	47.3376691
Pähl	936870	11.1866467	47.9197637
Gené	1249433	-0.8027701	47.6315550
Ács	1027798	17.9766327	47.7058697
Žítková	437167	17.8853067	48.9791408
Úmonín	441844	15.2676159	49.8741610
Křišťanov	437996	14.0244896	48.9109181
Ktiš	437221	14.1215737	48.9216033
Češov	440044	15.3576803	50.3396675
Togüí	1306572	-73.4964349	5.9170442
Zběšičky	437207	14.4311453	49.3951831
Hraběšín	441797	15.3355770	49.8535938
Nałęczów	3125310	22.2112463	51.2811024
Bdín	440878	13.8595148	50.2154527
Míšov	438164	13.7359769	49.6169952
Afuá	185616	-50.7412555	-0.2395001
Pleß	958622	10.1631971	48.1020673
Nöda	2411245	11.0215317	51.0730162
Föglö	2587475	20.3969708	59.8188598
Pöhl	446589	12.2133149	50.5540666
Gołańcz	2716794	17.3062195	52.9510902
Páhi	1130352	19.4062063	46.7103879
Výškov	436578	13.6747077	50.4077452
Floß	1059461	12.2703029	49.7269767
Kál	1418108	20.2991986	47.7210171
Bodó	301127	-36.4296718	-5.9423599
Pukë	1248300	19.8971947	42.0334405
Vårdö	2587480	20.4552716	60.2823851
Říkov	440608	16.0232092	50.3798337
Šumná	438694	15.8892147	48.9306342
Vécs	1417302	20.1657525	47.7983592
Etu-Töölö	184727	24.9102225	60.1742308
Értény	1503178	18.1417614	46.6181581
Řeka	437848	18.5809059	49.6226007
Ivád	1401773	20.0315993	48.0289975
Žárovná	437228	13.9002799	49.0512252
Åhus	2897498	14.2920554	55.9266940
Átány	1323524	20.3592494	47.6201494
Grän	37842	10.5615010	47.4988888
Řepín	437590	14.6275126	50.3762376
Flå	412359	9.5403715	60.4343237
Bodø	409037	13.9154420	67.3094783
Vågsøy	409086	4.8672524	62.0194874
Gorë	6929168	20.6878634	41.9788392
Råde	406089	10.8423126	59.3316717
Békési járás	2374330	21.0711748	46.8277297
Åmot	410885	11.6052056	61.2611779
Nærøy	407179	11.8034364	64.8876055
Åmli	406030	8.3241201	58.7996896
Kémo	2954782	19.1448017	5.7275950
Žákava	438116	13.5363319	49.6282470
Pšov	436957	13.2073743	50.0389976
Tác	1402812	18.4215678	47.0810784
Lijó	4058003	-8.6088903	41.5710577
Uíge	422659	15.3871469	-7.1266135
Csór	1361442	18.2767200	47.2035779
Gánt	1321964	18.3827644	47.4171303
Žebrák	441983	13.8890411	49.8720315
Přívětice	439815	13.6531469	49.8226138
Cirò	39901	17.0332918	39.3836267
Łapy	1423551	22.8856531	52.9938871
Dubí	439348	13.7902124	50.6926757
Sátão	5330119	-7.6699482	40.7778263
Ždánov	439122	12.8560211	49.4658812
Sirá	439782	13.7375998	49.8173692
A Rúa	339840	-7.1209394	42.4165045
Füle	1458114	18.2387566	47.0578490
Dég	1403020	18.4268009	46.8799995
Újiráz	1413580	21.3674053	47.0090790
Điện Biên Phủ	6932526	103.0566612	21.4113161
Lipí	437679	14.3658453	48.9481049
Maré	379254	167.9841081	-21.5037598
Yaté	378409	166.7466660	-22.0857856
Mány	1380009	18.6559993	47.5360700
Tisá	440265	14.0241654	50.7857305
Ożarów	2966066	21.6625113	50.8861097
Séno	2916146	-0.0992076	13.9950800
Ingá	301339	-35.6350155	-7.2893178
Kétpó	1315882	20.4602196	47.0630969
Söréd	1369093	18.2832421	47.3235812
Třebihošť	440103	15.7124310	50.4367482
Stáj	441178	15.8063575	49.4571937
Příšovice	438979	15.0808052	50.5772941
Süttő	1607359	18.4536923	47.7170872
Vražné	436989	17.8483608	49.6237880
Tépe	1443817	21.5769013	47.3083402
Rybí	437961	18.0719589	49.5929230
Mêda	5331734	-7.2517584	40.9303939
Ászár	1027831	18.0023598	47.5188230
Ypäjä	2510290	23.2747640	60.8017107
Łazy	2838656	19.3956483	50.4247482
Łazy	6109476	16.5478666	51.5011124
Fülöp	1447720	22.0680986	47.6226450
Łużna	6098422	21.0488757	49.7136499
Góis	5395070	-8.1138262	40.0865489
Csép	1027758	18.0737243	47.5785737
Airó	4053158	-8.5572065	41.5133869
Üllés	1025041	19.8136856	46.3493449
Réde	1027814	17.9387697	47.4170981
Göhl	382417	10.9657327	54.2787124
Różan	3136411	21.3856837	52.8890643
Öttömös	1025081	19.6754382	46.2686811
Bühl	1188919	8.1240297	48.6928410
Epöl	1027775	18.6537817	47.6409921
Csém	1027759	18.0797614	47.6849241
Buš	442226	14.3840328	49.7991564
Nam Định	7128027	106.1645911	20.4177695
Ouémé	2848208	2.5676836	6.5779084
Pezë	1250115	19.7192764	41.2068323
Dóc	1025073	20.1479174	46.4514058
Itaú	301158	-37.9097490	-5.8002522
Bér	1370514	19.5000398	47.8746345
Núñez	2222173	-58.4610685	-34.5427794
Nyék	5802617	18.9790908	47.5400090
Bánk	1322028	19.1762400	47.9281970
Chrášťany	436147	14.5673936	49.7876624
Lőkösháza	1026178	21.2557860	46.4358047
Höri	1682146	8.5007134	47.5079849
Hải Dương	7131264	106.3274680	20.9405030
Örsöd	2714011	18.9863879	47.4551969
Věžky	438206	17.4214958	49.4049350
Koné	378670	164.9156218	-21.0377680
Saül	1663807	-53.3559883	3.8199491
Tam Điệp	7126369	105.8757042	20.1605017
Iúna	1829623	-41.7826308	-20.3554439
Apuí	332502	-59.4399405	-7.5912849
Cẩm Phả	7133870	107.2871258	21.0612888
Zhoř	436854	16.4781450	49.4181710
Tadó	1350432	-76.3796930	5.2672548
Němčičky	442547	16.5142643	49.0509195
Bílá Hlína	441936	14.9034565	50.5249547
Dág	1027830	18.7181399	47.6587015
Meziříčko	428070	15.8289478	49.4050115
Łódź-Bałuty	2376927	19.4209431	51.8182472
Nghĩa Lộ	7097596	104.5037744	21.5984224
Sipí	1309475	-76.5220802	4.5653723
Meziříčko	428057	15.6574392	49.1093314
Římov	442573	15.7419779	49.1745986
Římov	437672	14.4984566	48.8599719
Laxá	7419437	-17.2301223	65.7280686
Våja	6319672	10.7101389	60.3373499
Grøa	6317979	10.7184315	60.3282549
Maap′	3819417	138.2905870	9.6729999
Ånøya	5277706	10.1485828	63.2108129
Żebbuġ	7508584	14.2465159	36.0660147
Una / Уна	1269619	15.9718358	44.6741078
Öxsjön	2384072	12.2893690	57.7319543
Ören	253796	12.5993054	57.8125480
Rösjön	7374513	13.3811053	58.2564892
Öresjö	4199089	12.1727943	58.2728583
Rösjön	110070	17.9953083	59.4447099
Ören	64380	14.5770052	57.9728749
Örsjön	2739356	13.9404551	56.4693890
Tåsjön	7634181	12.9419094	60.8717179
Hồ Quần Ngựa	2334040	106.6920624	20.8502734
Ösjön	77705	15.5812107	60.4937000
Sajó	4705324	21.0456289	47.9586773
Уна / Una	1269769	16.2721896	44.9894906
Una / Уна	1269640	15.8584683	44.8285561
Kétté	3818807	14.4834532	4.7660117
R2	1624138	75.1093293	12.2890700
Mbé	3817804	13.5407926	7.7717923
Mező-tó	7747884	18.1349047	47.4899562
Kääntöjärvi	6577956	21.8433750	67.3663750
Łazy	4847939	18.8849814	49.8244223
Örsjön	7701758	13.1695022	57.1267265
Skærsø	1904587	9.4357298	55.5637166
Aghouatim اغواطيم	5177003	-7.9345930	31.3746332
Åsjön	6046432	15.2796256	56.3208049
Försjö	3481987	16.2048121	57.1772830
Örsjön	7320084	15.7182949	57.4824594
Åmen	5265238	15.3742537	56.9706975
Mäen	7558182	13.5599584	56.6927295
Emån	3885557	15.0774160	57.4022761
Codó	332990	-43.9260362	-4.6195912
Lakhoualqa لخوالقة	2827879	-8.3647406	32.0618445
Labkhati لبخاتي	2827833	-8.6763646	32.4093150
Lamsabih لمصابح	2827887	-8.6595361	32.2937081
Kąty	6786130	23.5447767	51.9357957
Rösjön	3732674	15.1637738	58.6746230
Ösjön	4204272	15.6947781	58.6341387
Öjen	2518017	17.2795672	62.2328584
Vääräjärvi	7258151	28.8394843	61.4148749
Ören	3150827	15.7269687	57.8201249
Vääräjärvi	3488035	26.4198914	61.1999612
Vääräjärvi	3637117	27.0017111	61.1530667
Vääräjärvi	5669771	27.0869473	61.4339804
Itaí	298224	-49.0379321	-23.4741479
Radošić	2815163	16.3140605	43.6063549
V.-tó	7083806	19.0945374	47.2519034
Erőmű-tó	7669083	18.6427684	47.4641321
Ługi	6202753	16.7525750	51.5310407
Alsó-öböl	7174157	18.9625828	47.7776984
Kígyós-tó	4008186	19.3089904	46.0913153
Öregtó	7744009	18.3103661	47.5139257
Táta	4296183	14.9662252	49.3061751
Ipuã	298052	-48.0535644	-20.4106764
Avaí	298324	-49.3201934	-22.1930000
Itín	1647001	-61.3235868	-27.4865622
Aquouass Briech أقواس برييش	2752817	-5.9696657	35.5518332
Bouchaouene بوشاوون	2527826	-2.9729118	32.7927756
Ösjön	4363091	14.6997131	59.8096669
Håen	4540236	11.4547252	62.8159677
Mauá	297922	-46.4394452	-23.6669694
Óleo	297997	-49.3932692	-22.9720001
Iepê	297973	-51.0585527	-22.6325000
Borá	298358	-50.5135007	-22.2425001
Örsjön	7636216	12.8112422	60.9147699
Gösjön	287540	13.1596190	59.5496007
Örsjön	1121619	15.9910857	62.5696951
Åsjön	3900378	20.8241145	64.0242606
Ösjön	77104	14.5493229	60.6861250
Enån	1114254	15.1340498	60.8911020
Håen	5274908	10.5536275	63.1053269
Vääräjärvi	1343085	25.8364932	62.2692924
Önsjön	4166796	15.1447517	63.1879635
Öjsjön	2373104	15.0956243	63.4304687
Ösjön	7526180	16.8807452	59.1297184
Dørsjø	6377867	9.8634282	59.5514952
Iväg	158496	12.1893499	58.8996766
Töck	3386414	11.7941623	59.5062356
Uauá	362384	-39.4732427	-9.9171432
Stróża	6376486	16.6787374	51.0056613
Łęki Górne	5386756	19.4861811	52.1625317
Białęgi	7759533	17.0035452	52.6165394
Białężyn	7759541	16.9795284	52.6274022
Rösjön	3416847	15.2902149	58.9944471
Tupã	298164	-50.5481684	-21.9605001
Różyce	3949980	19.9795708	52.2212662
Iły	3337612	21.6059486	52.5275182
Cipó	362542	-38.5044280	-11.1114521
Iaçu	362152	-40.1541530	-12.8074013
Kąty	6227447	19.9599304	50.8007342
Błędówko	2776781	20.6586379	52.5175765
Błędowo	2776780	20.6765634	52.5347829
Okrągła	6521831	21.3133565	50.4604274
Taghbalte تغبالت	2884903	-5.3152750	30.5744771
Zaouiat Sidi Hamza زاوية سيدي حمزة	2827131	-4.6792668	32.4412076
Zaitoune زيتون	2480068	-5.3469406	35.4929884
H'Ssyia حصيا	2884881	-5.1547965	30.7245957
Mezguita مزكيطة	2884948	-6.3706772	30.6859986
Aião	5837274	-8.1971856	41.3025429
Gião	5989548	-8.6771389	41.3110373
Gême	4161488	-8.4266960	41.6642483
Chão	6458523	-8.4088508	39.7163565
Sátão	6412553	-7.7499460	40.7458813
Cujó	6338921	-7.8314565	40.9457756
Mões	6338925	-7.8832948	40.8612319
Góis	6553367	-8.1244419	40.1401894
Oiã	6022043	-8.5383804	40.5366985
Okrągłe	6856222	20.0103277	53.4185015
Ruś Mała	6835965	19.9701874	53.7299957
Météo	5850852	27.4266281	-11.6391280
Ösjön	2668316	16.0160923	60.0507328
Ösjön	3666150	15.1787401	62.8627311
Mæna	4033206	10.4659966	60.4477277
Fezouane فزوان	2457840	-2.2329938	34.9040490
Kasbat Troch قصبة الطرش	2879653	-6.5842838	32.9324452
Ameur عامر	5129977	-6.6635076	34.0921705
Bruçó	5718023	-6.6915708	41.2408410
Pęgów	2847589	16.9286670	51.2486100
Ślęza	6374761	16.9934148	51.0342987
Łany	6373713	17.1619160	51.0879221
Ręków	6376519	16.8332289	50.9227908
Góra	7754309	16.6425128	52.4813220
Łoje	2581812	21.7231980	51.5589000
Łoje	7244598	22.5790187	54.2719456
Malý písečák	2923136	15.0807806	50.5662728
Ślizów	6252506	17.7248572	51.2637944
Sęgów	7109050	17.6897805	50.6767984
Rożnów	6405607	17.2128550	50.6984941
Ośno	6405930	17.1544907	50.8523678
Biały Kościół	6405672	17.0401012	50.7331453
Głęboka	6405686	17.1379320	50.7749329
Pęcz	6405698	17.0370002	50.7904495
Kąty	4029359	17.9608017	53.8928591
Bożków	6410512	16.5703760	50.5138990
Bożków	7211762	16.5504065	50.5128130
Żdanów	6407595	16.6578932	50.5580155
Głęboka	6407885	17.0572139	50.5175181
Sárvíz-tó	3463535	16.7419107	46.9594873
Kám	1131429	16.8808432	47.1012479
Öksjö	1580602	23.4986880	60.1503731
El Gantour الڭنطور	2827886	-8.4567617	32.2279790
Bni Idder بني يدر	2563438	-5.5281065	35.4355925
Amouguer اموكر	2827144	-4.8608119	32.2682769
Bou Azmou بوازمو	2827183	-5.5026713	32.0282820
Stróża	6564048	21.6446587	50.8995323
Vääräjärvi	2017473	23.8489774	61.5774288
Łazy	6856382	22.6992255	53.4679484
V. tó	1756212	21.0811620	47.6431655
Płośnia	6505909	20.8974145	50.6327770
Góra	2767879	20.7735498	52.4435147
Lamssid لمسيد	3665498	-13.4813136	26.1005339
Öjen	106664	13.8661517	60.7733795
Maatarka معتركة	2527823	-2.5026608	33.2292231
Tamanarte تمنارت	2885846	-8.9228719	29.1574849
Taouloukoult تاولوكلت	2820958	-9.1051595	31.2152248
Tidzi تدزي	2820942	-9.6602150	31.2691794
Korimate كريمات	2820957	-9.2664557	31.4584745
Sąpy	6817825	19.6770071	53.7073812
Miré	166133	-0.4896567	47.7641530
Pöllä	7712825	27.6709392	65.5755076
Vääräjärvi	129425	28.2243571	66.3943750
Čuđejávri	7244058	24.0732811	69.2651303
Rássášjávri	7206565	23.4587298	69.2101267
Ávjášjávri	7192188	22.9572501	69.1036399
Đông Hiệp	7148210	105.4997341	10.0698128
Đông Thắng	7148211	105.4618669	10.0820615
Phường 3	6856465	106.6458964	10.7423166
Phường 9	6846117	106.6406239	10.7519248
Xã Phú Hòa Đông	7627379	106.5634020	11.0249786
Liêu Tú	7149406	106.1159452	9.4808089
Mabú	4468389	-65.8379088	18.1646066
Maná	4468358	-66.3126844	18.2626927
Anón	4467898	-66.5953400	18.1414587
Caño	4467734	-66.9024532	17.9941062
l1	7824484	19.0496571	-5.6260707
Hîrbovăț	1376945	29.3523707	46.8482662
Baré	3834327	10.0166753	4.9827046
Güel	3842810	-78.7705091	-3.0198420
Awaé	3822512	11.9014294	3.8879993
Niété	3829449	10.1294945	2.7491635
우이동 (Ui-dong)	3883106	127.0020937	37.6633763
성수동 (Seongsu)	3882066	127.0448736	37.5412066
Barú	7370992	-83.8120064	9.3203110
Ipís	5413777	-84.0219140	9.9639319
Pará	5729365	-84.0371521	10.0041400
Jacó	5720534	-84.5951578	9.6195471
Cañi	3728377	-78.9698647	-1.8083216
Pétté	3750669	14.5500312	10.9441462
Guéré	3753373	15.3222796	10.1164404
Guémé	3753352	15.1073525	10.4332399
Ölen	2851579	14.5164480	59.2187914
Örsjön	4082219	12.3010985	58.6617880
İğdelikışla	6777116	34.7395338	38.8986419
Göynük	6776517	34.9273932	38.8109513
Üçkuyu	6777196	34.9709073	39.0480105
Hồ Suối Nứa	6566451	106.4518162	21.3911032
Žukų ež.	4762148	22.2847547	55.1156791
Fakiuşağı	1773429	34.3118372	38.7939083
İnallı	1773567	34.4935000	38.5910579
Göre	1774220	34.7039175	38.5608788
Çat	1774230	34.6440511	38.6818279
Özlüce	1773592	34.6724802	38.4691907
Kayı	1773710	34.5105873	38.9382957
Aylı	1773768	34.7879342	39.1804471
Özce	1773791	34.6302101	39.3441232
Кевљани / Kevljani	5744419	16.8643970	44.9140381
Трнопоље / Trnopolje	5737051	16.8105918	44.9372165
Una / Уна	1269636	15.8815520	44.8038732
Una / Уна	1269656	15.8959975	44.8816888
Una / Уна	1269657	15.9309389	44.8961691
Una / Уна	1269581	16.0983958	44.5655262
Una / Уна	1269658	15.9593445	44.9070054
Una / Уна	1269642	15.8494973	44.8479968
Una / Уна	1269639	15.8723497	44.8140806
Una / Уна	1269644	15.8870897	44.8653382
Una / Уна	1269659	15.9961663	44.9024600
Una / Уна	1269580	16.1272050	44.5123903
Łaźno	77482	22.2113392	54.0919334
Arıt	1423795	32.6361442	41.6868136
Лена 63.76-64.02N	178820	127.4743233	63.8907955
Vėžaičiai	7783338	21.4808879	55.7153510
Biđ	3545220	18.1886385	45.1471334
Icém	298531	-49.1819891	-20.3656422
Hvítá	49130	-20.4131084	64.1453651
Ljósá	2402126	-7.0323024	62.2635156
Eiði	2402123	-7.0611194	62.3016331
Kvívík	2113988	-7.0799167	62.1420044
Hósvík	2113984	-6.9668273	62.1508026
Múli	2359150	-6.5829183	62.3331025
Tías	345435	-13.6627473	28.9607422
Věžky	437357	17.2821812	49.2858422
Kožlí	440720	15.2436029	49.6760855
Öcsöd	1319849	20.3780806	46.8804294
Boké	3309644	-14.3098886	11.2421312
Inzá	1473614	-76.0988383	2.4978168
Pári	1503175	18.2543883	46.5964203
Němčičky	438667	16.1012259	48.9416891
Ždírec	436924	15.6755881	49.4529527
Gorë	1252566	20.5368048	40.7547614
Maní	5961515	-89.3752579	20.3901397
Łańcuchów	5403264	22.9227815	51.2582356
Lány	441440	13.9199041	50.1050283
Zhoř	436913	15.7650499	49.4429062
Pęzy	7070200	22.7107159	52.9577050
Province de Driouch إقليم الدريوش	2429544	-3.5435547	34.9147566
Ndé	2751228	10.5979918	5.0401584
Lípa	440679	15.5375830	49.5544580
Kotë	1255528	19.5963975	40.3916138
Bogø	5175942	12.0430102	54.9256939
Němčice	442537	16.3467400	49.8978438
Gdów	3335215	20.2026675	49.9047350
Želeč	436504	14.6440803	49.3200626
Kapłań	7046320	22.4626772	52.7861164
Němčice	437697	14.9275376	50.3482033
Čistá	436121	14.8380467	50.4747697
Lány	440519	15.7149920	49.7579965
Čistá	436702	16.3447001	49.8157201
Gosë	1250102	19.5118595	41.0549255
Ždírec	436728	15.6420531	49.6321704
Fejø	5325755	11.4010497	54.9447941
Umán	5961579	-89.7679138	20.8471314
Chrášťany	436128	14.3780761	49.2793867
Němčice	442497	16.7046408	49.4461934
Ždírec	436514	14.6231050	50.5166012
Němčice	439986	15.8065456	50.0909095
Vážany	436828	16.6970924	49.5147933
Prostřední Poříčí	441786	16.4961384	49.5802122
Němčice	438095	13.7953562	49.1968649
Raná	436776	15.9525371	49.7934662
Horní Bělá	439689	13.2458411	49.8962745
Seč	440537	16.2994929	50.0258891
Lány	440233	15.7341878	49.9446996
Alès	2757991	4.1724629	44.2125695
Aspö	5885300	15.5389190	56.1142510
Almö	5885364	15.4391727	56.1479936
Grötö	5444112	11.3035660	58.3632323
Eknö	4775468	16.7091638	57.5989867
Smågö	7289634	16.6911302	57.8587594
Gräsö	6105923	18.4349861	60.4027200
Løvøya	2469163	10.4443721	59.4490492
Bærøy	5860456	9.4583098	58.8747463
Håøya	6215086	9.9519246	63.7380372
Måøya	6283125	8.6562110	63.8636307
Løvøya	6163916	6.5966656	62.6126761
Mahé	3442622	55.4927513	-4.6837956
Ridö	7846300	17.3922878	59.3331373
Vågsøy	7242971	5.0954907	61.9792271
Æsøya	5432202	4.9221624	61.4972139
Børøya	6237185	10.2915473	64.2578689
Sørøya	4108239	22.8618039	70.6707777
Værøya	6237189	10.0945720	64.1979617
Børøya	7848110	14.9433375	68.5696154
Sørvær	7509711	13.9012299	67.4020698
Tåa	5588218	13.4806989	68.1973151
Rødøya	7668201	13.0680352	66.6787725
Ra’iātea	2903810	-151.4483913	-16.8194183
Röyttä	4049750	25.2075600	65.2794276
Åstön	6106071	17.7072103	62.4120149
Vågön	7133866	18.8727333	63.1733099
Skåtøy	7668256	9.4849782	58.8558992
Bodö	3283252	25.4510954	60.1784560
Flötö	2707450	14.2234263	55.9472247
Dolní Bělá	439692	13.2760054	49.8984349
Hanö	5381309	14.8464369	56.0095385
Hương Thủy	7051221	107.6265451	16.3262554
Łyse	6921423	23.1080105	52.9088651
Čistá	436642	13.5617215	50.0360391
Seyé	5961539	-89.3551530	20.8488416
Česká Bříza	439693	13.4345568	49.8293195
Huhí	5961494	-89.1369264	20.6888359
Zbýšov	441830	15.3528288	49.8151782
Úžice	436167	14.9551571	49.8872679
Mouçós	4202147	-7.6849183	41.3212646
Dzán	5961483	-89.4705257	20.3970844
Słączno	6229282	17.1647380	51.5216224
Łużany	7009884	23.8321600	53.1486863
Ždírec	436620	13.5796928	49.5529735
Želeč	436816	17.1028656	49.3468421
Bỉm Sơn	7125704	105.8813726	20.0881155
Lípa	440897	17.7736282	49.1974323
Chrášťany	436174	14.9322996	50.0633154
Seč	439655	13.4969490	49.5873753
Chrášťany	436685	14.2559862	50.0475766
Stráž	436450	12.9059640	49.4085398
Němčice	438406	13.0735979	49.4242346
Němčice	442641	15.2990110	50.0792493
Lužná	436638	13.7820994	50.1326469
Farø	5175950	11.9902006	54.9500781
Vážany	436901	17.0412980	49.2395553
Chrášťany	436645	13.6824322	50.1505685
Phú Quý	7156000	108.9426960	10.5269948
Úžice	436082	14.3731438	50.2563420
Pęza	7086101	22.0589632	53.2350170
Höfe	1688586	8.7420962	47.1863766
Zbýšov	437204	16.8000230	49.1342243
Wołyńce	6833047	23.6285048	53.5830024
Dívčí Hrad	439402	17.6428004	50.2515642
Zhoř	436464	14.3828681	49.4917538
Stráž	436592	12.7823683	49.6499292
Němčice	437304	17.4920744	49.3595139
Vážany	437036	17.3110204	49.0352236
Raná	436556	13.7748506	50.4121228
Horní Němčí	437466	17.6334617	48.9251664
Säämäjärvi	1571326	33.1822109	61.9466521
Dźbów	2800125	19.0580901	50.7592848
Łany	6135131	20.1798115	50.5328837
Grūšlaukė	7313748	21.4086949	56.0772872
Hälsö	5463642	11.6524153	57.7348846
Kožlí	437213	14.1527596	49.5212188
Đồng Xoài	7091142	106.8455756	11.5183747
Němčičky	442542	16.8302160	48.9325127
Härämäe küla	353818	26.9974577	57.6939845
Šiba	2277762	21.2078222	49.2246343
Rīva	7787287	21.4032526	56.9083500
Pūre	7787310	22.9139051	57.0338570
Kočín - Lančár	2204219	17.6437136	48.6075263
Nižná	2204237	17.6534406	48.5279486
Šípkové	2204217	17.7158289	48.6615454
Tōri Chō	5891021	133.7962564	34.2913699
Ombú	5175860	-64.2187002	-31.3891032
Paúl	7412062	-2.9421872	42.7915815
Z3	7074020	-52.1612795	-31.6176922
Ipuã	5349639	-48.0535644	-20.4106764
Icém	5683124	-49.1819891	-20.3656422
Baú	7656775	-53.6623555	-31.4014308
Iruí	7341071	-52.5946227	-30.1979247
Itaó	7391014	-55.8278794	-29.2438200
Brás	2731074	-46.6162820	-23.5436210
Mauá	7500923	-53.2040634	-32.2265000
Borá	5683060	-50.5135007	-22.2425001
Ivaí	7839879	-54.9726429	-28.5153583
Imeľ	2218883	18.1421039	47.8991438
Iepê	5349629	-51.0585527	-22.6325000
Itaú	6236923	-37.9097490	-5.8002522
Óleo	5684974	-49.3565060	-22.9370310
Poço	6090394	-39.1620140	-12.3301643
Nagé	6167591	-38.9333261	-12.7393592
Köyliö	2385388	22.3735895	61.1302736
Baú	6116959	-45.7570877	-19.6478063
Afuá	6426091	-50.7412555	-0.2395001
Fălești	5673183	27.7107801	47.5723374
Méon	1775803	0.1144293	47.4712395
Jacú	6198559	-36.5497666	-8.0555713
Tupã	5683296	-50.5054489	-21.9388613
Iguá	4642643	-40.9803268	-14.9715983
Pará	6197126	-36.3674541	-7.8636460
Sauê	6190593	-35.2792146	-8.7478556
Pião	5172983	-46.3877207	-22.1200685
Iúna	1900784	-41.5284743	-20.3550161
Štôla	2275158	20.1327570	49.0963517
Nižná	2167089	19.5069117	49.3183783
Píla	2207091	17.3285219	48.3923263
Hrubý Šúr	2207325	17.4150639	48.1703592
Košúty	2205575	17.6550462	48.1750504
Veľká Mača	2205589	17.6924901	48.2420935
Leľa	2218517	18.7781707	47.8556955
Nána	2218533	18.6884444	47.8217241
Čab	2210199	17.9972328	48.3993051
Báb	2210157	17.8711737	48.2997745
Plášťovce	2217954	18.9922615	48.1619615
Veľký Kýr	2218528	18.1457344	48.1767650
Žaškov	2149417	19.2212472	49.1658535
Bühl	4557362	9.0054048	48.4709843
Avaí	5683043	-49.3515498	-22.1815330
Avaí	3011419	-49.2616682	-22.1930283
Pažiť	2186311	18.4547187	48.6228759
Dolná Súča	1796215	18.0278833	48.9710562
Horná Súča	1796217	17.9523126	48.9828332
Lúka	2190405	17.9064633	48.6704364
Šišov	2189551	18.1772256	48.6599451
Šípkov	2189553	18.2997463	48.8614442
Seč	2187785	18.5092170	48.8327812
Koš	2187764	18.5845248	48.7362643
Dlžín	2187755	18.5217046	48.8184474
Bühl	6341600	8.1355535	48.6935769
Côja	6549080	-7.9901731	40.2566885
Tomé	3019201	-49.2689780	-23.8474885
Baús	4108071	-52.9664461	-18.3827332
Oľka	2321968	21.8453613	49.1523730
Mêda	6410311	-7.2521061	40.9696360
Soľník	2321179	21.7423598	49.2125021
Ubľa	2324000	22.3872594	48.9064999
Svätuš	2386774	22.1371132	48.6848836
Úbrež	2386760	22.1187054	48.7868573
Malý Čepčín	2169471	18.8321269	48.9023754
Háj	2169466	18.8872931	48.8583732
Stráža	1861134	18.9106224	49.2285285
Mojš	1859940	18.8185684	49.2039600
Bešeňová	2168192	19.4390632	49.1143148
Švošov	2168214	19.2031571	49.1288139
Unaí	6159366	-47.1040743	-16.5118589
Kríže	2277800	21.1401851	49.2265539
Kľušov	2277791	21.2661747	49.2443654
Umãs	6205014	-39.2488610	-8.1288456
Ingá	6214854	-35.6350155	-7.2893178
Apeú	6458222	-48.0062634	-1.3135819
Kľak	2257548	18.6430277	48.6021645
Itaí	5349645	-49.0379321	-23.4741479
Töysä	2523701	23.8479986	62.6294854
Láb	2206961	16.9621004	48.3615897
Mauá	5683165	-46.4394452	-23.6669694
Itaí	7357132	-53.9847302	-28.3171416
Mauá	7357136	-53.8686674	-28.1325688
Údol	2276217	20.8102388	49.2962886
Oľšov	2277112	20.8710678	49.1989707
Píla	2257540	18.6044266	48.5342698
Arão	5647149	-8.6456424	42.0054859
Météo	5752216	27.5239918	-11.6636092
3Z	5836563	27.5192493	-11.7425791
Ľubeľa	2169311	19.4809918	49.0241310
Gião	6022207	-8.4715170	40.9930145
Paço	6483243	-8.4923280	39.5527985
Víťaz	2320204	20.9275530	48.9696971
Proč	2320271	21.3953668	49.1024904
Široké	2320196	20.9185979	49.0027655
Poša	2322357	21.7648853	48.8336294
Tefé	6251175	-65.5747819	-4.4085000
Kružná	2381076	20.4622404	48.6378153
Turá	2217943	18.5748262	48.1442581
Tupá	2217926	18.9125838	48.1233984
Čata	2217928	18.6479243	47.9558022
Veľký Ďur	2217981	18.4353468	48.2128695
Keť	2217968	18.5832300	47.9671110
Трнопоље / Trnopolje	5737049	16.8105918	44.9372165
Háj	2384714	20.8542312	48.6376079
Ľubiša	2322628	21.9344461	49.0037812
Čerín	2265333	19.2497740	48.6719545
Sása	2265031	19.1491844	48.4504806
Krná	2273691	19.7430189	48.5236760
Murçós	5728052	-6.9819191	41.6778784
Ložín	2386554	21.8260709	48.6605727
Hažín	2386613	22.0473516	48.7347200
El Youssoufia اليوسفية	2799204	-6.8103976	33.9920960
Météo	5843078	27.4301155	-11.6365385
Chyžné	2274965	20.2062460	48.6893855
Sása	2274969	20.1215936	48.5655299
Кевљани / Kevljani	5742842	16.8643970	44.9140381
Šķaune	6979115	28.0017370	56.1349549
Rösa	2393144	12.4885761	51.6210431
Więcław	7735172	16.5229943	50.6314051
Prša	2273342	19.7906032	48.3008548
Pleš	2273306	19.7518928	48.2317835
Bodó	6242590	-36.4296718	-5.9423599
Ružiná	2273324	19.5515803	48.4251354
Píla	2273328	19.4887283	48.4899877
우암동 (Uamdong)	6700207	127.4915197	36.6497514
Apuí	6252148	-59.4399405	-7.5912849
Tabriquet تابريكت	2801014	-6.7886286	34.0547658
Añua	6880312	-2.5393416	42.8299439
Belišće	2365455	18.4098313	45.6813054
Sapé	6209136	-35.2299082	-7.0590245
Rüde	1149248	9.6543050	54.6834121
Añes	7158447	-3.1310981	43.0391001
Närapää küla	353377	26.8583200	57.9384175
Зијемље / Zijemlje	5964713	18.0113961	43.4089255
Pêra	6431667	-8.3278283	37.1316137
Różany	7701494	16.5161063	51.6255399
Pacé	75588	-1.7719744	48.1534509
Svatá Maří	438076	13.8373452	49.0667228
Załącze	6630126	20.8269709	51.8671888
Němčice	438066	14.2626588	49.0276613
Bühl	1682405	7.2465724	47.0657697
Apía	1309480	-75.9747953	5.1331651
Fão	4114437	-8.7855182	41.5211079
Józwów	7569608	22.4886909	50.9626603
Indé	5605888	-104.9928642	25.7347073
Gałązki	6894231	22.1260213	53.5322133
Gołębie	7094048	22.8224716	52.9275683
Łomy	6843489	23.1512219	53.3870833
Lužná	435548	18.0284275	49.2394374
Wołyńce	6807326	23.2281521	54.2525550
Krásné Údolí	439484	12.9090058	50.0758614
Baošići	2187902	18.6238896	42.4498652
Mée	1553338	-0.8677115	47.8025484
Czażów	6399855	21.1730932	50.9053305
Okrągłe	6800514	22.8381749	54.1860419
Sęków	6854053	23.2635783	51.3576505
Bạc Liêu	7141890	105.7654530	9.2679579
Muły	6820018	23.4826238	53.9046739
Góra	6817545	22.7360376	54.1306537
Kołomań	6259028	20.5897667	51.0100306
Emów	5555387	21.2812443	52.1578066
Gübs	162004	11.7324752	52.1173297
Zhoř	436634	12.9609590	49.6580812
Puná	284878	-80.1652379	-2.9366776
Aarø	5150168	9.7459454	55.2629899
Stróże	6090273	20.9611363	49.6663524
Maní	6430969	-89.3900003	20.3852040
Wąsów	3316432	20.2120565	50.1324376
Jeżów	4455543	20.3356929	51.2451153
Nałęczów	4453661	20.3788783	51.2406041
Görb	7478952	13.6261173	47.6295275
Avià	7638800	1.8210031	42.0772247
Püünsi	2680505	24.8000952	59.5495983
Paço	6589840	-8.5369365	42.0131666
135	338858	120.9924536	14.6585233
Åsle	4561898	13.6879740	58.1761105
Jāņmuiža	2397606	25.3296905	57.3495438
Ērgļi	1808970	25.6360341	56.8916938
Šķibe	6652631	23.4098816	56.6231928
Gūžas	6649094	21.1467267	56.5656707
136	338868	120.9947664	14.6585494
İltaş	283147	35.0354702	38.5707178
Ozão	6592643	-8.5959502	42.0116016
Āres	7542756	24.4581491	57.2771490
Lijó	5763187	-8.3079783	42.0421746
Håre	7120248	9.9158326	55.3757035
134	338857	120.9909080	14.6595987
137	338867	120.9947262	14.6608121
138	338876	120.9970777	14.6585763
139	338878	120.9985800	14.6589219
Łętowo-Dąb	7035953	22.3408660	53.0134490
Gryżów	4056451	17.4929064	50.4125226
Głębinów	3962721	17.2728659	50.4593913
Łotów	7144864	23.6696406	50.7259136
Ługi	3595221	21.6960840	51.3772908
Kąty	7087795	22.4194894	53.3413751
Drożów	6099950	15.9717712	51.6058813
Głęboka	4536792	21.3139344	49.7210475
Łabędziów	6292138	20.6408579	50.7478589
Bałażówka	5994625	20.3657266	49.7530636
Ręszów	6105778	16.3627160	51.3915545
Lucé	274129	1.4566776	48.4336456
Kąty	4429848	21.1511551	51.9990097
Ørbæk	6462254	10.6673418	55.2574942
Chã	2198370	-7.7759798	41.7827917
Kąty	6522828	21.4821860	50.5079016
Grębień	3660368	18.5827821	51.1367210
Glænø	5322964	11.4359631	55.1962309
Weiß	2613790	7.0373294	50.8816354
Boże	3573978	21.1287359	51.6948982
Słup	6891668	19.7629446	53.2940018
Rożnów	6093915	20.7092182	49.7707687
Okrągłe	3853605	22.7343066	50.5133149
Gołębie	7114479	24.0657229	50.6348216
Kęsów	6418910	20.6629309	50.2456070
Góra	7138233	17.2169397	52.4451911
Słup	6109469	16.5715531	51.4422286
Gołębiów	3783267	21.6346330	51.1921991
Żdanów	6046837	23.2241283	50.6839563
Jaén	1901117	-79.0266277	-5.7296348
Mętów	7594695	22.5948403	51.1495466
Załęże Duże	6636085	20.7339815	51.9325253
Kąty	6880668	22.9934815	53.3760724
Koń	6900354	19.3365053	53.3822432
Bliżów	7171681	23.1136313	50.6099593
Sęp	4638137	20.2294247	51.0079956
Łysów	4638212	20.3177564	51.0132794
Ślubów	6203725	16.6254112	51.6278404
Lány	3518819	18.4577774	49.1085297
Háj	2227579	18.8872931	48.8583732
Malý Čepčín	2227584	18.8321269	48.9023754
Koš	2225983	18.5845248	48.7362643
Lúka	2190391	17.9064633	48.6704364
Čata	2217903	18.6479243	47.9558022
Láb	2206921	16.9621004	48.3615897
Xã Tân Nhựt	7463544	106.5520872	10.7151044
Xã Phú Mỹ Hưng	7627380	106.4634289	11.1212599
Xã Phước Thạnh	7627464	106.4283601	11.0175052
Xã Phước Hiệp	7627381	106.4474637	10.9824125
Phường 1	6850613	106.6507395	10.7448354
Phường 6	6850976	106.6461687	10.7518860
Phường 5	6856464	106.6439442	10.7480749
Phường 4	6850979	106.6446610	10.7445762
Phường 8	6856466	106.6400096	10.7429306
Phường 7	6856467	106.6378599	10.7381932
Phường 4	6846189	106.6553862	10.7580618
Phường 2	6846121	106.6440212	10.7563655
Phường 5	6846125	106.6436712	10.7710738
Phường 7	6846182	106.6595553	10.7605416
Phường 6	6846170	106.6560593	10.7605416
Phường 3	6846116	106.6389356	10.7639388
Phường 8	6846167	106.6487066	10.7611803
Dārziņi	1726819	24.2609311	56.8688068
Phường 2	6850614	106.6505031	10.7507191
Phường 9	6846138	106.6454013	10.7617405
Höja	3050035	13.0614296	55.5828451
Säve	1517234	11.9021224	57.7902280
Ylästö	5453145	24.9152080	60.2833686
5ème Fiéfé	410978	-72.3493378	19.1469111
Tisá	432639	14.0241654	50.7857305
Möhn	7769779	6.5997438	49.8381271
Šípkov	2220714	18.2997463	48.8614442
Košúty	2205507	17.6550462	48.1750504
Sása	2206676	17.4336581	48.0619734
Vyšná Šuňava	2275127	20.0720961	49.0196427
Malý Šúr	2207319	17.4308508	48.1757098
Píla	2273266	19.4887283	48.4899877
Ľubiša	2322592	21.9344461	49.0037812
Turá	2217887	18.5748262	48.1442581
Štôla	2275130	20.1327570	49.0963517
Mauá	7250239	-51.1167119	-29.6866481
187	2973969	121.0011567	14.5344364
Proč	2320149	21.3953668	49.1024904
Poša	2322305	21.7648853	48.8336294
Piešť2	3520824	19.4228384	48.5005810
Ubľa	2323986	22.3872594	48.9064999
Šiba	2277751	21.2078222	49.2246343
Krná	2273668	19.7430189	48.5236760
Ružiná	2273270	19.5515803	48.4251354
Nána	2218487	18.6884444	47.8217241
Poço	400191	-35.7201621	-9.6620786
Avaí	6781084	-48.9686916	-26.4654003
174	2988695	121.0112190	14.5335465
144	2988734	121.0099687	14.5393355
158	2988679	121.0079070	14.5372792
Stráže	2204207	17.7406566	48.6089809
161	2988682	121.0086521	14.5357568
160	2988681	121.0094461	14.5371016
171	2988692	121.0118241	14.5365636
172	2988693	121.0114840	14.5351750
159	2988680	121.0095571	14.5378423
169	2988690	121.0120301	14.5382350
166	2988687	121.0105280	14.5366437
173	2988694	121.0116533	14.5341084
156	2973783	121.0044704	14.5331724
157	2973784	121.0058758	14.5355921
152	2973779	121.0066545	14.5373367
151	2973778	121.0049158	14.5368602
154	2973781	121.0044502	14.5356774
150	2973777	121.0037117	14.5371443
153	2973780	121.0048901	14.5361448
155	2973782	121.0046506	14.5347736
145	2973772	120.9986867	14.5338920
149	2973776	121.0037192	14.5347697
147	2973774	121.0025777	14.5368413
146	2973773	121.0008126	14.5362005
148	2973775	121.0026606	14.5336242
176	2988697	121.0117406	14.5324632
177	2988698	121.0111130	14.5315586
Stráža	2227554	18.9106224	49.2285285
168	2988689	121.0081175	14.5319816
175	2988696	121.0103194	14.5330040
167	2988688	121.0090594	14.5334107
165	2988686	121.0063312	14.5331614
164	2988685	121.0072854	14.5337278
163	2988684	121.0074730	14.5341998
162	2988683	121.0074294	14.5349435
140	2995268	121.0063216	14.5400910
138	2995266	121.0068797	14.5413951
137	2995265	121.0087938	14.5423749
139	2995267	121.0066202	14.5406277
142	2995270	121.0056466	14.5384474
143	2995271	121.0077603	14.5399129
141	2995269	121.0059674	14.5392465
Różek	6817839	19.5913423	53.7254570
118	2995246	121.0033377	14.5388899
115	2995243	121.0048653	14.5414080
114	2995242	121.0048107	14.5429346
N'Géa	1942008	166.4560591	-22.2919574
Soľník	2321146	21.7423598	49.2125021
Sauê	1915821	-40.1132851	-19.9236351
Mauá	5231512	-41.0119676	-19.5091667
Mojš	2227541	18.8185684	49.2039600
Dunö	6596778	16.2817513	56.6298985
Rösa	2368560	12.4815671	51.6179801
Šišov	2220713	18.1772256	48.6599451
Dolná Súča	2219779	18.0278833	48.9710562
Horná Súča	2219782	17.9523126	48.9828332
Dlžín	2225973	18.5217046	48.8184474
Seč	2226004	18.5092170	48.8327812
Jánošíková	1993145	17.2782750	48.0656454
Píla	2257523	18.6044266	48.5342698
Vidžín	425787	12.9806816	49.9667827
Nižná	2204199	17.6534406	48.5279486
Nové	2320141	20.9799025	49.0804910
Snět	431859	15.2256064	49.6275874
Poço	4276179	-34.9233605	-8.0355000
Suíça	4023074	-37.0618461	-10.9247147
ماجريو Madjorio	6612151	14.9988308	12.1446882
Överås	1517092	12.0042959	57.7031196
Skår	1517111	12.0168926	57.6921508
Šípkové	2204215	17.7158289	48.6615454
Pác	2203951	17.5215897	48.3043669
Veľká Mača	2205526	17.6924901	48.2420935
Heď	2205499	17.6511047	48.1555415
Hrubý Šúr	1993140	17.4150639	48.1703592
Veľká Maňa	2218503	18.2946856	48.1564750
Pažiť	2225740	18.4547187	48.6228759
Čerín	2265291	19.2423596	48.6633548
Krné	3520822	19.3817376	48.5273856
Piešť1	3520823	19.3906914	48.5132065
Imeľ	2218843	18.1421039	47.8991438
Xã Phước Kiển	7650797	106.7096347	10.7029209
Thị trấn Nhà Bè	7650792	106.7423258	10.6931896
Xã Hiệp Phước	7650793	106.7510865	10.6127610
Čab	2210127	17.9972328	48.3993051
Bubú	1875568	-40.4099855	-20.2862475
Phường 7	3797313	106.6922177	10.8073614
Aurá	6049593	-48.3693908	-1.3800849
Sása	2265007	19.1491844	48.4504806
Víťaz	2320169	20.9275530	48.9696971
Vyšný Olčvár	2384654	21.3389363	48.7312206
Nižný Olčvár	2384605	21.3522353	48.7244336
Bešeňová	2230299	19.4390632	49.1143148
Nižná	2167066	19.5069117	49.3183783
Ložín	2386484	21.8260709	48.6605727
110	1731558	120.9843962	14.6468264
116	1731554	120.9872494	14.6450904
118	3273444	120.9873498	14.6406680
112	396427	120.9872955	14.6467643
104	396425	120.9888366	14.6492995
103	396424	120.9902718	14.6492533
108	396539	120.9874089	14.6500443
158	4445755	121.0033193	14.6714321
160	4445814	121.0020912	14.6804558
162	4445816	121.0067468	14.6831840
163	4445817	121.0152052	14.6832704
159	4445813	121.0075766	14.6761269
161	4445815	120.9996017	14.6749688
125	1731570	120.9919620	14.6448858
142	1731736	120.9926525	14.6647751
149	1731734	120.9956518	14.6673258
126	3273447	120.9917193	14.6430886
129	3273450	120.9898408	14.6387311
124	1731568	120.9901109	14.6448019
Kríže	2277698	21.1401851	49.2265539
Údol	2276195	20.8102388	49.2962886
Oľšov	2277089	20.8710678	49.1989707
155	1731727	120.9996377	14.6683788
145	1731719	120.9938913	14.6658672
152	1731725	120.9978411	14.6683475
Široké	2320184	20.9185979	49.0027655
144	1731730	120.9943955	14.6641577
132	1731729	120.9908633	14.6634897
Kľušov	2277702	21.2661747	49.2443654
Nižná Šuňava	2275110	20.1154220	49.0192708
Veľká	2275123	20.2533497	49.0799717
Hágy	2275449	20.3651938	49.2887536
Chyžné	2274913	20.2062460	48.6893855
Sása	2274955	20.1215936	48.5655299
Háj	2384573	20.8542312	48.6376079
Šaca	1692749	21.1729633	48.6413785
Maré	5520335	-43.2425259	-22.8579853
Joá	5518902	-43.2903116	-23.0090945
Leľa	2218471	18.7781707	47.8556955
196	2988602	121.0039372	14.5107188
170	2988691	121.0119086	14.5372538
Wąs	6881015	19.7339402	53.3424341
Iły	6891958	19.5989660	53.2717961
Šaľa - Veča	5982535	17.9045813	48.1692599
Nyrölä	2991240	25.4467484	62.3687326
100	7318806	-44.3033293	-20.0262674
Aurá	6049592	-48.3858086	-1.4237639
Tauá	5519130	-43.1858332	-22.7974536
194	2973976	121.0027820	14.5124471
191	2973973	121.0009834	14.5212763
183	2988704	121.0196736	14.5163588
Amón	5410862	-84.0757331	9.9382629
Dunö	6596728	16.2817513	56.6298985
Rödön	2743816	17.8365424	62.3272075
Dívčí Hrad	432714	17.6377165	50.2416514
Bělečko	430150	15.9634713	50.1491975
Žitětín	426544	15.3304772	50.3537918
Jičíněves	428266	15.3435464	50.3738613
Češov	431837	15.3624520	50.3323783
Hradíšťko	426778	15.4323735	50.3538682
Krč	429250	14.4446219	50.0321723
Sány	426809	15.2448557	50.1166369
Žehuň	426847	15.2934671	50.1398018
Itaí	7346108	-44.8694043	-20.1404073
Číbuz	430805	15.8824701	50.2852409
Světí	429114	15.7793722	50.2550059
Říkov	428683	16.0232092	50.3798337
Hrádečná	425902	13.3820692	50.4930678
Třebíška	425003	13.2222496	50.4599030
Pyšná	433451	13.4406151	50.5465460
Souš	429175	13.6065402	50.5295506
Fořt	430257	15.6977138	50.5994293
Třebihošť	430274	15.7048369	50.4365630
Tône	2206681	17.7342705	47.9189937
Potočiště	424490	12.4455508	50.0914485
Božtěšice	431184	14.0238034	50.6972231
Kvíc	423653	14.0682848	50.2140589
Lípa	424844	12.8605552	50.3491101
Poušť	427354	12.6813482	50.3049924
Léno	427400	12.9760260	50.3638070
Boč	424787	13.0767666	50.3614908
Žlábek	433742	15.2982829	50.5658625
Bílá Hlína	426794	14.9034565	50.5249547
Lbín	429469	14.1356589	50.5812792
Žižice	428628	14.1572421	50.2472032
Bílčice	432881	17.5716191	49.8760912
Příšovice	427529	15.0808052	50.5772941
Vrát	427503	15.2266493	50.6371845
Stará Bělá	432103	18.2257560	49.7596113
Árpádföld	3238389	19.2011781	47.5341202
Žaškov	2230224	19.2212472	49.1658535
Košúty	3490830	18.9434362	49.0880238
Píla	2207068	17.3285219	48.3923263
Kružná	2381029	20.4622404	48.6378153
Cipó	5556912	-38.6945835	-3.6916705
190	2973972	121.0002979	14.5310610
192	2973974	121.0012216	14.5132768
154	1731722	120.9995793	14.6658691
153	1731737	120.9987080	14.6670292
141	1731738	120.9983571	14.6632927
147	1731740	120.9974223	14.6643270
151	1731735	120.9989940	14.6647380
150	1731721	120.9972454	14.6663999
157	4445754	121.0011653	14.6683755
193	2973975	121.0019325	14.5128249
195	2988601	121.0065947	14.5119792
201	2988607	121.0287427	14.5067473
200	2988606	121.0012187	14.5082577
156	4445753	121.0007409	14.6662580
117	3273443	120.9846631	14.6436989
115	1731565	120.9861613	14.6451752
109	1731574	120.9858761	14.6479819
Horní Bělá	424268	13.2643080	49.8844577
Cocó	7032930	-38.4831457	-3.7511854
Roztěž	435122	15.1940458	49.9127565
Pleš	2273261	19.7518928	48.2317835
Cité	2259954	6.1462213	46.2010350
Lány	425128	13.9149962	50.1021184
Bdín	425040	13.8595148	50.2154527
Ryšín	433602	13.7855016	50.0672155
Líský	425154	13.9290123	50.2502922
111	396428	120.9858512	14.6467979
119	3273445	120.9846015	14.6421690
Brť	425781	12.8981065	50.0468789
107	396540	120.9859684	14.6500795
Milá	432432	13.7533007	50.4279576
114	1731560	120.9854424	14.6451895
106	1731553	120.9844966	14.6501243
122	1731566	120.9922302	14.6460154
148	1731733	120.9957674	14.6658332
Žlíbek	430734	13.5681979	49.1652160
Strážný	423855	13.7240359	48.9032168
Šváby	425881	14.5252280	50.6104813
Zátyní	426532	14.4907423	50.5590131
Dubá	427262	14.5265161	50.5392142
Okoř	433397	14.2514343	50.1644086
Kožlí	429445	15.2535801	49.6663239
Otín u Měřína	427171	15.8998595	49.3647626
Řepín	426585	14.6295768	50.3652436
Žďár u Hradiště	424950	13.1824078	50.3089120
Ovčáry u Dřís	426918	14.6001569	50.2531817
Rané	426795	14.4031424	50.6537928
Křešice u Děčína	430393	14.2026413	50.7517272
Lysá	431288	14.1214988	50.7091682
140	1731732	120.9957887	14.6630516
113	1731556	120.9843395	14.6451198
Vyšné	426462	14.8711154	48.7962741
726	6466172	120.9931599	14.5681091
Eiró	5550097	-8.5952217	41.3779256
146	1731718	120.9957231	14.6646493
Kľak	2257517	18.6430277	48.6021645
133	1731723	120.9924518	14.6628069
143	1731724	120.9935756	14.6632409
Kipé	5576833	-13.6502848	9.5990227
Météo	7682909	-9.2920971	10.3896535
Bělčice	425487	13.8805356	49.5054538
Tupã	6618954	-53.1688263	-27.0617786
Órfãs	4078656	-50.1638882	-25.0733110
Fião	7257896	-51.1512109	-29.7744715
Horní Němčí	429768	17.6334617	48.9251664
Dálčice	429229	15.5600706	49.7870846
Žďárec u Seče	429764	15.6348258	49.8539762
Seč	428605	15.6571997	49.8515003
Šach	427810	15.3586183	49.1271683
Paço	5776450	-8.3673777	42.0717417
Peč	426365	15.3913577	49.0570856
Řeženčice	428026	15.3521469	49.3675046
Phường 1	6846112	106.6390164	10.7566498
Paço	5776451	-8.3701617	42.0720407
Veľký Kýr	2218506	18.1373672	48.1766777
Plášťovce	2217865	18.9922615	48.1619615
Tovéř	432365	17.3238750	49.6383419
Tážaly	432212	17.2417319	49.5335321
Služín	430690	17.0314645	49.5406891
Hať	435868	18.2464905	49.9518905
Předměstí	433740	16.4318265	49.6053976
Úmonín	428007	15.2721104	49.8868514
Krásné Údolí	425774	12.9105214	50.0706693
Dolní Bělá	424298	13.2760054	49.8984349
Žebrák	425443	13.8887322	49.8725890
Zábrdí u Lažišť	423860	13.9426844	49.0230242
Čkyně	423828	13.8294601	49.1166450
Ktiš	436665	14.1272993	48.9172225
Křišťanov	431054	14.0244896	48.9109181
Horní Sněžná	423907	13.9437143	48.8943152
Svatá Maří	423944	13.8277435	49.0623839
Drážov	431010	13.7434889	49.1632208
Žárovná	423241	13.9002799	49.0512252
Žár u Čkyně	423881	13.7610479	49.1187236
Houžná	423849	13.7798426	48.9336542
Číčenice	426300	14.2432901	49.1472224
Jívoví	431801	16.0973330	49.4112274
Věžky	432950	17.2845812	49.2849969
Ráj	432206	18.5674117	49.8500242
Dolní Líštná	435388	18.6888197	49.6851263
Řeka	433197	18.5809059	49.6226007
Tálín	434661	14.2207325	49.2519080
Horní Líštná	435855	18.7066932	49.6933535
Zběšičky	427864	14.4252268	49.3923220
Knín	436367	14.3890348	49.1578021
Lipí	435942	14.3569646	48.9481049
Úsilné	427802	14.5055834	49.0093948
Jámy	428275	15.9976341	49.5342822
Nížkov	433474	15.8143513	49.5331737
Stáj	427417	15.8063575	49.4571937
Loužná	424143	13.5662950	49.3970462
Úlíkov	433994	13.0595597	49.4380183
Střeziměř	424710	13.3381047	49.3256581
Jíno	423976	13.3116372	49.5120446
Javoříčko	432653	16.9207667	49.6733177
Luká	430277	16.9470639	49.6514019
Zruč	425368	13.4371431	49.8115261
Rybí	431359	18.0719589	49.5929230
Přívětice	425413	13.6195289	49.8339190
Obořiště	433637	14.1495611	49.7412851
Křeničná	432745	14.4039535	49.7533864
Přímětice	433078	16.0321070	48.8914622
Velký Pěčín	427141	15.4445400	49.1212759
Týn u Třebíče	427489	15.8847376	49.2320134
Lubě	429829	16.5264348	49.3916541
Prostřední Poříčí	430455	16.4961384	49.5802122
Němčice	429303	16.7046408	49.4461934
Pňov	425898	15.1537002	50.0817361
Úval	430752	12.5225067	50.0697416
Žákava	425406	13.5363319	49.6282470
Míšov	425760	13.7336003	49.6116233
Česká Bříza	425533	13.4345568	49.8293195
Sirá	432549	13.7375998	49.8173692
Mezí	425023	13.1634693	50.0002821
Žbánov	423389	16.9309108	49.4633520
Čunín	423392	16.8968408	49.5600958
Oslí	430296	13.9277011	49.5943332
Stěžov	423585	14.0912745	49.6540333
Kuní	435116	14.3153543	49.5690481
Žežice	425436	13.9942621	49.6551814
Buš	435477	14.3840328	49.7991564
Úblo	434838	17.6908627	50.0211490
Časy	430858	15.8978760	50.0682254
Ráby	432865	15.8104092	50.0767073
Hošťálková	432395	17.8525178	49.3505927
Žítková	428097	17.8853067	48.9791408
Vítová	430240	17.7103957	49.3015356
Štípa	431193	17.7351205	49.2643792
Svätuš	2386745	22.1371132	48.6848836
Chomýž	432111	17.6493109	49.3595426
Šišma	431060	17.5822295	49.4723237
Maíz	3484952	-60.8857961	-32.9123445
Vížka	423475	12.8219670	49.8112805
Vlkýš	423461	13.0814503	49.7201540
Buč	425645	13.0928424	50.0257324
Návsí	435701	18.7481976	49.5861007
Švábov	427020	15.3555410	49.3038418
Úsobí	427120	15.5037474	49.5113578
Hutě	427215	15.4312406	49.3658789
Němčičky	426226	16.5142643	49.0509195
Dubí	429559	15.4188538	49.5307531
Zbýšov	426625	16.8000230	49.1342243
Osík	430454	16.2832752	49.8467945
Sedlíšťka	429344	16.0672288	49.9955547
Řetová	432967	16.3839118	49.9472653
Záříčí u Mladé Vožice	434436	14.7941829	49.5718670
Brná	434863	14.9710757	49.4085659
Jižná	434455	14.8989481	49.2470078
Skřinářov	428282	16.1756502	49.3609178
Rožná	429726	16.2334336	49.4836612
Bezděčín	434939	14.6215223	49.3243241
Závsí	435672	14.8181588	49.2322247
Řípec	427252	14.7309998	49.2159052
Přes	423506	12.8013729	49.6131651
Pleš	423564	12.6172458	49.5452773
Ždánov	424603	12.8560211	49.4658812
Díly	430960	12.7924869	49.4466468
Brtí	424608	13.2803935	49.2940683
Pích	424234	13.4167467	49.2327163
Úloh	424645	13.3355307	49.2889777
Stříbřec	427545	14.8828464	49.0165889
Vydří	426691	14.9475190	49.0949237
Strašín u Říčan	434055	14.6956421	49.9999251
Nemíž	429787	14.9380025	49.7461539
Šumná	434575	15.8892147	48.9306342
Iná	3343483	-49.1639660	-25.5081628
Úbrež	2386754	22.1187054	48.7868573
Hraběšín	434146	15.3355770	49.8535938
Zboží	427939	15.4523140	49.7188797
120	3273446	120.9836995	14.6393326
127	3273448	120.9908996	14.6413918
Ingá	5418175	-44.1956667	-19.9506606
Prša	2273265	19.7906032	48.3008548
100	3400447	120.9956653	14.6533943
102	3400449	120.9944298	14.6498222
105	3400450	120.9927607	14.6483136
Údraž	427964	14.3041966	49.2805538
Římov	436301	14.4790223	48.8590129
Podeřiště	426075	14.2321751	49.0724330
Dolní Záhoří	434449	13.2940698	50.1495762
Horní Záhoří	424975	13.2850436	50.1472831
Třebiště	435608	14.6776480	49.3146052
Břešťany	435996	13.7351242	50.5622662
128	3273449	120.9902790	14.6397000
130	3273451	120.9895616	14.6378230
131	3273452	120.9915106	14.6377338
Rabí	433560	13.6258681	49.2831148
101	3400448	120.9931324	14.6506322
121	396426	120.9894516	14.6464739
Rück	7426753	9.2214601	49.8256124
123	1731569	120.9887037	14.6450800
Jucú	1850708	-40.4658973	-20.4221920
Tupá	2217886	18.9021953	48.1096088
Čápor	2210132	18.0043683	48.2485245
119	2995247	121.0047004	14.5392526
116	2995244	121.0041567	14.5405358
117	2995245	121.0051137	14.5403703
100	2995228	121.0021405	14.5420706
113	2995241	121.0032847	14.5417653
Phường 9	6890770	106.6726531	10.7464397
Phường 4	6888554	106.6751762	10.7413227
Phường 3	6888553	106.6810792	10.7451112
Phường 1	6888551	106.6908866	10.7462594
Phường 5	6890766	106.6633223	10.7380863
Phường 7	6890768	106.6300176	10.7120052
Phường 8	6890769	106.6788177	10.7492974
Phường 2	6888552	106.6861486	10.7459457
Phường 6	6890767	106.6502242	10.7347122
127	2995255	121.0058019	14.5491275
130	2995258	121.0080823	14.5480071
128	2995256	121.0069523	14.5493893
132	2995260	121.0085046	14.5471877
135	2995263	121.0085214	14.5439100
134	2995262	121.0079850	14.5459486
136	2995264	121.0070439	14.5424478
129	2995257	121.0067199	14.5475906
131	2995259	121.0068668	14.5457372
133	2995261	121.0068514	14.5438736
126	2995254	121.0053357	14.5434958
122	2995250	121.0049796	14.5462629
123	2995251	121.0057376	14.5466256
111	2995239	121.0036031	14.5443198
125	2995253	121.0054613	14.5443278
112	2995240	121.0036578	14.5435108
108	2995236	121.0032125	14.5473849
110	2995238	121.0034648	14.5461036
120	2995248	121.0049232	14.5486156
109	2995237	121.0036136	14.5468137
121	2995249	121.0052551	14.5472930
124	2995252	121.0053833	14.5455171
104	2995232	121.0026489	14.5451485
103	2995231	121.0033074	14.5447945
105	2995233	121.0017784	14.5457113
JK	7318761	-44.2930717	-20.0640544
Dřešínek	423876	13.7690563	49.1712814
Malá Bělá	436293	14.9044707	50.4951394
106	2995234	121.0017351	14.5461705
101	2995229	121.0020349	14.5433863
102	2995230	121.0019549	14.5442047
107	2995235	121.0014674	14.5474640
Plužná	436248	14.7999363	50.4751678
186	2988707	121.0048992	14.5317703
182	2988703	121.0102997	14.5304649
178	2988699	121.0063361	14.5307461
180	2988701	121.0116973	14.5301957
181	2988702	121.0113030	14.5300267
184	2988705	121.0076798	14.5281385
185	2988706	121.0109106	14.5272561
Švošov	2230321	19.2031571	49.1288139
Boháňka	430213	15.7129033	50.3647052
Peró	5228073	-45.2633623	-21.6875539
Böle	6447612	20.2151140	63.8231511
Hažín	2386464	22.0473516	48.7347200
Šrámky	7227066	21.1052405	49.0971042
Keť	2217835	18.5832300	47.9671110
Poço	3066704	-34.8325159	-7.0202104
Cuiá	3065230	-34.8607344	-7.1829008
Wężyk	2388046	20.6263470	52.0473371
Jeżów	6133105	20.0178248	50.5312611
Zbęk	3695320	18.4229581	51.1642962
Gołębiów	6627684	21.0671569	51.8231038
Kąty	6926704	21.5287318	49.5616662
Tłuczań	3528059	19.5695144	49.9524928
Pacé	1215497	-0.0034136	48.4478545
Igé	2804681	0.5130371	48.3141034
Flée	107493	0.4524979	47.7351852
Igé	1669002	4.7397480	46.4068676
Jeżów	6400628	21.2228718	50.8635968
Ługów	3525654	15.5040769	52.2739564
Ławy	4239807	20.6604246	52.3036809
Orły	4234715	20.6849623	52.2240778
René	109595	0.2181048	48.2774495
Ząb	4576908	19.9494634	49.3317361
Glów	6112986	20.8728159	50.1020266
Jeżów	5998537	16.0702282	50.9357082
Łazy	4252082	20.8771322	52.0777246
Kąty	5579452	21.8793618	51.7250679
Kąty	6896919	21.9172984	53.3175085
Grötö	5463640	11.6805685	57.6940825
Łazy	3440881	20.8036211	51.1537639
Ługi	6371242	20.7332015	50.6567021
Ługów	7633192	22.3203830	51.3190341
Łany	4728985	18.4302128	50.3928313
Béon	147858	5.7512789	45.8578718
Héry	1608506	3.6361171	47.8978516
Ługi	6565840	21.5983845	50.8730175
Ożarów	3691009	18.4922296	51.1264231
Łazy	4249283	20.3954874	52.2730447
Słup	5614609	16.1271337	51.0944254
Lübs	3728241	11.9330120	52.0197175
Gózd	3380977	21.3892237	51.3755035
Ożarów	7633193	22.3053618	51.3050148
Stróże	6104243	20.7400892	49.8344210
Kąty	7671414	21.8536419	51.2474187
Jeżów	7657228	22.1564676	51.1190464
Kąty	7428088	22.7438789	50.6263492
Gołębiów	6567216	21.5243599	50.7284574
Orán	3059855	-64.4863421	-23.3204346
Różyna	5580544	17.6204582	50.8010914
Książ Mały	3486129	20.2012308	50.4418950
Głęboka	3311410	20.1488517	50.1314392
Dębień	6855167	19.8950021	53.3965089
Kąty	6788625	22.9281482	52.5585630
Gózd	6853852	22.4335938	50.5088480
Stróża	7476375	22.3141209	50.9272506
Łazy	3481789	20.0196451	50.4264614
Łazy	6725428	22.8833871	49.9841129
Biały Kościół	3257001	19.8299667	50.1744780
Łazy	6964274	21.9041672	49.5897128
Lucé	2506120	-0.5873881	48.5533472
Ławy	6419300	20.6523044	50.2098055
Łęki Górne	6883782	21.1850180	49.9675786
Grębałów	3254733	20.0739240	50.0987499
Łazy	3246409	16.2306201	54.3030386
Góra	6519753	21.1687845	50.4430060
Stróża	6031234	20.2182313	49.7466543
Łady	4100790	20.9559901	52.1244970
Härön	5184106	11.5070101	58.0158191
Góra	7639547	22.1913822	51.2096643
Béon	282535	3.3055153	47.9469575
Łany	7470934	21.9716559	50.8414035
Orły	6816380	22.8010895	49.8694921
Zaña	1969761	-79.6806900	-6.8864507
Ćwików	6123440	20.9090718	50.2288724
Góra	6504003	21.0141719	50.5139993
Harhoura هرهورة	2498874	-6.9517675	33.9285475
Góra	5616215	19.0968147	49.9766541
Gózd	6261640	20.7626882	50.9860735
Góra	6853205	22.8505936	53.2371070
Łazy	3258925	19.7445490	50.1870838
Svět	6964137	14.7479711	48.9938745
Öran	3251078	18.0668318	59.1490863
Lüge	4722182	11.3621029	52.7549432
Tomé	1558890	-72.8880835	-36.5969018
Łazy	6075759	20.5144199	49.9678377
Łany	7767144	22.2444371	51.3819199
VI	3373428	21.0129919	52.2363222
IV	3366408	21.0026163	52.2358426
II	3366402	21.0068984	52.2538848
342	5482134	-34.8261108	-7.1157544
360	5482137	-34.8266623	-7.1142185
364	5482138	-34.8263323	-7.1157038
Velké Nákří	3125600	14.3290706	49.1067264
Łuka	3230668	24.2289381	50.8684016
Tupã	5420586	-44.1419472	-19.8778836
475	7177864	-54.9385512	-28.4129669
225	7177894	-54.9635722	-28.4194877
224	7177895	-54.9643788	-28.4203463
Mårsø	7191259	11.6402050	55.7312137
111	3532816	135.6764383	51.6712705
Леваши Right Side	7441463	49.6579912	58.5396231
Paço	6303967	-8.4849371	41.4304365
Hồ Bản Chành	7106559	106.9476589	21.6582485
Háj	4651062	18.2951908	48.9643903
Maná	7565283	-54.8375923	-27.0903681
542	5482142	-34.8269261	-7.1155692
Paço	5762107	-8.2708451	42.0395398
Paço	6303789	-8.4430734	41.4553991
Lamó	6595219	-8.6868704	41.9163229
Côto	5768334	-8.3846539	42.0602371
Lajó	6302330	-8.4990400	41.4750778
Lijó	6301487	-8.5397295	41.4483742
Chão	5776443	-8.3670843	42.0796144
Chão	6595187	-8.6828437	41.9291732
Paço	6592644	-8.6091113	42.0091396
356	7177865	-54.9515505	-28.4007231
514	7177869	-54.9650557	-28.3914270
126	7177872	-54.9659735	-28.3953754
Paço	6015598	-8.4884807	42.0172299
Chão	6595159	-8.6708128	41.9527223
Móar	3513675	-21.9151640	64.0896284
Búðir	3175440	-21.9016144	64.0889857
Poço	6593183	-8.6662589	41.9922391
Bouçó	5763175	-8.3385400	42.0454246
Peró	5228072	-45.2630179	-21.6858827
457	7177860	-54.9444452	-28.4167492
452	7177861	-54.9461041	-28.4172356
445	7177863	-54.9476188	-28.4169511
247	7177893	-54.9616100	-28.4172922
206	7177896	-54.9635985	-28.4152006
152	7177888	-54.9677192	-28.4141010
113	7177890	-54.9704719	-28.4121986
115	7177889	-54.9702884	-28.4097025
492	7177851	-54.9327017	-28.4131284
394	7177902	-54.9511166	-28.4121196
187	7177904	-54.9648149	-28.4130390
193	7177903	-54.9627191	-28.4032777
400	7177900	-54.9492532	-28.4044247
438	7177898	-54.9480650	-28.4111089
437	7177899	-54.9482894	-28.4123459
166	7177871	-54.9628304	-28.3920404
312	7177870	-54.9542487	-28.3993848
515	7177868	-54.9635953	-28.3916959
376	7177867	-54.9483518	-28.3934660
464	7177857	-54.9423664	-28.4154081
463	7177858	-54.9433701	-28.4175322
446	7177862	-54.9472539	-28.4155220
184	7177887	-54.9662569	-28.4180803
Vič	3711454	15.0000889	46.6018664
Bröl	3839838	7.3920427	50.8336621
知明湖 (Chimyōko)	901531	135.4121078	34.9180478
JK	5535339	-44.0299817	-19.9444872
Łazy	3252002	20.0305762	50.0277079
SD	7149209	111.6920854	-8.0957641
Lönd	4057565	-21.8820348	64.1202115
Höhe	3837907	7.4912027	50.8121803
Cák	3124802	16.5116306	47.3544341
Wągieł	3524282	15.4399963	52.2855405
Kąty	3272820	19.8958500	50.1360192
017	6970987	10.5712797	52.4948376
019	6970988	10.5559589	52.4976079
Włosień	3212250	19.4645874	50.0621737
Chão	5765202	-8.3781733	42.0324288
Paço	5776462	-8.3684935	42.0720430
Paço	6594089	-8.6248896	41.9608492
Gołębiów	2622529	21.1908820	51.4186996
Dívčí Hrad	2338672	17.6346131	50.2507276
Kąty	5243064	19.3346024	50.1410365
Łany	3219183	19.5731693	50.1843531
Kąty	3643224	17.7936833	50.7607497
R1	6381518	11.5369021	64.4512782
Łazy	3787147	14.8601345	51.6967138
Hồ Tà Keo	7107415	107.0227994	21.7037579
Pigüé	3405695	-62.4002875	-37.6014949
Edén	2454631	-55.0583256	-34.6317573
Goñi	3229207	-56.4129050	-33.5199797
Kadź	3850700	20.6623223	51.5007175
Sędów	4459246	20.3660775	51.2519767
Stróża	3566343	19.9429230	49.7904029
Łyse	6898812	21.5623216	53.3621078
Jaén	1901136	-78.8584655	-5.7795408
Kąty	3665174	18.5166556	51.2960121
ež. Lūšiai	3801439	26.0672046	55.3333040
Łaszów	5694512	20.3473757	50.2833085
Héry	2069133	3.5913253	47.2616409
Głębock	2945119	15.7530967	50.8262504
Tåsjö	2372225	15.7394515	64.2975156
Flée	142854	4.3320587	47.4449614
Asín	342659	-1.0536237	42.2692507
Niżna Łąka	6964155	21.7259768	49.6243506
Łazów	3856981	22.4279175	50.3488861
Gózd	5581977	22.0380331	51.7476805
Włosień	6074078	15.1619580	51.0788737
Páez	1315412	-72.9880900	5.0951918
Döpe	2656951	11.5313519	53.7771559
Rėčiūnai	7010863	22.7291845	54.4876576
Hoža	7512111	23.8559947	53.8168624
Goñi	346468	-1.8919258	42.8327203
Prūdiškės	5981926	25.2907796	54.5496282
Páez	1303947	-75.9915281	2.7357822
Góra	5614069	17.5658064	50.6645706
Żyłka	7066213	23.4853800	50.3895472
Kąty	6084358	20.5953008	49.7755337
Téra	3219492	0.8815350	14.1767500
Dołęga	6073274	20.7098896	50.1281000
ež. Nevėža	5634949	25.1677484	55.4504894
Külső-tó	2778264	17.8656599	46.9143510
Malö	5214486	11.4784405	58.2002397
Huhí	6431657	-89.1616215	20.7238802
Hiên	7058906	107.6186491	15.8961911
Seyé	6430181	-89.3707654	20.8375339
Černiškės	6721438	24.9781892	54.9728206
Etén	1969732	-79.8089845	-6.9415099
Ørum Sø	4036378	8.3081674	56.8011367
Rūkštėnai	7520491	22.9828468	54.4489877
Šešuolių ež.	4557264	24.9492235	55.1765732
ež. Labė	4800658	25.8061015	55.4389781
Łany	6860261	23.2435234	50.9717982
Ansó	344426	-0.8229455	42.7796079
Miño	341954	-8.1789211	43.3579100
ež. Riešė	2885277	25.1070104	54.7866667
Kūna	6783359	26.1248825	55.0826988
Kępy	5599308	16.3897025	51.1175812
Słup	5853282	16.6451740	51.2325940
Náměstí Míru	7450135	14.4172163	50.7995524
Dóm tér	6923251	20.1485008	46.2486619
Fő tér	5172658	19.0453355	47.5412467
I. nádvoří	5522444	14.3167705	48.8129439
130	4717692	-105.0198537	39.7432959
Mírové náměstí	1798309	13.2708803	50.3763322
Mírové náměstí	6538013	16.3327055	50.5853777
Na Příkopě	7516986	14.4270055	50.0864147
Mírové náměstí	5977476	13.7006907	49.3209954
129	4717691	-105.0197766	39.7433129
Náměstí Míru	375210	18.6688667	49.6789736
532	4811104	-78.5143066	38.0304481
534	4811105	-78.5145683	38.0307264
506	4811102	-78.5130519	38.0316749
118	4811101	-78.5134325	38.0304015
114	4811100	-78.5127840	38.0307584
508	4811103	-78.5128473	38.0314678
Malé náměstí	3883979	18.3427675	49.6760175
Malé náměstí	6910230	13.5985514	49.7414359
Råssö	5946530	11.1754385	58.8425567
Odón	342438	-1.5685041	40.8878404
Oumazza أم عزة	2800689	-6.7728288	33.8222660
Ragažėlė	3462244	23.6244553	54.0008802
Dručkų ež.	6899734	25.9000566	55.9492095
Egüés	347841	-1.5433515	42.8242097
Onís	346398	-4.9717050	43.2957469
ež. Mūšėjus	2104135	25.2984220	55.4766071
Дуб / Dubas	6769658	24.1640868	53.9611953
ež. Rėdžia	915327	25.6616684	55.0111352
Kąty	5698211	20.2105646	50.2397358
Aísa	344125	-0.6027463	42.7100880
Moulay Bouzarqtoune مولاي بوزرقطون	2821044	-9.6394771	31.6636739
Šiliškių ež.	6993257	22.2367412	56.0955971
Thới Đông	7148206	105.4068337	10.0508279
ež. Gilšė	6046453	24.1935837	54.2098495
Tahelouante تاهلوانت	2820935	-9.3235556	31.1770386
Ezzaouite الزاويت	2820948	-9.4823779	31.3228230
Umán	6333788	-89.7288587	20.8974753
Kąty	7569606	22.6069445	50.9516940
IV	2804610	10.8037658	52.4582636
Timizguida-Ouftas تمزكدة-أوفتاس	2820878	-9.7579199	30.9975892
Smià	2810072	-4.2847312	34.0042430
