Drôme	7434	5.2044369	44.7296457
Piauí	302819	-41.7295418	-6.7521264
Adar	2888899	-8.3539358	30.1643807
Albi	135628	2.1472616	43.9291438
Loucé	3309970	-0.1037445	48.6989340
Bali	1615621	115.1223866	-8.2356581
Arad	2248721	21.8937624	46.2936654
Bivès	128252	0.8095003	43.8316961
Éloyes	941515	6.6248823	48.0913073
Trézény	453380	-3.3598483	48.7545780
Naha	4556097	127.6605066	26.2156300
Janzé	59866	-1.5063834	47.9437489
Mouazé	139681	-1.6080542	48.2194713
Isômes	2348625	5.3040487	47.6355569
Méras	2004191	1.3070586	43.1831432
Frazé	2071098	1.1029850	48.2629081
Barc	550272	0.8193837	49.0793466
Gesté	296227	-1.1168304	47.1833692
Tréal	146193	-2.2208881	47.8304996
Létra	1125828	4.5353406	45.9766691
Sérent	145218	-2.4993164	47.8245182
Foëcy	191487	2.1577305	47.1804304
Cloué	135831	0.1668707	46.4463870
Morée	273611	1.2498009	47.9144884
Rillé	1316123	0.2245631	47.4502449
Ariño	345362	-0.5909125	41.0508138
Mályi	1440874	20.8230366	48.0178918
Kühsen	1464848	10.6127784	53.6843973
Tarrés	342733	1.0268491	41.4291515
Évisa	2432259	8.8337015	42.2845378
Tófej	1356971	16.8030018	46.6716463
Sóller	346488	2.6970263	39.7784098
Sormás	1320799	16.9168390	46.4761294
Boussé	5257768	-1.8331252	12.7017615
Violès	184029	4.9535187	44.1764503
Ereño	345259	-2.6158753	43.3512267
Hénon	339093	-2.6868318	48.3885624
Lísek	441745	16.1761374	49.5812029
Taszár	1367911	17.9031267	46.3855787
Bali	3720852	10.9522618	8.0906257
Çumra	280991	32.8465225	37.5208837
Ilgın	1250973	31.8880269	38.3058767
Quận 12	6923167	106.6642445	10.8615373
Jala	5605908	-104.4450318	21.2025645
Jinín	438786	13.9877323	49.2297922
Levél	1492746	17.1942722	47.8857829
Llubí	342598	3.0297623	39.7003389
Dřevčice	437104	14.6377280	50.1669283
Libež	441502	14.9211870	49.7570978
Slopné	440919	17.8546883	49.1577096
Zlatá	437118	14.7059638	50.0401714
Riaño	345048	-5.0284045	42.9752808
Osloß	1355741	10.6704644	52.4730169
Chal	6566881	69.5361504	36.5019508
Maia	3384812	-8.6299982	41.2373456
Cortês	303739	-35.5305001	-8.4221385
Haan	66527	7.0157493	51.2080132
Šumice	441013	16.4536005	48.9858513
Brønnøy	408212	11.8211699	65.4136351
Odda	404153	6.8480443	59.9463228
La Fe	3995079	-67.4834440	-47.0880287
Bærum	406136	10.4997108	59.9289638
Fügen	80221	11.8527733	47.3469155
Środa Śląska	3045933	16.5928616	51.1702248
Sianów	2910212	16.3130457	54.2239330
Spálov	437562	17.7211630	49.7038272
Acsa	1375466	19.3818209	47.7944495
Murça	4201836	-7.4655598	41.4259347
Újlak	3263570	19.0368953	47.5273784
Arad	1376910	35.1700841	31.2273859
Mücke	418338	9.0669723	50.6274099
Embd	1685298	7.7999916	46.2184580
Bösel	1109690	8.0060716	53.0245006
Albi	1647415	2.0707997	43.9734836
Nóvita	1309474	-76.6445335	4.8429779
Chinú	1343467	-75.3866275	9.0231048
Mourão	5402660	-7.2223346	38.2975547
Progër	1252603	20.9667926	40.7035788
Lövsjön	7526179	16.9052400	59.1294466
Ömmern	254473	12.5040510	57.8048764
Assjön	2382156	14.9507425	57.7947350
Lövsjön	5704619	16.4754794	58.6918567
Fèves	115184	6.1311911	49.1891308
Pitkä	2444114	27.2106384	62.9634758
Ömmern	7672100	13.3357728	57.9253779
Wiórek	6990623	16.8905324	52.2979680
Parktó	2148962	18.4381170	46.8715417
Quatá	297905	-50.6369197	-22.2315000
Lövsjön	357501	18.0884753	62.9406267
Lövsjön	1619048	16.4302793	60.3884634
Lorvão	6553655	-8.3221567	40.2496726
Anha	5714251	-8.8006201	41.6623191
Mourão	6439761	-7.3107455	38.3605078
Klików	6287642	15.1960040	51.4700017
Żórawina	6374677	17.0368387	50.9822710
Río Otún	7811936	-75.7048298	4.8185457
Kovačići	6969256	18.4042439	43.8506928
Piève	3241365	9.2958281	42.6024411
Dara	3711588	8.1298572	12.7129459
Liba	3708100	4.3445891	11.7785717
Bali	3837903	10.0296645	5.8742111
다산동 (Dasan-dong)	3884089	127.0080703	37.5548838
Taba	3709593	7.7888604	11.2427627
Pond № 2	7517377	37.6111935	55.8349919
Hana	119174	-155.9907520	20.7671042
Dane	251462	-89.5011186	43.2540660
Bila	3166713	25.5868015	49.5890386
Bystrá	441066	15.3713305	49.5058266
Bila	3166714	25.7566477	49.0179290
Kameničná	440370	16.4433556	50.1194547
Lažany	442501	16.5479396	49.3595488
Garzón	1309450	-75.5551445	2.1625834
Lažany	438695	13.8901917	49.3595090
Røvika	7792407	7.4020708	62.7262213
Borøya	7081976	9.0150230	58.5822418
Sandö	5975945	17.8898031	62.8838108
Albi	39761	16.5909019	39.0377476
Elbe	1432666	10.2800733	52.0848917
Arresø	3118341	12.1313252	55.9771066
Šumice	437494	17.7189137	49.0267227
Ishëm	1249873	19.5637553	41.5321076
Laja	1632644	-72.5826908	-37.3114147
Elbe	238128	-122.1941983	46.7657585
Bunkyō Chō	5884279	133.8527440	34.3110963
Mourão	3018790	-51.1889240	-21.7274774
Quatá	5683235	-50.6369197	-22.2315000
Maia	5995971	-35.5615169	-6.7176791
Chéus	6197104	-35.7026323	-7.9330107
Cortês	6190992	-35.5305001	-8.4221385
Covões	6549255	-8.6019227	40.4511808
Mourão	5731131	-7.1981282	41.2414492
Bystrá	2321187	21.8203824	49.2444909
Husák	2386777	22.2879300	48.6935040
Górzna	7737529	16.4666113	50.5639890
Área 12	4683348	-65.1085625	-43.3106074
Área 21	6389259	-65.0743274	-43.2975097
Bystrá	2265961	19.6178653	48.8871398
Mojtín	1791245	18.4026831	48.9898565
Maia	5923262	-8.6309695	41.2335174
Tremês	6482785	-8.7620626	39.3604510
Lažany	2320211	21.0952661	49.0378551
Papín	2322649	22.0679665	49.1017597
Suché	2386591	21.8415199	48.7690872
Quirás	5739355	-7.1687642	41.9350539
Kameničná	2218899	18.0067159	47.8482961
Bunkyō Chō	5892137	133.7846225	34.2264890
Štítnik	2381130	20.3556085	48.6569225
Mięsy	6630310	20.9575951	51.8726317
Chyżne	4585101	19.6829190	49.4234635
Tabałówka	6816403	22.7003187	54.2030471
Lažany	438966	15.1121097	50.6062755
Phước Long	7090366	106.9993208	11.8267577
Edna	113927	-96.6492801	28.9769985
Zaldów	6581227	21.2664888	50.7407591
Stójków	6418834	16.8817705	50.3219761
Dratów	7074466	22.9680555	51.3466667
Hönig	3419769	9.7984258	48.8920843
Dlga	6834832	21.7948119	42.0045666
Maia	253741	-169.4263063	-14.1976645
Bali	2130352	115.2703855	-8.4560181
Neda	346500	-8.1274225	43.4990953
Lasków	6151548	20.2877428	50.7031594
Łomno	3812271	21.0498154	50.9153948
Maia	7540304	-25.3841082	37.8049056
Bystrá	2265912	19.6178653	48.8871398
Arda	2981830	-7.5727659	54.2859043
Patotí	7740004	-55.9078831	-27.3595837
Papín	2322563	22.0679665	49.1017597
Suché	2386514	21.8415199	48.7690872
Kameničná	2218845	18.0067159	47.8482961
Husák	2386716	22.2879300	48.6935040
Bystrá	2321122	21.8203824	49.2444909
Dara	2323955	22.2955049	49.0516321
Mötsch	6496502	6.5608063	49.9694074
Dean	3124407	143.9338130	-37.4611800
Crab	6430096	-7.6021288	52.6571876
Körrig	6656800	6.4823065	49.5973826
Mojtín	2220554	18.4026831	48.9898565
Kameničná	428532	16.4433556	50.1194547
Pěkov	432261	16.2221601	50.5737459
Vetlá	427216	14.2911478	50.4721290
Lesík	424866	12.6928596	50.3129478
Povodí	424427	12.4315246	50.1400594
Donín	435234	13.8978360	50.3186588
Jinín	425587	13.9919470	49.2298935
Sokolí	423670	15.8320342	49.2291368
Lažany	429345	16.5479396	49.3595488
Lažany	2320125	21.0952661	49.0378551
Šumice	431768	16.4536005	48.9858513
Bystrá	433417	15.3713305	49.5058266
Zálší u Chocně	428367	16.2486137	49.9652843
Lísek	435355	16.1929830	49.5909373
Zlatá	427768	14.7059638	50.0401714
Libež	426432	14.9211870	49.7570978
Suché	431659	13.9076300	50.6337120
Vörden	6739637	9.2271953	51.8167875
Spálov	432052	17.7211630	49.7038272
Štítnik	2381069	20.3556085	48.6569225
Slopné	431730	17.8546883	49.1577096
Owadów	4297076	20.1382627	51.3686193
Gajów	6410634	16.4218830	50.5310989
Edna	130136	-95.3591229	37.0566534
Dean	113268	-98.3614130	33.9392935
Stróżna	6098252	20.9817966	49.6959687
Dřevčice	429997	14.4994062	50.5828196
Owadów	3354045	21.1898291	51.4970077
Łupki	5903803	15.6491873	51.0165747
Murça	2209357	-7.4477828	41.4090400
Akka	2885797	-8.1615826	29.3352314
Büsnau	1107929	9.0787801	48.7476822
Férol	4288773	-1.3391120	47.4224491
Japón	4492577	-66.1194185	-17.3704307
Casa	7420033	-100.3240808	25.6761886
Gösmes	1560176	11.6434558	50.2358239
Garzón	2454788	-54.5421000	-34.5949491
Sayán	1944847	-77.2187916	-11.1332033
Adra	343250	-3.0605662	36.7814611
Šukiai	6895583	22.9259150	54.5861564
Družai	6661697	24.8786624	55.0249961
Lúcar	342926	-2.4407151	37.4338695
Tipán	1891409	-72.4967143	-15.7450028
Acas	1953196	-77.3390151	-10.5018944
