Néhou	1066707	-1.5582513	49.4257466
Soudé	2760232	4.3002270	48.7302344
Lézat	140802	5.9497715	46.5043892
Urbès	945236	6.9270775	47.8778537
Tassé	107522	-0.1384343	47.8897472
Varès	74417	0.3456082	44.4317170
Técou	135668	1.9392875	43.8398088
Bouër	107412	0.6448390	48.0785081
Jauzé	107500	0.3798226	48.2102475
Légny	252610	4.5745948	45.9047876
Droué	1938906	1.0639721	48.0294183
Péret	270509	3.3993592	43.5763252
Soucé	1125420	-0.6735431	48.4688833
Opojë	6914125	20.7018802	42.1108256
Válor	342609	-3.0960883	37.0316387
Nívar	341942	-3.5668247	37.2622541
Lújar	341656	-3.3959178	36.7755223
Viñas	345047	-6.4596252	41.7909352
Mjøsa	5301	10.7758475	60.7706234
Mezőnyárád	1418319	20.6605530	47.8593100
Artés	347957	1.9567911	41.7946432
Toéni	5193119	-3.1030363	13.4895102
Yondé	5676312	0.2194526	11.4512467
Békuy	6128649	-3.8917013	11.7374734
Petín	344589	-7.1085597	42.3606711
Gösen	2778373	11.8763758	50.9902820
Huité	4559597	-89.6801362	14.9109293
Limón	6042538	-85.5230297	15.7896054
Szőlősgyörök	1367969	17.6788353	46.7109547
Cútar	345410	-4.2190793	36.8618444
Uhřičice	438038	17.2889154	49.3787103
Litér	1078624	18.0074358	47.0908363
Vápno	440490	15.5302620	50.1034606
Dasný	437935	14.4055662	49.0218490
Brühl	168481	6.8895597	50.8181074
Viotá	1345218	-74.4987071	4.4381553
Rybné	440555	15.7368401	49.4225435
Hövej	1483471	17.0134308	47.5504213
Hulín	437391	17.4744516	49.3046280
Ouvéa	379251	166.5364328	-20.4077364
Tírig	346710	0.0706310	40.4344929
Ptení	438263	16.9305141	49.5194087
Řitka	442254	14.2874718	49.8972436
Büren	146479	8.5624634	51.5488811
Büren	5613334	8.5734749	51.5497445
Andøy	408160	15.7739747	69.2398567
Zádub-Závišín	436598	12.7430757	49.9716052
Ada	184911	-96.6859932	34.7538208
Előszállás	1407266	18.8130634	46.8280719
Körle	452210	9.5423499	51.1743352
Girón	1423476	-73.2906386	7.0497506
Miłomłyn	2989146	19.8370144	53.7710560
Puñal	7380742	-70.6371802	19.3977566
Velká Bíteš	441629	16.2055855	49.2787623
Tísek	437603	18.0223577	49.7908444
Thèze	1762424	5.9257021	44.3296059
Rrasë	1250614	19.8258065	40.9636094
Lüder	1250037	10.6671844	52.8039574
Fóios	6364287	-6.8959880	40.2851220
Övden	48996	14.4941276	56.6153181
Iperó	298236	-47.6151289	-23.4005385
Sójki	5408149	19.3954088	52.2815097
Janów	5390859	19.5812034	52.2210604
Ínsua	6436581	-7.7054688	40.6748645
Avões	6354509	-7.8378002	41.1166392
Węgry	6374675	17.0419875	50.9241966
Janów	3201472	21.5639112	51.5589489
Janów	6847201	23.3828744	51.1550373
Janów	3831598	20.4947371	51.1537923
Migášjávri	7192152	23.0375221	68.9343548
Migášjávri	7177678	22.4942486	68.8542282
Limón	4468172	-66.6244806	18.3260912
París	4468272	-67.1036676	18.0493072
Limón	4467805	-67.0660508	18.1849517
Tixán	3728336	-78.7702564	-2.1501361
Zuñac	6038377	-78.4137506	-2.1838840
Aysén	1982383	-74.3648870	-46.1434629
Limón	5698324	-83.0522744	10.0022948
Loíza	4467687	-65.8810620	18.4194604
Brühl	454167	8.4928582	49.3957632
Ada	182523	-83.8286203	40.7667630
Łyski	7095411	23.0383198	53.1502302
Závod	1501369	18.4223322	46.4050078
Løkta	7325637	12.7501045	66.1635150
Meøya	6163918	6.5994865	62.6207206
Nørvøya	6160942	6.2060390	62.4751323
Askön	6334551	17.4064978	60.5275734
Skály	436500	13.9916483	49.1761860
Janów	6843098	23.2445094	53.4623458
Krupá	441306	14.8842457	50.0267635
Krupá	442506	13.7314287	50.1693618
Skály	436470	14.1477374	49.2150420
Útila	5901151	-86.9487927	16.0965571
Dolná Ždaňa	2261456	18.7401903	48.5487712
Söder	3049247	13.0614695	55.5488210
Horná Kráľová	2210553	17.9003720	48.2408324
Záhor	2386790	22.2097919	48.6268858
Área 28	6407649	-65.1316139	-43.2912830
Área 19	6408619	-65.1221251	-43.2908354
Área 29	6407673	-65.0488109	-43.3739313
Varín	1861136	18.8634077	49.2063740
Zlaté	2277813	21.2097795	49.3449658
Iperó	5684894	-47.7027350	-23.3635185
Závod	2206951	17.0447954	48.5461795
Romãs	6412560	-7.6274725	40.7459474
Vinné	2386564	21.9684491	48.8091433
Staré	2386550	21.8746281	48.8565842
Tuhár	2273327	19.4903287	48.4284907
Zemné	2218543	18.0110037	47.9950240
Grüna	4298553	13.0792420	52.0292174
Söder	4055488	13.2084787	55.6894130
Hülsa	4179396	9.4504437	50.9460927
Günne	3493710	8.0404193	51.4800305
Otáez	5606127	-105.9178697	24.7121884
Ada	137298	-96.5165703	47.3008075
Jaświłki	6851358	22.9517101	53.4938318
Janów	2583745	19.1323177	51.9182048
Janów	6628967	21.1232268	51.8645273
Griķi	6215411	24.5701075	57.0854513
Toéni	6197743	-3.1839607	13.4384434
Grüna	414877	12.7939760	50.8270549
Thèze	2800490	-0.3453830	43.4759155
Godów	3854583	18.4781090	49.9222604
Godów	3809590	21.1850353	50.9721463
Maków	3418391	21.2502734	51.3457289
Janów	3418370	21.2269262	51.3780915
Janów	6564579	21.7679578	50.9261245
Niekłań Mały	3830875	20.6019544	51.1625121
Chyża	3851562	23.2098359	50.7355255
Brühl	1956119	7.8345689	48.0295103
Janów	3785129	21.7418025	51.0280326
Janów	3849115	20.5684391	51.3365490
Janów	3792000	21.5048216	51.1350641
Újazd	1799438	18.0753965	48.9452674
Horná Kráľová	2210539	17.9003720	48.2408324
Büren	5661393	6.6601629	49.3623203
Varín	2227558	18.8634077	49.2063740
Söder	5525180	12.6869429	56.0315587
Hulín	430513	17.4708361	49.3046892
Uhřičice	434723	17.2889154	49.3787103
Zemné	2218508	18.0110037	47.9950240
Bad	3413987	10.3673744	52.0572437
Dolná Ždaňa	2261417	18.7401903	48.5487712
Zolná	2265013	19.2304862	48.6118734
Zlaté	2277748	21.2097795	49.3449658
Tuhár	2273276	19.4903287	48.4284907
Vinné	2386523	21.9684491	48.8091433
Staré	2386509	21.8746281	48.8565842
Velká Střítež	429645	15.7500780	49.7885123
Vinné	429478	14.2073895	50.5847539
Hřivčice	435610	13.9248810	50.3382965
Lošov	433206	17.3742431	49.6239048
Tísek	432097	18.0223577	49.7908444
Rybné	426993	15.7368401	49.4225435
Krupá	424852	13.7314287	50.1693618
Staré	433582	13.8943526	50.4815804
Račice u Štětí	432495	14.3481894	50.4582100
Skupá	424846	13.7275639	50.0159685
Dasný	426161	14.4055662	49.0218490
Jamný	427041	14.2507976	49.3427150
Řitka	435968	14.2874718	49.8972436
Velká Bíteš	429179	16.2349692	49.2926078
Pánov	429877	16.2856315	49.3121250
Ptení	430696	16.9305141	49.5194087
Mezné	436387	14.4854126	49.6220641
Krámy	434979	14.3364884	49.8032934
Záhor	2386753	22.2097919	48.6268858
Závod	2206948	17.0447954	48.5461795
Klokočí u Olší	429356	16.3059203	49.4205671
Vápno	423345	14.9125618	50.6316773
Żdżanne	6860621	23.4064328	51.0090999
Godów	7657221	22.1084983	51.0874630
Brühl	5732221	9.2679609	48.7458003
Janów	3642902	21.8500775	51.4097369
Soból	7052598	23.6345510	50.5931450
Fossé	279982	1.2753561	47.6333668
Cléry	111533	6.2729929	45.6476271
Janów	6244694	20.5106791	50.8604853
Janów	3713532	18.6086089	51.3645384
Maków	3472319	19.8947331	50.3750199
Janów	6438599	20.5954420	50.5712098
ež. Čičirys	1727154	26.0583113	55.8229073
Wieża	6066197	15.3971122	51.0173923
Janów	4016447	20.8595516	52.2619847
Skalø	5325756	11.3599992	54.9622000
Janów	3624513	21.4868028	51.3600729
Lüder	2914106	10.6652779	52.8081431
Lönen	6608139	16.1581856	58.5676915
Peró I	5228071	-45.2632786	-21.6877990
Godów	2376580	21.1457060	51.3676717
Cléry	153281	5.4999227	47.2961915
Fossé	3276333	5.0022651	49.4478645
Janów	6085931	17.5254642	50.7877614
Janów	7637192	22.3657677	51.3879294
Nuñoa	1918557	-70.7115181	-14.3774034
Janów	5641073	19.5649875	51.7523109
Cózar	348326	-3.0959939	38.6649267
Buñol	346693	-0.8139930	39.4367649
Sahún	348110	0.4470203	42.6029991
Girón	107303	-79.1240350	-3.1728978
Silió	3144325	-4.0187332	43.1483974
