Yap	3819422	146.1285412	7.5559999
Eup	1450741	0.6891399	42.9257215
Bödeháza	1311722	16.4035518	46.6480674
Bókaháza	1359594	17.1016740	46.7766438
Kuršėnai	2635706	22.9515273	55.9984181
Zülow	1451511	11.2607714	53.5814640
Mey	106479	6.2383038	49.1368533
Ley	120711	6.6587626	48.7346878
Petráveč	441615	16.0388825	49.3351527
Lez	1450227	0.7001009	42.9112152
Cox	148991	1.0419360	43.7607234
Vas	22250	16.8428994	47.0875164
Eyl	1720104	49.6873486	7.9875173
Tepebaşı	1687970	30.5653649	39.8343146
Garðabær	2556726	-21.8784722	64.0671386
Kajárpéc	1440744	17.6233045	47.4840884
Hélécine	2102788	4.9739268	50.7467341
Hrabišín	438079	17.0336231	49.9173849
Ukk	1078582	17.2278177	47.0391964
Pszów	2828745	18.3962189	50.0449928
Pszów	2828737	18.3962189	50.0449928
Bus	1960033	2.9584907	50.0627244
Zabłudów	1745177	23.3226347	53.0126914
Vik	409074	6.5941050	61.0349663
Pásztói járás	2376140	19.5796723	47.8434868
Umi	4008302	130.5341973	33.5615975
Ugo	4119959	140.3628247	39.1729860
Rácalmás	1420734	18.9055932	47.0201093
Pol	1861858	-7.3225118	43.1432041
Ely	170115	-114.8700629	39.2686630
Zao	3800455	140.6160196	38.0920880
Ely	137427	-91.8554907	47.9046554
Gáborján	1443819	21.6509891	47.2527885
Slunečná	436583	14.4814670	50.7455334
Cox	343399	-0.9072850	38.1437699
Želva	2629193	25.0980155	55.2181138
Ins	1682492	7.1080354	47.0022498
Arx	74501	0.0954766	44.1086189
Mon	5996481	97.3204495	17.1113076
Veo	5664464	8.6591027	61.6353443
Rio	2218282	125.2674628	-8.8043712
Dyn	3108000	18.4040047	59.2981519
Veo	5635874	8.9424940	61.6489304
RW 02	5963128	107.6123178	-6.2287223
Bocheń	5792017	19.8199875	52.1046412
Guaraçaí	298258	-51.2586569	-21.0790001
Płazówka	6896399	21.8345910	50.3050046
Dąbrówno	6856219	20.0449925	53.4347444
Chełstów	6240137	17.5188012	51.3309855
Kiełczów	5487126	17.1755723	51.1424606
Kałużnik	6518918	17.7703391	50.4377770
Säynäjärvi	2692300	24.1627762	61.5842669
Nis	7289967	21.9117713	43.3190349
Iso-Kähtävä	7282941	24.3941344	64.0184353
RW 11	4681403	106.7369080	-6.4275055
Naidų ež.	2703767	25.0939765	55.0949920
Boğaziçi	1773770	34.7414804	39.1021458
Bandrélé	3366522	45.1693102	-12.9336777
Ofu	253747	-169.6786979	-14.1704455
Jestřebí	440181	14.5675904	50.6057270
Lye	123785	1.4694388	47.2197594
Sedliště	436996	18.3600880	49.7205456
Sedliště	436717	16.2806896	49.8969812
War	240095	-81.6832193	37.3011284
Kråkvågøya	6214006	9.3283336	63.6446634
Ios	542011	25.3334354	36.7172818
Sedliště	436797	15.2175842	50.3971617
Sedliště	436220	13.6207020	49.5322932
Gołuchów	4011754	17.9277632	51.8425552
Jestřebí	438088	16.8619102	49.8495451
Jestřebí	440638	16.1809503	50.3663452
Elz	324304	8.0168618	50.4233243
RW 01	5799738	106.8348130	-6.1404918
RW 10	5799441	106.7659615	-6.1938200
RW 01	5799888	106.7323579	-6.1531744
Tim	2955958	37.1214809	51.6200214
RW 02	5800595	106.8938563	-6.1122423
RW 01	5799693	106.8151810	-6.2153581
RW 02	5800005	106.8638308	-6.1946561
RW 01	5800475	106.8139487	-6.2266974
RW 20	5800633	106.9012543	-6.1680304
RW 10	5800715	106.8864933	-6.2570055
RW 02	5799526	106.8748129	-6.3272655
RW 11	7152645	106.8576839	-6.2331888
RW 02	7152654	106.8539154	-6.2269325
RW 01	7152655	106.8566904	-6.2268234
RW 01	5801356	106.8728369	-6.2965526
RW 01	5801785	106.7119631	-6.0992317
RW 02	5801468	106.8392040	-6.2597514
RW 11	7198545	106.8421888	-6.2264266
Wik	1000196	10.1256640	54.3591274
RW 10	5802006	106.8948062	-6.1529333
RW 02	5801168	106.8791499	-6.3330115
RW 10	5801819	106.9176989	-6.1513319
RW 11	5801202	106.8822741	-6.3317875
RW 10	5800240	106.8369629	-6.2205547
RW 02	5801355	106.8715605	-6.3016262
RW 20	5799505	106.9125439	-6.1742523
RW 01	5801145	106.9135350	-6.1793445
RW 02	5799722	106.9099547	-6.1841040
RW 10	5801393	106.9143059	-6.2184486
RW 01	5801107	106.8434070	-6.2121545
RW 01	5800147	106.8544191	-6.2119688
RW 10	5799826	106.9400130	-6.1117251
RW 02	5801080	106.8106791	-6.1748007
RW 01	5801066	106.8154037	-6.1812027
RW 02	5801786	106.7061334	-6.1013110
RW 02	5800375	106.8636320	-6.2098281
RW 02	5800441	106.8367346	-6.2120486
RW 01	5801077	106.8105579	-6.1800420
RW 02	5802035	106.8094000	-6.1844440
RW 01	7212540	106.8467976	-6.2077921
RW 02	5801109	106.8419232	-6.2079773
RW 10	5800297	106.8439959	-6.2091682
RW 01	5800815	106.8669541	-6.2001360
RW 10	5801515	106.8159168	-6.1921330
RW 02	5802094	106.8315959	-6.2824427
RW 02	5799887	106.7296352	-6.1511911
RW 01	7302014	106.8098560	-6.1869912
RW 11	5800623	106.8196005	-6.2094501
RW 01	7604180	106.8059427	-6.1256543
RW 02	5800857	106.8126767	-6.1874675
RW 02	5801067	106.8155730	-6.1800140
RW 10	5801509	106.8122888	-6.1808652
RW 02	5799694	106.8104576	-6.2146896
RW 02	5799914	106.8535597	-6.2161754
RW 11	7229855	106.8370683	-6.2144860
RW 10	5800207	106.8516647	-6.1660485
RW 02	5800146	106.8688398	-6.2166500
RW 02	5801985	106.7795400	-6.1830291
RW 01	5801237	106.8193633	-6.2323696
RW 02	5801419	106.8167244	-6.2139310
RW 02	5801606	106.8199732	-6.2282884
RW 02	5801313	106.8687365	-6.2216910
RW 01	5800144	106.8652439	-6.2136338
RW 10	5800607	106.8717279	-6.2120784
RW 10	5800746	106.8628251	-6.2375643
RW 01	5800941	106.8642622	-6.2206037
RW 01	5800372	106.8652546	-6.2095474
RW 11	5799442	106.7698178	-6.1930199
RW 01	5801653	106.8308689	-6.1494937
RW 02	5800444	106.9186046	-6.1706930
RW 10	5800835	106.9386193	-6.1702470
RW 01	5801678	106.7994781	-6.1792351
RW 11	5800223	106.8009447	-6.1678296
RW 10	5800224	106.7997370	-6.1687631
RW 02	5802009	106.7783897	-6.1628248
RW 11	5799597	106.7785896	-6.2090187
RW 01	7315545	106.7677706	-6.2112998
RW 02	5801205	106.9378036	-6.1853200
RW 01	5801207	106.9320565	-6.1853170
RW 01	5801733	106.7409247	-6.2071306
RW 11	5800106	106.8661209	-6.2052627
RW 10	5800105	106.8666548	-6.2072360
RW 02	7215362	106.8635366	-6.2287597
RW 01	7215363	106.8633965	-6.2269033
RW 01	5801811	106.7949622	-6.1846580
RW 01	7198388	106.8706622	-6.1840905
RW 02	5801546	106.7354436	-6.1800020
RW 02	7198387	106.8736017	-6.1849476
RW 01	5800348	106.8653647	-6.2445117
RW 02	5801810	106.7956226	-6.1926400
RW 11	5800585	106.8264057	-6.2832392
RW 01	5801557	106.7309103	-6.1787850
RW 10	5801931	106.8711113	-6.2440020
RW 01	5799589	106.8605187	-6.2446873
RW 01	5807141	106.7946843	-6.3091136
RW 11	5801262	106.7770147	-6.2299564
RW 10	7613476	106.7565363	-6.1325356
RW 10	5799762	106.7528639	-6.1398097
RW 02	5799591	106.8563909	-6.2449841
RW 01	5801888	106.8665826	-6.2705224
RW 02	5801760	106.7972456	-6.1749530
RW 02	5801889	106.8639207	-6.2749849
RW 10	5801112	106.8628809	-6.3239083
RW 01	5799553	106.8629151	-6.3284991
RW 11	5800686	106.9374665	-6.1325752
RW 10	5800685	106.9343441	-6.1248556
RW 02	5801613	106.9067223	-6.2937975
RW 10	5800625	106.9512830	-6.1542941
RW 10	5801718	106.7357053	-6.1435676
RW 01	5801013	106.9437893	-6.1542614
RW 02	5801015	106.9460668	-6.1503787
RW 02	5801952	106.7749744	-6.2002830
RW 01	5801615	106.8997843	-6.2888323
RW 10	5800574	106.9232835	-6.1158910
RW 02	5800519	106.8340414	-6.3029431
RW 02	5801829	106.9236287	-6.1334246
RW 01	5801827	106.9221015	-6.1295666
RW 11	5801110	106.8581339	-6.3280242
RW 11	5801087	106.8608618	-6.3051097
RW 02	5801235	106.8258056	-6.2371863
RW 01	5799580	106.8207148	-6.2129444
RW 02	5801679	106.8658540	-6.3427480
RW 10	5801111	106.8641204	-6.3359016
RW 02	5799662	106.8635600	-6.3028199
RW 10	5800366	106.6896981	-6.1455150
RW 10	5801464	106.8640080	-6.2975875
RW 11	5800367	106.6935142	-6.1455036
RW 01	5799397	106.6939087	-6.1389361
RW 02	5799567	106.6977307	-6.1610450
RW 10	5801924	106.6991446	-6.1654060
RW 10	5801705	106.7012414	-6.1383762
RW 11	5801923	106.7008060	-6.1714010
RW 02	5800148	106.7277700	-6.1111855
RW 01	5800502	106.7371545	-6.2173877
RW 02	5800653	106.7269299	-6.2196440
RW 10	5799942	106.7035871	-6.1177395
RW 02	5799426	106.7044454	-6.1358650
RW 02	5800326	106.7048309	-6.1560411
RW 01	5800325	106.7035930	-6.1505250
RW 11	5799759	106.7144913	-6.1211067
RW 01	5801346	106.7155455	-6.1064345
RW 11	5801704	106.7129032	-6.1453669
RW 10	5799582	106.7141069	-6.1699977
RW 01	5800634	106.7068230	-6.1611020
RW 11	5801825	106.7491679	-6.2011571
RW 20	7650874	106.6969792	-6.1332237
RW 11	5800099	106.7985387	-6.1477540
RW 10	5801689	106.8713715	-6.1971330
RW 01	5800200	106.7742730	-6.1264260
RW 10	5799598	106.7737370	-6.2101130
RW 11	5800716	106.8959725	-6.2618354
RW 02	5800709	106.8976399	-6.2849143
RW 01	5800711	106.8902605	-6.2869282
RW 10	5801201	106.8794161	-6.3502090
RW 01	5800041	106.8622276	-6.3406153
RW 10	5801295	106.8559237	-6.3312976
RW 01	5800616	106.8749532	-6.3459084
RW 10	5801619	106.8722655	-6.2802791
RW 02	5800816	106.8699701	-6.2002378
RW 11	7737328	106.7484086	-6.2884733
RW 02	5800353	106.8194960	-6.2901125
RW 02	5802032	106.7660178	-6.1417836
RW 11	5799795	106.8513448	-6.3371252
RW 10	5801368	106.8295881	-6.3415910
RW 10	5801543	106.8355358	-6.3424391
RW 02	5799916	106.8557969	-6.3392778
RW 02	5802079	106.8354140	-6.3470416
Guaraçaí	5683116	-51.2586569	-21.0790001
RW 01	5801965	106.8100415	-6.2367550
RW 01	5799724	106.9117213	-6.1900800
RW 01	5801031	106.8806563	-6.2384171
RW 02	5801221	106.8231836	-6.2094521
RW 11	5800963	106.8650285	-6.2417690
RW 02	5801695	106.8659398	-6.2278343
RW 02	7560871	106.8174411	-6.2373448
RW 10	5800962	106.8687346	-6.2278817
RW 01	5801312	106.8686703	-6.2258735
RW 01	5801694	106.8654890	-6.2257226
RW 02	5801030	106.8788345	-6.2349380
RT 04	5977486	107.4600924	-6.1803914
RW 02	5799595	106.8752418	-6.2339891
RW 01	5802078	106.8341191	-6.3530931
RW 01	5801102	106.8372830	-6.3127093
RW 01	5801429	106.8291832	-6.3333139
RW 02	5801631	106.8394995	-6.3180616
RW 10	7737513	106.7687057	-6.3174206
RW 01	5800766	106.8748796	-6.2294301
RW 01	5799507	106.8846671	-6.2342506
RW 02	5800166	106.8847813	-6.2294786
RW 11	5800069	106.8869093	-6.3566855
RW 01	5800517	106.8294612	-6.3000764
RW 02	5801431	106.8171207	-6.3319493
RW 01	5799868	106.7910757	-6.1808195
RW 01	5799973	106.8956568	-6.1734562
RW 10	5801542	106.8793289	-6.2245835
RW 01	5800188	106.8879855	-6.2061236
RW 01	5799644	106.8036719	-6.2150615
RW 02	5801434	106.7976033	-6.2182754
RW 01	5800268	106.9026275	-6.2119100
RW 02	5800405	106.8072849	-6.1906594
RW 11	5801495	106.8088818	-6.1982020
RW 01	5800466	106.8766314	-6.1892855
RW 01	5801351	106.8966763	-6.2138453
RT 05	5977490	107.4621658	-6.1807853
RT 14	5977509	107.4689886	-6.1854110
RW 10	5800261	106.8091445	-6.1823179
RW 01	5800714	106.8086657	-6.1832231
RW 02	5801399	106.8853967	-6.1828781
RW 02	5801878	106.8778618	-6.1910150
RW 11	5802022	106.9081045	-6.1953485
RW 01	5800859	106.8114210	-6.1876540
RW 02	7302013	106.8080699	-6.1873656
RW 02	5799867	106.7854913	-6.1833910
RW 01	5800404	106.8090951	-6.1904546
RW 01	5799960	106.7581817	-6.2006321
RW 02	5799972	106.9007069	-6.1711516
RW 02	5799788	106.8010597	-6.1919181
RW 01	5799786	106.8038849	-6.1916815
RW 10	5801494	106.8014789	-6.2026831
RW 02	5801642	106.7196701	-6.1488410
RW 10	5801048	106.8550483	-6.2151358
RW 10	7152646	106.8528907	-6.2336401
Kolíňany	2210178	18.2213971	48.3544209
RW 01	5799531	106.8484466	-6.2229366
RW 10	5799697	106.8762896	-6.3575921
RW 02	4439314	106.7984960	-6.3594564
RW 02	5800614	106.8725139	-6.3476347
RW 10	5801962	106.8764699	-6.3198559
RW 01	5799528	106.8663155	-6.3263948
RW 11	5801717	106.7337892	-6.1277707
RW 01	7737758	106.7714301	-6.3129179
RW 02	5800619	106.8105363	-6.3327357
RW 01	5800890	106.7763871	-6.2251017
RW 02	5801808	106.8956324	-6.1902840
RW 01	5801453	106.9056837	-6.1839874
RW 02	5801587	106.9076553	-6.1822366
RW 02	5800267	106.9043436	-6.2088364
RW 02	5801518	106.8991437	-6.2100440
RW 02	5800854	106.8303502	-6.2305653
RW 11	5801047	106.8506841	-6.2154446
RW 02	5801006	106.6012107	-5.7383820
RW 01	5800851	106.8237314	-6.2274055
RW 02	5801286	106.8510672	-6.2222647
RW 02	7152616	106.8492583	-6.2316539
RW 11	5801796	106.7261333	-6.1357973
RW 01	5800151	106.7206357	-6.0982998
RW 01	7152617	106.8499389	-6.2272149
RW 10	5801795	106.7224623	-6.1307666
RW 11	5799410	106.7997297	-6.1310178
RW 10	5801463	106.8447727	-6.2156534
RW 01	5801333	106.7985720	-6.1636835
RW 02	5801335	106.7973934	-6.1636835
RW 02	5799679	106.8172023	-6.1634593
RW 02	5799651	106.8517760	-6.1641448
RW 01	5801732	106.8504677	-6.1650663
RW 01	5799827	106.8812807	-6.2406739
RW 11	5799581	106.7187177	-6.1655136
RW 11	5801581	106.9041217	-6.1653955
RW 01	5801753	106.8440395	-6.2388440
RW 11	5800897	106.7437371	-6.1604564
RW 02	5800823	106.8067764	-6.1626450
RW 01	5800825	106.8094326	-6.1635239
RW 02	5800948	106.7626891	-6.1593938
RW 10	5800668	106.7451640	-6.1645926
RW 01	5799982	106.8861002	-6.1614230
RW 02	5800091	106.8673345	-6.1620972
RW 02	5799983	106.8834211	-6.1627977
RW 02	5800024	106.8987108	-6.2149420
RW 01	5800092	106.8655737	-6.1612287
RW 10	5799513	106.9545770	-6.1620145
RW 01	5800945	106.7697058	-6.1627159
RW 11	5799629	106.8027120	-6.1615980
RW 10	5800095	106.7838639	-6.1462695
RW 11	5800096	106.7824756	-6.1477044
RW 10	5800988	106.7790854	-6.1565109
RW 01	5801779	106.7826279	-6.1602465
RW 10	5800480	106.7807665	-6.1361608
RW 10	5800797	106.7844861	-6.1583240
RW 02	5801782	106.7816162	-6.1571212
RW 01	5800971	106.7695580	-6.1092989
RW 02	5801270	106.7994617	-6.3117601
RW 11	5799726	106.8950783	-6.2148901
RW 10	5799844	106.8941551	-6.2127966
RW 02	5802100	106.7764469	-6.2216367
RW 02	5800648	106.7931861	-6.1983997
RW 01	5800944	106.8985267	-6.2113250
RW 01	5800089	106.8750163	-6.2136925
RW 11	5800269	106.8974912	-6.1996666
RW 01	5800646	106.7889264	-6.1960560
RW 11	5801626	106.7885136	-6.1999875
RW 01	7132318	106.8063418	-6.3288391
RW 10	5801627	106.7857516	-6.2042530
RW 11	5799817	106.8797051	-6.2104460
RW 11	5800508	106.8835318	-6.1803940
RW 11	5800802	106.7453498	-6.2270373
RW 01	5799829	106.7587651	-6.2287125
RW 10	5800801	106.7513504	-6.2279353
RW 01	5800452	106.8252258	-6.1515346
RW 01	5799993	106.8283400	-6.1463694
RW 01	5800828	106.8253353	-6.1475571
RW 02	5799452	106.8543016	-6.2192093
RW 02	5802037	106.8211573	-6.1385835
RW 01	5799451	106.8558196	-6.2172313
RW 01	5801050	106.7718506	-6.1870500
RW 01	5801688	106.8658973	-6.3131050
RW 02	5801686	106.8663333	-6.3087961
RW 01	5801901	106.8831382	-6.1273119
RW 01	5802034	106.7711848	-6.1434256
RW 02	5799740	106.8378799	-6.1403182
RW 01	5801667	106.8218918	-6.1413352
RW 11	7198392	106.8639251	-6.1815845
RW 02	5801734	106.7344276	-6.2123236
RW 02	5801372	106.7367209	-6.1861561
RW 11	5800904	106.9114292	-6.2314380
RW 10	5800331	106.9210774	-6.2246443
RW 10	5802023	106.9213985	-6.1969335
RW 01	7441195	106.9168149	-6.2316309
RW 11	5801392	106.9101227	-6.2217071
RW 02	5801914	106.8255109	-6.2168653
RW 02	5800910	106.9215174	-6.2285200
RW 10	5799898	106.7810841	-6.2279641
RW 10	5799389	106.8333245	-6.2141266
RT 13	5977508	107.4669944	-6.1855964
RW 02	7229856	106.8236760	-6.2135845
RW 01	5799547	106.8140704	-6.1439761
RW 01	5801244	106.7823690	-6.2332870
RW 01	5800260	106.7285095	-6.1958100
RW 01	5799809	106.7987540	-6.2588570
RW 10	7198393	106.8641424	-6.1861536
RW 02	5800458	106.8124056	-6.1433810
RW 01	5801641	106.7228061	-6.1476385
RW 01	7192902	106.8570717	-6.1920879
RW 02	7192901	106.8589023	-6.1950529
RW 01	7212844	106.8382907	-6.1888555
RW 10	5801511	106.9081874	-6.2351036
RW 01	5799425	106.7686185	-6.1511899
RW 02	7247260	106.8379923	-6.1843941
RW 02	5799958	106.7540358	-6.2026865
RW 02	5801676	106.8049439	-6.1785730
RW 02	5799422	106.7663356	-6.1532635
Ori	6205049	-39.3846834	-7.7375085
RW 01	5799897	106.8557406	-6.1988924
RW 10	5799821	106.7638681	-6.1562352
RW 01	7212620	106.8431248	-6.1982726
RW 01	5800306	106.8364488	-6.2070764
RW 01	5801744	106.8219774	-6.1883960
RW 11	5801513	106.8178528	-6.1922050
RW 02	5801747	106.8206036	-6.1879566
RW 02	5800800	106.8566139	-6.2039175
RW 02	7212619	106.8459551	-6.2010063
RW 02	5799623	106.8608102	-6.1986630
RW 11	5800624	106.9541678	-6.1464398
RW 01	5802020	106.8283676	-6.2078269
RW 02	7212539	106.8431181	-6.2028005
RW 02	7737521	106.7583714	-6.3212675
RW 01	5801448	106.7738082	-6.1511958
RW 01	7737522	106.7540600	-6.3215955
RW 02	5800665	106.8490688	-6.3243478
RW 01	5800666	106.8519462	-6.3236460
RW 11	5799478	106.7745117	-6.1797929
RW 10	5799489	106.8483810	-6.3280010
RW 02	5801251	106.8062524	-6.1247193
RW 01	5799620	106.8587077	-6.3380919
RW 10	5799614	106.8033468	-6.1314266
RW 10	5800837	106.8401633	-6.1351011
RW 01	5800113	106.8420731	-6.3102579
RW 10	5801436	106.8360572	-6.2894661
RW 01	5802095	106.8364951	-6.2837509
RW 02	5800972	106.7820663	-6.1122141
RW 10	5801490	106.7782590	-6.1085217
RW 20	5801223	106.7717117	-6.1081504
RW 02	5801933	106.7590088	-6.1779055
RW 11	7305024	106.7445407	-6.1679085
RW 10	5801544	106.7508637	-6.1692766
RW 10	5800171	106.8362649	-6.2807038
RW 10	5801135	106.7530715	-6.1718459
RW 01	5801375	106.7264393	-6.1843055
RW 02	5801752	106.8382142	-6.2372853
RW 02	5801002	106.7888930	-6.1536535
RW 11	5799763	106.7415013	-6.1303290
RW 01	5801758	106.7975091	-6.1775866
RW 02	5801343	106.7165161	-6.1150324
RW 10	5799758	106.7185721	-6.1260435
RW 01	5801282	106.7311794	-6.1580397
RW 02	5801283	106.7414032	-6.1577895
RW 01	5799702	106.7212346	-6.1709415
Renčišov	2277151	20.9521372	49.0898667
RW 02	5799704	106.7248967	-6.1769070
RW 02	5800830	106.8232573	-6.1473786
RW 10	5800011	106.8280767	-6.1490966
RW 02	5799832	106.7628641	-6.2264980
Olo	5830082	-8.0006023	41.2987067
RW 02	5800478	106.8034405	-6.2283084
RW 01	5801220	106.8012829	-6.2341946
RW 02	5801219	106.8059883	-6.2347034
RW 01	5800081	106.8048700	-6.1409646
RW 02	5801654	106.8331767	-6.1495082
RW 11	5801620	106.8740470	-6.2830136
RW 10	5800659	106.8800496	-6.1816546
RW 10	5801986	106.8450505	-6.1540802
RW 11	5800673	106.8279870	-6.1550230
RW 02	5800794	106.8669693	-6.2854658
RW 01	5801007	106.5988596	-5.7386667
RW 01	5801400	106.8897827	-6.1874371
RW 02	5801876	106.8284074	-6.1574790
RW 11	5800933	106.8729934	-6.1338247
RW 01	5800280	106.8500387	-6.1292196
RW 11	5801508	106.8094269	-6.1664264
RW 10	5800270	106.8912573	-6.1985335
RW 01	5800539	106.7851356	-6.1671690
RW 02	5800540	106.7867107	-6.1711596
RW 02	5800387	106.7821704	-6.2096757
RW 10	5800989	106.7816620	-6.2189759
RW 01	5800792	106.8702881	-6.2894683
RW 02	5801633	106.7818918	-6.2230394
RW 01	5800470	106.8285090	-6.1587096
RW 02	5799991	106.8269385	-6.1435342
RW 02	5801998	106.8408637	-6.1591264
RW 01	5799803	106.8354688	-6.1448396
RW 01	5800552	106.8238543	-6.1599805
RW 01	5801806	106.8928235	-6.1915641
RW 02	5799802	106.8393285	-6.1453421
RW 10	5799818	106.8821506	-6.2076486
RW 02	5799828	106.8857856	-6.2405797
RW 01	5801632	106.7800295	-6.2164375
RW 01	4439311	106.7977249	-6.3503398
RW 01	5801386	106.8715309	-6.2567747
RW 11	5800112	106.8038473	-6.2803760
RW 10	5801119	106.7747402	-6.2872815
RW 02	5801512	106.7763557	-6.2658811
RW 02	5801728	106.8056877	-6.2693850
RW 01	5801729	106.8113195	-6.2757725
RW 01	5801088	106.9160763	-6.3059658
RW 10	5800098	106.7913555	-6.1464159
RW 10	5799603	106.7944722	-6.1547235
RW 01	5800382	106.7972663	-6.1561842
RW 01	5800754	106.7924191	-6.1537895
RW 01	5801298	106.7951439	-6.1509121
RW 02	5801564	106.7983104	-6.1491948
RW 02	5799953	106.7949446	-6.1398193
RW 11	5800479	106.7917570	-6.1356394
RW 01	5801078	106.8091632	-6.1430257
RW 01	5801322	106.8068331	-6.1523884
RW 02	5799823	106.8699670	-6.2661148
RW 02	5801323	106.8068862	-6.1537301
RW 01	5800368	106.8097101	-6.1403360
RW 10	5800321	106.8053067	-6.1341549
RW 01	5800526	106.8064305	-6.1506950
RW 01	5801597	106.8059127	-6.1458244
RW 02	5800079	106.8035581	-6.1406256
RW 02	5799433	106.8063217	-6.1601025
RW 01	5800521	106.8062638	-6.1575635
RW 02	5801079	106.8072763	-6.1431045
RW 11	5799594	106.8096032	-6.1556568
RW 01	5800163	106.8088331	-6.1480325
RW 02	5800165	106.8087957	-6.1490368
RW 10	5800765	106.8101106	-6.1542666
RW 01	5799950	106.7985332	-6.1393936
RW 02	5800369	106.8102424	-6.1381959
RW 02	5800527	106.8064881	-6.1489982
RW 02	5801599	106.8056593	-6.1431040
RW 11	5800322	106.8020541	-6.1348409
RW 10	5800898	106.8008054	-6.1540467
RW 02	5800916	106.8006003	-6.1564989
RW 01	5800701	106.8003396	-6.1442599
RW 02	5800699	106.7998478	-6.1452865
RW 10	5799394	106.8770224	-6.1557313
RW 02	5799398	106.8622793	-6.1535556
RW 01	5799384	106.8634897	-6.1502530
RW 10	5800300	106.8524896	-6.1564827
RW 01	5800980	106.8591653	-6.1570710
RW 01	5800416	106.7458235	-6.2330808
RW 10	7563997	106.8963192	-6.1356307
RW 11	7563996	106.8940039	-6.1356307
RW 11	5801101	106.7743169	-6.2411429
RW 02	5800001	106.7838019	-6.2411304
RW 01	5799999	106.7828840	-6.2382816
RW 02	5799402	106.7860361	-6.2405692
RW 02	5799922	106.7883900	-6.2389037
RW 01	5801263	106.9288849	-6.1048215
RW 02	5801155	106.9300785	-6.1010981
RW 02	5801260	106.9312966	-6.1033938
RW 11	5800786	106.8710662	-6.2506065
RW 10	5800785	106.8674666	-6.2510291
RW 01	5799822	106.8670320	-6.2645019
RW 11	5800757	106.8658333	-6.2603889
RW 10	5800758	106.8660605	-6.2581214
RW 01	5800132	106.8602906	-6.2505203
RW 10	5800498	106.8814786	-6.2608309
RW 01	5800491	106.8813013	-6.2647329
RW 11	5800499	106.8780468	-6.2632870
RW 11	5801930	106.8751189	-6.2434580
RW 02	5800488	106.8758371	-6.2626578
RW 02	5801385	106.8716520	-6.2603131
RW 01	5801160	106.8935842	-6.3515883
RW 02	5801085	106.9183661	-6.3081430
RW 02	5801161	106.8987641	-6.3545423
RW 01	5801225	106.8919998	-6.3360179
RW 01	7483599	106.9149778	-6.3440072
RW 02	5800116	106.8916257	-6.3089628
RW 01	5800115	106.8868168	-6.3082938
RW 01	5801167	106.8859374	-6.3457682
RW 01	5799784	106.8583322	-6.2584057
RW 02	5800251	106.8526631	-6.2815391
RW 01	5800249	106.8541454	-6.2722065
RW 01	5800965	106.8576555	-6.3003512
RW 02	5800426	106.9451201	-6.1888450
RW 10	5801192	106.9471173	-6.1951910
RW 11	5801193	106.9494824	-6.2007155
RW 02	5801990	106.9628634	-6.1966513
RW 01	5799850	106.9652928	-6.2033765
RW 10	7434281	106.9621519	-6.1936805
RW 02	5800401	106.9685388	-6.1857886
RW 10	5799573	106.8486698	-6.1658440
RW 02	5799853	106.8545680	-6.1629337
RW 01	5799855	106.8562842	-6.1620627
RW 10	5801053	106.8591378	-6.1641555
RW 11	5800299	106.8568100	-6.1524757
RW 02	5800978	106.8574527	-6.1590912
RW 02	5801531	106.8432635	-6.1661757
RW 01	5799681	106.8165057	-6.1612205
RW 01	5801293	106.8223366	-6.1612465
RW 02	5801560	106.8221032	-6.1655066
RW 02	5802088	106.8308209	-6.1631626
RW 01	5802090	106.8320881	-6.1660390
RW 01	5801532	106.8422289	-6.1659838
RW 02	5799664	106.8295343	-6.2419410
RW 01	5799661	106.8235678	-6.2418384
RW 02	5800429	106.8148959	-6.2417717
RW 10	5799618	106.8502716	-6.1738855
RW 11	5800578	106.8512873	-6.1766030
RW 02	5801940	106.8598998	-6.1726112
RW 01	5800776	106.8533497	-6.1715016
RW 02	5800779	106.8533054	-6.1729670
RW 01	5801941	106.8580924	-6.1726112
RW 01	5800100	106.8467442	-6.1758961
RW 02	5800102	106.8469293	-6.1778640
RW 01	5802049	106.8456224	-6.1693716
RW 02	5802047	106.8500038	-6.1694339
RW 11	7218837	106.8617564	-6.2387789
RW 02	5801227	106.8909678	-6.3286860
RW 02	5800349	106.8647066	-6.2468446
RW 01	5802115	106.9279875	-6.1447122
RW 02	5802117	106.9268346	-6.1493393
RW 11	5801818	106.9193420	-6.1519097
RW 02	7483598	106.9091404	-6.3535160
RW 10	5801582	106.9076524	-6.1657875
RW 11	5800048	106.9114617	-6.1651093
RW 10	5800047	106.9127414	-6.1677777
RW 01	5799560	106.9286883	-6.2168811
RW 02	5801745	106.9362104	-6.2178285
RW 10	5799387	106.9254446	-6.2246540
RW 02	5799558	106.9259313	-6.2177425
RW 11	5799673	106.9043813	-6.2472088
RW 10	5799672	106.9010319	-6.2466576
RW 02	5799495	106.9368976	-6.2299455
RW 01	5799497	106.9395218	-6.2199021
RW 11	7735177	106.7516764	-6.2955116
RW 11	7737394	106.7589625	-6.2980830
RW 01	7735187	106.7632388	-6.2960548
RW 02	5799536	106.8157569	-6.2884486
RW 01	5800355	106.8223240	-6.2907390
RW 01	5800990	106.7821472	-6.2941635
RW 01	5801065	106.8080771	-6.2867971
RW 01	7737404	106.7603335	-6.3011103
RW 10	5800584	106.8222519	-6.2789684
RW 10	7737749	106.7662796	-6.2945942
RW 11	7737748	106.7654280	-6.3039602
RW 10	5800530	106.7911891	-6.3073499
RW 10	5799707	106.9407173	-6.2242955
RW 11	5799870	106.9372343	-6.2115295
RW 11	5799998	106.9359932	-6.2444076
RW 02	5801214	106.9391134	-6.2396275
RW 01	5801569	106.9371527	-6.2360575
RW 10	5799869	106.9307217	-6.2048820
RW 01	5801722	106.9327650	-6.2173841
RW 10	5801860	106.9322383	-6.2265550
RW 01	5801841	106.9282243	-6.2130127
RW 02	5801839	106.9331604	-6.2125780
RW 11	5801861	106.9337254	-6.2294760
RW 10	5801907	106.9291940	-6.2441561
RW 11	5799708	106.9468541	-6.2209630
RW 02	5799381	106.8974432	-6.3101319
RW 01	5799385	106.8977211	-6.3213627
RW 02	5799483	106.9041350	-6.3376655
RW 01	5799485	106.9041612	-6.3459435
RW 02	5801063	106.8022515	-6.2974220
RW 01	5802018	106.9013101	-6.1223505
RW 10	5801045	106.9119913	-6.1224215
RW 11	5802007	106.9055255	-6.1471464
RW 02	5802042	106.9104486	-6.1314806
RW 11	5799429	106.9071025	-6.1170206
RW 20	5799746	106.8965052	-6.1521106
RW 02	5799917	106.9088001	-6.1093375
RW 11	5800592	106.8984377	-6.1129595
RW 10	5800591	106.8954326	-6.1126691
RW 01	5800597	106.8947838	-6.1107194
RW 01	5801287	106.9021639	-6.1333513
RW 02	5801288	106.9009842	-6.1311911
RW 11	5801781	106.9018667	-6.1195706
RW 10	5801983	106.8983622	-6.1216512
RW 02	5802017	106.8998711	-6.1165060
RW 01	5802025	106.9059275	-6.1315705
RW 10	5799680	106.9121766	-6.1168886
RW 01	5800688	106.9141054	-6.1094696
RW 01	5801461	106.9155259	-6.1206200
RW 02	5801460	106.9114556	-6.1269445
RW 02	5801604	106.8448557	-6.2475549
RW 02	5800131	106.8594700	-6.2488095
RW 01	5799933	106.8460236	-6.2650026
RW 02	5799931	106.8495079	-6.2652362
RW 10	5801133	106.8500898	-6.2611237
RW 01	5799878	106.8417733	-6.2682525
RW 02	5799782	106.8551524	-6.2581622
RW 02	5800590	106.8307125	-6.2585998
RW 01	5801602	106.8397901	-6.2518726
RW 01	5801909	106.8324114	-6.2561503
RW 02	5801435	106.8290984	-6.2462924
RW 01	5801426	106.8288338	-6.2506948
RW 02	5800727	106.8156543	-6.2676529
RW 02	5801477	106.7824729	-6.2503173
RW 02	5800627	106.7509731	-6.2463873
RW 02	5801370	106.7613635	-6.2568719
RW 01	5799404	106.7900007	-6.2437680
RW 01	5799523	106.7649631	-6.2526333
RW 02	5799955	106.8038290	-6.2520834
RW 01	5800428	106.8087425	-6.2473620
RW 10	5800675	106.7886714	-6.2458865
RW 10	5800804	106.7754388	-6.2483545
RW 11	5800803	106.7704378	-6.2488115
RW 01	5801479	106.7797820	-6.2514132
RW 11	5801499	106.8138869	-6.2468041
RW 10	5801553	106.7685331	-6.2403477
RW 01	5801714	106.7787197	-6.2395207
RW 11	5801768	106.7935203	-6.2514553
RW 01	5801948	106.8010047	-6.2446782
RW 02	5801949	106.8054233	-6.2433575
RW 02	5801932	106.7913224	-6.2517146
RW 01	5801043	106.7589045	-6.2453318
RW 11	5799472	106.8074288	-6.2630730
RW 02	5799810	106.8016193	-6.2634156
RW 10	5800176	106.8110664	-6.2649410
RW 02	5800899	106.7931516	-6.2656843
RW 10	5801769	106.7903525	-6.2625779
RW 02	5800128	106.8174745	-6.2447205
RW 10	5800630	106.8189390	-6.2533865
RW 01	5800728	106.8153999	-6.2565173
RW 01	5801317	106.8183751	-6.2420046
RW 10	7737329	106.7479999	-6.2835703
RW 11	5801120	106.7722601	-6.2686212
RW 01	5801147	106.7741067	-6.2625164
RW 01	5800810	106.7988590	-6.2550435
RW 11	5801871	106.7836419	-6.2596510
RW 02	7735186	106.7552627	-6.2870682
RW 11	5799928	106.7602068	-6.2742961
RW 10	5800218	106.7668146	-6.2580724
RW 01	5801308	106.7648560	-6.2638958
RW 02	5801307	106.7622569	-6.2630337
RW 10	7735178	106.7608308	-6.2799217
RW 02	7737337	106.7472875	-6.2788287
RW 10	5801870	106.7736961	-6.2566142
RW 10	5800110	106.7927700	-6.2827223
RW 02	5799637	106.7714385	-6.2057750
RW 10	5801137	106.8451742	-6.2913080
RW 11	5802067	106.7865667	-6.2117191
RW 01	5800388	106.7802777	-6.2122456
RW 01	5800883	106.8438284	-6.2822237
RW 02	7333225	106.8402074	-6.2810927
RW 01	7737338	106.7496692	-6.2742355
RW 10	7737395	106.7541803	-6.3004198
RW 02	5800417	106.7492564	-6.2338530
RW 11	5799845	106.8950600	-6.2063295
RW 10	5801659	106.8382317	-6.2281390
RW 02	7737403	106.7568986	-6.3001905
RW 02	5800189	106.8911358	-6.2044975
RW 10	5800309	106.8880387	-6.2205211
RW 02	5800550	106.8209531	-6.1593920
RW 11	5799427	106.7413746	-6.2130905
RW 11	5800337	106.8800470	-6.2179995
RW 10	5800336	106.8815638	-6.2199235
RW 11	5800173	106.9472680	-6.1831639
RW 01	5800423	106.9551114	-6.1842115
RW 01	5800399	106.9623388	-6.1859841
RW 01	5801992	106.8395727	-6.1610929
RW 02	7737757	106.7698366	-6.3008384
RW 01	5799534	106.8084707	-6.2975140
RW 02	5800991	106.7716042	-6.2945831
RW 01	7392392	106.7880939	-6.2660695
RW 11	5800558	106.8809508	-6.1108655
RW 01	5799640	106.8817439	-6.1151242
RT 04	4681408	106.7376234	-6.4272563
RW 10	5800064	106.8779211	-6.1244614
RW 01	5799613	106.8124419	-6.1491570
RW 02	5801874	106.8134574	-6.1491036
RW 02	5800691	106.8219436	-6.1508015
RW 10	5799861	106.8124899	-6.1532350
RW 01	5799512	106.8163297	-6.1549891
RW 01	5799733	106.8193059	-6.1406230
RW 02	5801720	106.8190524	-6.1421961
RW 10	5800273	106.9168712	-6.1020330
RW 11	5800573	106.9223646	-6.1116551
RW 11	5800544	106.9095146	-6.1196925
RW 11	5801176	106.9019475	-6.2977098
RW 01	5799658	106.9357724	-6.0981817
RW 10	5800118	106.9089871	-6.2963614
RW 01	5799477	106.8823962	-6.2877920
RW 10	5799479	106.7703734	-6.1802776
RW 01	5799923	106.7868395	-6.2366563
RW 01	5801935	106.7646716	-6.1802359
RW 02	5799475	106.8849282	-6.2934519
RW 02	5800687	106.8770019	-6.2227025
RW 01	5799434	106.7873350	-6.2590957
RW 11	5801369	106.8325840	-6.3350277
RW 02	5800340	106.8763168	-6.2902538
RW 01	5799411	106.9621169	-6.1059976
RW 10	5801054	106.9633998	-6.0984778
RW 02	5800259	106.7442226	-6.1950321
RW 02	5801834	106.9631989	-6.1110795
RW 02	5802101	106.7781463	-6.2369551
RW 02	5800201	106.7716157	-6.1383831
RW 10	5800587	106.9000422	-6.1860926
RW 11	5801245	106.9640629	-6.0955135
RW 02	5801974	106.9259925	-6.1124035
RW 01	5801976	106.9250962	-6.1097033
RW 11	5800778	106.9076023	-6.2381810
RW 02	5800181	106.8787349	-6.1173167
RW 01	5800183	106.8760717	-6.1179332
RW 10	5800557	106.8781785	-6.1149468
RW 11	5800876	106.8639038	-6.1415734
RW 10	5799520	106.8651533	-6.2888255
RW 02	5801451	106.8733989	-6.1188890
RW 02	5800210	106.8441182	-6.1354023
RW 01	5801913	106.8215347	-6.2176253
RW 11	5799645	106.7710106	-6.1051501
RW 10	7612833	106.8620682	-6.1155782
RW 11	5799977	106.8256782	-6.1234762
RW 01	5800230	106.8188560	-6.1228550
RW 01	5800212	106.8432868	-6.1325485
RW 11	5800836	106.8415959	-6.1304181
RW 02	5801377	106.8281031	-6.1283134
RW 02	5800281	106.8520962	-6.1336091
RW 10	5800564	106.8465201	-6.1302926
RW 10	5800875	106.8600428	-6.1442705
RW 20	5802057	106.8545822	-6.1396823
RW 01	5801928	106.8761864	-6.2242981
RW 02	5801910	106.5682698	-5.6545885
RW 01	5800759	106.5663043	-5.6548271
RW 01	5800568	106.7048853	-5.9771902
RW 02	5800567	106.7078725	-5.9771921
RW 02	7583728	106.5780420	-5.6520961
RW 01	5802070	106.4954553	-5.7978026
RW 02	5802073	106.5253063	-5.8038873
RW 02	5801239	106.5870909	-5.9307325
RW 01	5801238	106.5881823	-5.9327947
RW 01	7583729	106.5767923	-5.6532132
RW 10	5799456	106.8329591	-6.1448769
RW 02	5800088	106.8773761	-6.2132856
RW 02	5799908	106.8506252	-6.3114960
RW 11	5801138	106.8471130	-6.2956232
RW 02	5800453	106.8440770	-6.2698936
RW 11	5799457	106.8292538	-6.1378924
RW 11	5800065	106.8761351	-6.1214219
RW 01	5801589	106.8762893	-6.1166952
RW 01	5800848	106.8736756	-6.2679771
RW 01	5801467	106.8463535	-6.2582799
RW 02	5801902	106.8826072	-6.1292641
RW 02	5800023	106.8841058	-6.1135975
RW 02	5801124	106.8890302	-6.1133539
RW 01	5800338	106.8765430	-6.2848111
RW 02	5800849	106.8751713	-6.2738469
RW 10	5801699	106.8579493	-6.1988643
RW 01	5800032	106.8240718	-6.1847443
RW 01	5801618	106.8880422	-6.1150730
RW 11	5799395	106.8868803	-6.1497449
RW 11	5800293	106.8603938	-6.2222296
RW 11	7737512	106.7582279	-6.3169846
RW 02	5800940	106.8619193	-6.2196273
RW 10	5800272	106.8838424	-6.1251189
RW 10	7199153	106.8630980	-6.2220941
RW 01	5801954	106.7660809	-6.1999607
RW 02	7198401	106.8611074	-6.1793310
RW 01	5800465	106.9013204	-6.2262295
RW 02	5799896	106.8569045	-6.2001061
RW 11	5800296	106.8413426	-6.2096425
RW 02	5800305	106.8340920	-6.2097016
RW 02	5800439	106.8437493	-6.1811667
RW 01	5801299	106.8599973	-6.1960447
RW 01	5801441	106.8394999	-6.1769915
RW 01	5801936	106.8536929	-6.2010737
RW 01	7198402	106.8589987	-6.1745386
RW 11	5801501	106.8864860	-6.1163385
RW 10	7212531	106.8435781	-6.2073230
RW 01	7247261	106.8374773	-6.1824735
RW 01	5799727	106.8519822	-6.1842796
RW 02	5799771	106.8533965	-6.1792935
RW 02	5800042	106.8529185	-6.1758450
RW 01	5801089	106.8330402	-6.1774487
RW 10	5801500	106.8915993	-6.1247184
RW 02	5801444	106.8405822	-6.1757660
RW 01	5800440	106.8451280	-6.1793176
RW 02	5800033	106.8276922	-6.1841570
RW 02	5801090	106.8269165	-6.1757902
RW 10	5801665	106.8219230	-6.1849250
RW 02	7253073	106.8214589	-6.2009401
RW 01	5800043	106.8525062	-6.1767325
RW 01	5799772	106.8534790	-6.1782655
RW 02	5800310	106.8534021	-6.1810395
RW 11	5799978	106.8591551	-6.1857466
RW 10	5799440	106.8845124	-6.1981561
RW 02	5800059	106.8454810	-6.1907361
RW 01	7212578	106.8316277	-6.1933976
RW 10	5800529	106.7255524	-6.2084962
RW 02	5799601	106.7852057	-6.2346669
RW 02	7212843	106.8403288	-6.1905881
RW 10	5799979	106.8542884	-6.1834790
RW 10	5800579	106.8510056	-6.1852415
RW 02	5800736	106.8512200	-6.1900745
RW 11	5799446	106.8845396	-6.2002811
RW 02	5799555	106.8531846	-6.3212983
RW 01	5800057	106.8438383	-6.1894165
RW 11	5802103	106.7314834	-6.1939690
RW 10	5802104	106.7286919	-6.2006746
RW 10	5799742	106.8354001	-6.1837730
RW 02	7212577	106.8355852	-6.1929891
RW 01	5800735	106.8488272	-6.1902245
RW 01	5800006	106.8619160	-6.1948820
RW 10	5800451	106.8662727	-6.1305214
RW 02	5799515	106.8128508	-6.1549108
RW 10	5801824	106.7464108	-6.2030221
Hum	7761337	14.0490150	45.3492311
RW 11	5800796	106.7862559	-6.1594755
RW 11	5800606	106.8679509	-6.2109279
RW 02	5800464	106.8958414	-6.2263741
Pardołów	3831548	20.6071233	51.1200532
Rio	251789	-89.2356085	43.4489295
Biełki	6783205	23.1640711	52.5617781
Loo	2120102	25.0950232	59.4414737
Olo	6589863	-8.5554946	42.0229759
Boz	138962	4.9072931	46.4085044
Małastów	4521403	21.2601033	49.5599996
Rio	125642	-90.3994455	41.1089574
Ewo	3221150	14.7582061	-0.7027775
Mon	2027987	95.0206581	26.7408496
Ely	129084	-91.5810955	41.8753191
Zap	181713	-101.9243395	47.2853615
Fiałki	6891900	19.6672436	53.2165574
Boy	7128541	6.9808059	51.5364201
RT 04	5796040	106.8612709	-6.2381012
Thị trấn Hóc Môn	7638093	106.5935506	10.8854378
Ely	7585651	-3.2583386	51.4762376
Raw	4666501	-7.2245169	54.5384743
DLF 5	3635351	77.0967596	28.4528975
RT 13	5794672	106.8612142	-6.2205047
RT 14	5794930	106.8615590	-6.2211604
RT 04	5795720	106.8638343	-6.2179262
RT 05	5795721	106.8631940	-6.2183581
RT 14	5795480	106.8606606	-6.2206136
RT 13	5795474	106.8612196	-6.2197447
RT 05	5798456	106.8633548	-6.2174326
RT 05	5796677	106.7920702	-6.3077317
RT 04	5796676	106.7930390	-6.3070847
RT 04	5798667	106.7918984	-6.3041090
RT 05	5797424	106.7894728	-6.3061766
RT 05	5797896	106.8040999	-6.3030697
RT 04	5795971	106.8049772	-6.3033178
RT 04	5798737	106.7993706	-6.3059682
RT 05	5798736	106.7996076	-6.3067107
RT 05	5795332	106.8027611	-6.3033617
RT 04	5798251	106.8654560	-6.2657166
RT 05	5794951	106.8649256	-6.2658809
RT 04	5795288	106.8618946	-6.2630246
RT 05	5794917	106.8611091	-6.2646645
RT 13	5794632	106.8646985	-6.2640862
RT 05	5797585	106.8633893	-6.2654134
RT 14	5794384	106.8641042	-6.2656086
RT 04	5797586	106.8600626	-6.2682913
RT 05	5797450	106.8582206	-6.2599899
RT 04	5797449	106.8578955	-6.2621969
RT 04	5799132	106.8580810	-6.2580329
RT 05	5797490	106.8569796	-6.2581232
RT 14	5798897	106.8490772	-6.2890197
RT 13	5798823	106.8482930	-6.2891464
RT 04	5795256	106.8462489	-6.2919467
RT 05	5795257	106.8468918	-6.2912216
RT 04	5797650	106.8493584	-6.2937468
RT 05	5797651	106.8512210	-6.2952682
RT 14	7333230	106.8432869	-6.2927918
RT 13	7333229	106.8437848	-6.2916384
RT 05	5798199	106.8479030	-6.2844531
RT 04	5797560	106.8466038	-6.2851310
RT 04	5797279	106.8517563	-6.2877738
RT 05	5796117	106.8553517	-6.2917636
RT 05	5799121	106.8533597	-6.2936334
RT 14	7333222	106.8438068	-6.2957161
RT 04	5799074	106.8442413	-6.2944625
RT 05	5799073	106.8449021	-6.2957156
RT 13	5797572	106.8452096	-6.2875145
RT 04	5794954	106.8515308	-6.2801351
RT 05	5794955	106.8540987	-6.2803843
Emy	5368673	-6.9458921	54.3439091
RT 04	7783288	102.2545848	-3.7870460
RT 05	7783289	102.2551187	-3.7861566
RT 05	5795194	106.9305135	-6.1571069
RT 04	5794486	106.9321436	-6.1528830
RT 05	5795245	106.9211991	-6.1401501
RT 04	5795246	106.9228688	-6.1404614
RT 05	5795208	106.9202154	-6.1442543
RT 04	5795209	106.9215253	-6.1438350
RT 05	5797533	106.9225289	-6.1544214
RT 04	5797532	106.9231204	-6.1535533
RT 13	5795403	106.9226583	-6.1510876
RT 14	5795400	106.9245729	-6.1526846
RT 04	5798046	106.9255062	-6.1480018
RT 05	5797516	106.9270790	-6.1480109
RT 13	5796004	106.9243171	-6.1575962
RT 04	5795223	106.9242749	-6.1565668
RT 05	5795222	106.9243158	-6.1570341
RT 14	5796000	106.9253271	-6.1555684
RT 05	5795015	106.9203760	-6.1638150
RT 04	5795014	106.9203178	-6.1641363
RT 04	5797431	106.9279068	-6.1562552
RT 05	5797620	106.9283371	-6.1570260
RT 05	5795322	106.9219813	-6.1584035
RT 04	5795321	106.9241594	-6.1585045
RT 05	5796962	106.9177966	-6.1397969
RT 04	5794761	106.9176850	-6.1405941
RT 05	5795162	106.9190579	-6.1422210
RT 04	5795163	106.9190557	-6.1416964
RT 05	5794919	106.9210407	-6.1498856
DLF 5	3635350	77.0939178	28.4467828
RT 04	7210774	106.8556062	-6.2202199
RT 05	7210773	106.8551600	-6.2201117
RT 14	7210747	106.8538130	-6.2231239
RT 13	7210748	106.8541768	-6.2241185
RT 04	7210756	106.8542802	-6.2219911
RT 05	7199152	106.8550335	-6.2221120
RT 04	7210725	106.8576256	-6.2216869
RT 05	7210724	106.8570258	-6.2219576
RT 04	7210784	106.8538721	-6.2185903
RT 05	7210783	106.8548151	-6.2186670
RT 04	7210796	106.8554725	-6.2183598
RT 05	7210795	106.8549052	-6.2182978
RT 05	5798289	106.8567218	-6.2161809
RT 04	5798284	106.8569404	-6.2159113
RT 13	5796593	106.8571732	-6.2171474
RT 14	5796478	106.8573886	-6.2170805
RT 04	7210765	106.8547420	-6.2213397
RT 05	7210764	106.8547683	-6.2208038
RT 04	7210713	106.8572987	-6.2194157
RT 13	7210704	106.8582924	-6.2215793
RT 05	7210712	106.8580765	-6.2188488
RT 04	5799342	106.8599569	-6.2365456
RT 05	5798489	106.8588149	-6.2370440
RT 04	5796739	106.8596756	-6.2346082
RT 05	5796738	106.8597822	-6.2349511
RT 04	7210673	106.8611776	-6.2218163
RT 05	7210672	106.8609162	-6.2224382
RT 04	7199148	106.8622664	-6.2166355
RT 14	7210657	106.8596608	-6.2202688
RT 13	7210658	106.8597577	-6.2198593
RT 05	5798279	106.8586034	-6.2137395
RT 04	5798216	106.8591867	-6.2141794
RT 04	5795730	106.8613479	-6.2152859
RT 05	5795731	106.8611531	-6.2155480
RT 13	5796155	106.8595880	-6.2159989
RT 14	5796159	106.8606970	-6.2163113
RT 04	7477249	106.8591171	-6.2147389
RT 05	7477248	106.8592100	-6.2151910
RT 05	7210699	106.8595974	-6.2241778
RT 04	7210700	106.8595742	-6.2234409
RT 04	7210741	106.8565131	-6.2247183
RT 13	7210732	106.8581213	-6.2240771
RT 14	7210731	106.8574997	-6.2236072
RT 05	5795623	106.8572820	-6.2142455
RT 04	5795624	106.8575699	-6.2140297
RT 13	5795481	106.8579914	-6.2153080
RT 14	5794498	106.8575696	-6.2152576
RT 05	5798968	106.8609800	-6.2287403
RT 04	5798967	106.8593986	-6.2270758
RT 05	5796546	106.9087638	-6.1732090
RT 04	5796530	106.9094607	-6.1734413
RT 04	5797349	106.9164556	-6.1707776
RT 05	5794637	106.9166951	-6.1713436
RT 14	5799306	106.9100377	-6.1767393
RT 05	5796978	106.9107531	-6.1747378
RT 04	5796505	106.9101417	-6.1751755
RT 13	5799305	106.9118924	-6.1729284
RT 04	5797946	106.8647709	-6.2315319
RT 05	5797926	106.8646012	-6.2312815
RT 05	5797603	106.8587962	-6.2292010
RT 04	5796556	106.8587632	-6.2288422
RT 04	5798691	106.8681919	-6.2434982
RT 05	5795411	106.8696347	-6.2425815
RT 04	5797234	106.9142348	-6.1681374
RT 13	5794402	106.8645055	-6.2407611
RT 04	5798416	106.8653025	-6.2421179
RT 05	5798417	106.8656121	-6.2416751
RT 14	5794668	106.8207873	-6.2055176
RT 13	5794958	106.8185343	-6.2081965
RT 13	5794662	106.8143747	-6.2126855
RT 14	5794929	106.8189322	-6.2054602
RT 13	5795524	106.8168751	-6.2023000
RT 14	5799256	106.8658187	-6.2385473
RT 13	5799259	106.8658453	-6.2394171
RT 05	5795604	106.8688750	-6.2391207
RT 04	5796792	106.8680167	-6.2394190
RT 13	5798548	106.8641359	-6.2397274
RT 05	5797827	106.8633115	-6.2395844
RT 14	5794575	106.8635830	-6.2388703
RT 04	5797826	106.8675007	-6.2400456
RT 05	5798344	106.8590001	-6.2390070
RT 04	5798343	106.8597102	-6.2385052
RT 04	5798506	106.8620488	-6.2402339
RT 05	5797619	106.8605826	-6.2404958
RT 05	5798334	106.8618073	-6.2377753
RT 14	5797523	106.8447271	-6.1403319
RT 13	5798180	106.8445726	-6.1405860
RT 04	5798225	106.8435533	-6.1428747
RT 05	5799190	106.8433411	-6.1424049
RT 04	5794971	106.8552940	-6.2751250
RT 05	5794972	106.8542357	-6.2758795
RT 05	5796576	106.8627563	-6.2356293
RT 04	5796575	106.8615939	-6.2354335
RT 04	5799115	106.8627745	-6.2377869
RT 05	5795656	106.8626388	-6.2370643
RT 05	5799253	106.9076724	-6.1758845
RT 04	5799246	106.9079918	-6.1755257
RT 04	5795023	106.9122404	-6.1743040
RT 05	5795024	106.9123722	-6.1740132
RT 04	5796600	106.9106184	-6.1699830
RT 05	5796599	106.9115154	-6.1698189
RT 04	5798836	106.9098402	-6.1803338
RT 05	5798785	106.9106302	-6.1803338
RT 04	5794364	106.9079258	-6.1769986
RT 05	5794365	106.9089915	-6.1770072
RT 05	5796518	106.9140709	-6.1819293
RT 04	5796517	106.9135448	-6.1813218
RT 04	5796656	106.9172372	-6.1803460
RT 04	5794598	106.7225545	-6.1411019
RT 05	5794599	106.7225347	-6.1403205
RT 04	5798920	106.7613916	-6.1392132
RT 14	5798918	106.7579467	-6.1377413
RT 13	5798914	106.7575407	-6.1385218
RT 05	5795503	106.7610764	-6.1391686
RT 04	5796225	106.7858634	-6.1386905
RT 05	5796224	106.7850392	-6.1381639
RT 05	5797906	106.7885005	-6.1408863
RT 04	5797907	106.7900699	-6.1419193
RT 13	5799322	106.7806076	-6.1405551
RT 14	5797805	106.7796779	-6.1409850
RT 05	5797892	106.7800046	-6.1395204
RT 04	5797893	106.7815683	-6.1395205
RT 13	5796195	106.9157578	-6.1792893
RT 14	5796198	106.9156907	-6.1784804
RT 04	5798484	106.8067941	-6.1251071
RT 05	5798483	106.8061270	-6.1256190
RT 14	5799180	106.7863426	-6.1241122
RT 13	5799175	106.7863410	-6.1237898
RT 05	5798559	106.7862969	-6.1205638
RT 04	5798558	106.7863018	-6.1200557
RT 05	5798843	106.7892984	-6.1126315
RT 04	5798844	106.7892910	-6.1133636
RT 13	5796319	106.7867477	-6.1131741
RT 14	5795932	106.7864819	-6.1127036
RT 13	5797667	106.7963319	-6.1278372
RT 14	5797668	106.7958206	-6.1283187
RT 23	5798714	106.7932928	-6.1294817
RT 22	5798715	106.7886306	-6.1295026
RT 04	5798584	106.7989877	-6.1294110
RT 05	5798585	106.7986938	-6.1294110
RT 04	5798723	106.7379397	-6.1355851
RT 05	5798724	106.7414689	-6.1343818
RT 13	5797669	106.7714304	-6.1097695
RT 05	5795387	106.7732068	-6.1107344
RT 04	5799360	106.7736620	-6.1109062
RT 05	5796616	106.7757260	-6.1303188
RT 04	5796614	106.7754789	-6.1289482
RT 13	5798106	106.7795164	-6.1317728
RT 04	5798390	106.7779617	-6.1320014
RT 14	5798111	106.7791980	-6.1316222
RT 05	5798391	106.7781731	-6.1312963
RT 05	5798459	106.7884470	-6.1366131
RT 04	5798524	106.7806329	-6.1134720
RT 05	5798525	106.7797287	-6.1138669
RT 04	5796102	106.7930063	-6.1125714
RT 05	5796103	106.7923429	-6.1141381
RT 04	5796247	106.7830914	-6.1139781
RT 05	5796248	106.7840485	-6.1141956
RT 13	5796780	106.7821879	-6.1170209
RT 13	5796673	106.7833232	-6.1244072
RT 04	5795620	106.9166054	-6.1775157
RT 04	5796264	106.7782421	-6.1241823
RT 05	5795756	106.7495011	-6.1078557
RT 04	5795755	106.7493742	-6.1071523
RT 05	7583717	106.5793778	-5.6535357
RT 04	7583718	106.5803768	-5.6531656
RT 04	5795772	106.7426972	-6.1156840
RT 05	5797998	106.7323650	-6.1040642
RT 04	5797999	106.7288307	-6.1014200
RT 04	5796151	106.7778867	-6.1304846
RT 05	5796150	106.7788754	-6.1298663
RT 04	5798959	106.7829720	-6.1215972
RT 05	5798958	106.7835672	-6.1226604
RT 04	5798976	106.7823479	-6.1186744
RT 05	5798975	106.7816473	-6.1197204
RT 13	5797956	106.7292274	-6.1217256
RT 05	5797338	106.7280096	-6.1195346
RT 04	5797339	106.7283262	-6.1198227
RT 04	5796308	106.7744756	-6.1128840
RT 05	5796307	106.7753399	-6.1123146
RT 14	5796494	106.7639942	-6.1196152
RT 04	5798871	106.7608562	-6.1207327
RT 13	5796497	106.7644583	-6.1088292
RT 05	5798872	106.7541910	-6.1216470
RT 04	5798545	106.7702108	-6.1107189
RT 05	5798546	106.7699544	-6.1102543
RT 05	5798061	106.7718074	-6.1085733
RT 04	5798060	106.7720113	-6.1078810
RT 04	5796703	106.7717676	-6.1105831
RT 05	5795586	106.7721227	-6.1109045
RT 04	5798704	106.7733902	-6.1145491
RT 05	5796280	106.7726007	-6.1153494
RT 05	5798935	106.7763863	-6.1338305
RT 04	5798934	106.7762308	-6.1333000
RT 14	5796751	106.7676793	-6.1314479
Raw	3558932	-7.6077242	54.5037415
RT 13	5796757	106.7687109	-6.1315948
RT 14	5798261	106.7448639	-6.1331080
RT 04	5798031	106.7441953	-6.1330219
RT 13	5795318	106.7440474	-6.1325149
RT 05	5798032	106.7436536	-6.1355646
RT 13	5796808	106.7718606	-6.1344955
RT 14	5797550	106.7707539	-6.1342947
RT 05	5796702	106.7758440	-6.1360897
RT 04	5796435	106.7758234	-6.1358544
RT 23	7568053	106.7464535	-6.1378906
RT 05	5797535	106.7493834	-6.1358606
RT 04	5798239	106.7488381	-6.1356845
RT 13	5798685	106.7493668	-6.1347396
RT 14	5798680	106.7495306	-6.1341672
RT 22	5794844	106.7459008	-6.1375965
Kolíňany	2210079	18.2213971	48.3544209
RT 04	5797270	106.8533244	-6.2748622
RT 13	5799366	106.8476856	-6.2768206
RT 04	5797297	106.8521902	-6.2896880
RT 04	5797917	106.7920171	-6.1393441
RT 04	7583724	106.5764420	-5.6534820
RT 13	7210679	106.8620709	-6.2221456
RT 05	5794989	106.9190108	-6.1694824
RT 13	5794489	106.7267507	-6.1627570
RT 05	7583723	106.5775242	-5.6537982
RT 04	5798627	106.7367613	-6.1619336
RT 05	5798628	106.7355173	-6.1614847
RT 04	5795168	106.7945134	-6.1422378
RT 05	5795169	106.7952414	-6.1416150
RT 13	5799188	106.7901963	-6.1379469
RT 14	5799183	106.7896969	-6.1376004
RT 05	5797916	106.7916521	-6.1393614
RT 13	5795330	106.7960686	-6.1328611
RT 04	5795843	106.7942709	-6.1331467
RT 04	5798595	106.7975141	-6.1357907
RT 05	5798594	106.7978579	-6.1333963
Raw	3513729	-7.3512045	54.3303367
RT 05	5798305	106.7609868	-6.1714535
RT 04	5798306	106.7627920	-6.1708780
Raw	5684060	-7.0076095	54.0826984
RT 13	5797337	106.8457781	-6.2842227
RT 04	5797642	106.8465990	-6.2813917
RT 14	5797330	106.8463637	-6.2843071
Renčišov	2277095	20.9521372	49.0898667
RT 04	3818402	119.5360250	-9.3801186
RT 05	3818403	119.5391515	-9.3793922
Hrabišín	428322	17.0336231	49.9173849
Petráveč	426416	16.0388825	49.3351527
Jestřebí	434300	16.6158179	49.4121283
RT 04	5796929	106.8431825	-6.1384941
RT 05	5796930	106.8443739	-6.1388337
RT 14	5795309	106.8452644	-6.1393205
RT 13	5795316	106.8445313	-6.1374642
RT 14	5797762	106.8393898	-6.1342233
RT 13	5795091	106.8395193	-6.1336874
RT 04	5794749	106.8395592	-6.1359288
RT 05	5794750	106.8401712	-6.1366077
RT 05	5797213	106.8375995	-6.1316533
RT 04	5796442	106.8382854	-6.1316520
RT 04	5799209	106.8433196	-6.1354088
RT 05	5799208	106.8439399	-6.1360426
RT 14	5798192	106.8447136	-6.1350722
RT 13	5798185	106.8445073	-6.1352909
RT 04	5796875	106.8424763	-6.1408376
RT 05	5794411	106.8426218	-6.1406067
RT 13	5797753	106.8429459	-6.1391665
RT 05	5796946	106.8421904	-6.1347314
RT 04	5795005	106.8420767	-6.1349956
RT 14	5795412	106.8435971	-6.1318910
RT 13	5795407	106.8434799	-6.1328757
RT 14	5796212	106.8418258	-6.1322411
RT 13	5796213	106.8421121	-6.1317332
RT 05	5797821	106.8416277	-6.1294939
RT 04	5794924	106.8422046	-6.1310122
RT 13	5794540	106.8356316	-6.1304630
RT 04	5794765	106.8349643	-6.1313190
RT 14	5795685	106.8371856	-6.1305887
RT 05	5796805	106.8350619	-6.1318586
RT 04	5799234	106.8351429	-6.1372722
RT 05	5796836	106.8351270	-6.1366677
RT 14	5795220	106.8369639	-6.1374544
RT 13	5798812	106.8370994	-6.1382135
RT 05	5799075	106.8351940	-6.1392539
RT 04	5795560	106.8358504	-6.1383810
RT 05	5799353	106.8376851	-6.1393469
RT 04	5794507	106.8376992	-6.1396943
RT 05	5799108	106.8357106	-6.1409816
RT 04	5797872	106.8341827	-6.1416493
RT 13	5796450	106.8343989	-6.1408936
RT 05	5796819	106.8382392	-6.1380676
RT 04	5796818	106.8377070	-6.1377218
RT 14	5798802	106.8386605	-6.1388581
RT 13	5796006	106.8379566	-6.1390927
RT 05	5799340	106.8399485	-6.1415850
RT 04	5799133	106.8398926	-6.1412715
RT 04	5797395	106.8414481	-6.1388090
RT 05	5796862	106.8417497	-6.1382897
RT 14	5798905	106.8412862	-6.1365468
RT 13	5798833	106.8411016	-6.1369508
RT 04	5797258	106.8397414	-6.1401600
RT 05	5796592	106.8396880	-6.1397650
RT 04	5799144	106.8347781	-6.1350499
RT 05	5799143	106.8351308	-6.1346079
RT 13	5797056	106.8363536	-6.1344526
RT 14	5797059	106.8366745	-6.1338109
RT 04	5794381	106.8371958	-6.1352364
RT 05	5794858	106.8376472	-6.1353185
RT 13	5795849	106.8382176	-6.1353660
RT 05	5796896	106.8355631	-6.1360461
RT 13	5799088	106.8374996	-6.1367312
RT 14	5799097	106.8370060	-6.1362652
RT 13	5798863	106.8445177	-6.1290691
RT 14	5798862	106.8441094	-6.1290481
RT 05	5795146	106.8448641	-6.1300496
RT 04	5795147	106.8454479	-6.1309947
RT 04	5799076	106.8004964	-6.3030199
RT 05	5797483	106.8593217	-6.2577523
RT 05	5797678	106.8551219	-6.2716698
RT 04	5797677	106.8534721	-6.2710082
RT 13	5797623	106.8475091	-6.2696988
RT 14	5797621	106.8476876	-6.2686032
RT 13	5794343	106.8550662	-6.2691781
RT 04	5796374	106.8533703	-6.2700279
RT 05	5795353	106.8514048	-6.2673652
RT 04	5797076	106.8589844	-6.2657525
RT 05	5796029	106.8582600	-6.2667621
RT 04	5797629	106.8472194	-6.2675775
RT 13	5796528	106.8449903	-6.2658962
RT 05	5797630	106.8468575	-6.2667889
RT 14	5797239	106.8476804	-6.2633752
RT 05	5795363	106.8495038	-6.2642628
RT 04	5795364	106.8493911	-6.2650231
RT 04	5799058	106.8561726	-6.2597946
RT 05	5795102	106.8554567	-6.2596175
RT 05	5797417	106.8530468	-6.2613665
RT 04	5797418	106.8537338	-6.2614411
RT 05	5796734	106.9157279	-6.2563919
RT 04	5796735	106.9149327	-6.2565467
RT 05	5797965	106.9089070	-6.2580597
RT 04	5797230	106.9068735	-6.2590857
RT 05	5796967	106.9087470	-6.2546867
RT 04	5796640	106.9085181	-6.2531696
RT 04	5796670	106.8817003	-6.2400537
RT 05	5796671	106.8817186	-6.2406160
RT 05	5798876	106.9145298	-6.2494650
RT 04	5796563	106.9145353	-6.2503303
RT 04	7428749	106.9126597	-6.2497162
RT 05	5796632	106.9120968	-6.2511321
RT 13	5795195	106.8923473	-6.2414936
RT 14	5795192	106.8928433	-6.2410625
RT 04	5796645	106.8890842	-6.2399379
RT 05	5796646	106.8889402	-6.2406521
RT 04	5798888	106.8940326	-6.2423900
RT 05	5798887	106.8952440	-6.2424880
RT 05	5796338	106.7930417	-6.1201235
RT 05	5798848	106.8856143	-6.2399552
RT 04	5798849	106.8845687	-6.2410634
RT 04	5797084	106.9144414	-6.1502648
RT 05	5797078	106.9152979	-6.1495305
RT 04	5794967	106.9127644	-6.1433973
RT 05	5794968	106.9142301	-6.1429463
RT 05	5799281	106.9098516	-6.1669759
RT 04	5799280	106.9115106	-6.1667146
RT 05	5797049	106.9120934	-6.1494077
RT 04	5797050	106.9107419	-6.1494424
Kněž u Čestína	428403	15.0872024	49.7890332
RT 13	5799271	106.9099694	-6.1461068
RT 05	5796830	106.9109371	-6.1461382
RT 04	5796829	106.9112372	-6.1465316
RT 04	5795193	106.9134981	-6.1690056
RT 05	5799261	106.9118286	-6.1685957
RT 04	5796848	106.9118673	-6.1533745
RT 05	5796849	106.9119174	-6.1527455
RT 13	5795538	106.9149206	-6.1531584
RT 04	5794530	106.9105192	-6.1611708
RT 13	5796348	106.9129964	-6.1620635
RT 31	5795637	106.9127145	-6.1569951
RT 23	5795300	106.9128191	-6.1592137
RT 22	5795299	106.9125597	-6.1589880
RT 14	5796050	106.9133111	-6.1625610
RT 05	5794529	106.9107308	-6.1608279
RT 05	5797276	106.9147839	-6.1594709
RT 04	5794519	106.9106506	-6.1509035
RT 05	5794518	106.9106104	-6.1515592
RT 05	5797120	106.9292141	-6.1074610
RT 04	5795823	106.9295338	-6.1073240
RT 04	5797170	106.9324316	-6.1077982
RT 05	5797171	106.9318877	-6.1079421
RT 05	5794865	106.9320657	-6.1058524
RT 04	5794866	106.9327085	-6.1059566
RT 05	5796260	106.7652809	-6.2462330
RT 04	5796339	106.7893509	-6.1215247
RT 04	5796261	106.7653614	-6.2472325
RT 13	5794908	106.7911757	-6.1199883
RT 13	5798097	106.7637134	-6.2447399
RT 05	5796243	106.7638271	-6.2434269
RT 04	5795634	106.7650895	-6.2430358
RT 14	5794792	106.8080162	-6.2422617
RT 04	5797723	106.8091908	-6.2407313
RT 13	5794796	106.8097632	-6.2424221
RT 05	5795494	106.8104350	-6.2434311
RT 14	5795811	106.8120105	-6.2445969
RT 05	5795531	106.8118676	-6.2448255
RT 13	5797717	106.8125285	-6.2452875
RT 13	5795709	106.8107195	-6.2458927
RT 04	5795543	106.8099869	-6.2468766
RT 04	5797767	106.8139206	-6.2442027
RT 05	5797766	106.8132656	-6.2438079
RT 13	5798856	106.8148277	-6.2416674
RT 14	5795074	106.8148884	-6.2408139
RT 04	5798476	106.7618225	-6.2483888
RT 14	5797788	106.7894015	-6.1243831
RT 13	5796432	106.7623267	-6.2422906
RT 14	5796425	106.7619970	-6.2412558
RT 04	5794635	106.7616318	-6.2415780
RT 05	5794638	106.7607015	-6.2406928
RT 04	5795733	106.7952945	-6.1309533
RT 13	5797145	106.7957864	-6.1315315
RT 14	5797142	106.7962107	-6.1316472
RT 05	5795734	106.7952227	-6.1312056
RT 05	5797820	106.7978419	-6.1301510
RT 14	5795418	106.7937511	-6.1309683
RT 04	5797806	106.7970446	-6.1317144
RT 05	5796129	106.7907147	-6.1359399
RT 04	5796130	106.7909456	-6.1359370
RT 04	5796911	106.7957897	-6.1230832
RT 05	5796122	106.7957816	-6.1226224
RT 04	5799299	106.8616522	-6.2317878
RT 13	5796279	106.8631079	-6.2308564
RT 14	5795726	106.8638698	-6.2321177
RT 05	5795380	106.8602075	-6.2322138
RT 14	5795534	106.8624506	-6.2333253
RT 05	5798993	106.8604478	-6.2349521
RT 04	5797242	106.8606850	-6.2340098
RT 05	7210687	106.8630185	-6.2228808
RT 04	7210688	106.8633675	-6.2233994
RT 14	7210678	106.8621039	-6.2229415
RT 14	5797932	106.7774860	-6.1428321
RT 04	5796216	106.7761415	-6.1431275
RT 05	5796215	106.7759635	-6.1426576
RT 13	5795865	106.7773615	-6.1405987
RT 05	5799001	106.7992721	-6.1229752
RT 04	5799000	106.7991056	-6.1229141
RT 22	5795750	106.8030103	-6.1243960
RT 13	5794681	106.8040583	-6.1142280
RT 04	5797006	106.8063325	-6.1149815
RT 05	5798600	106.8063457	-6.1146472
RT 14	5794676	106.8058174	-6.1125614
RT 13	5794394	106.7831815	-6.1341808
RT 05	5798865	106.7765408	-6.1184586
RT 13	5797832	106.8009283	-6.1276932
RT 14	5797835	106.8011759	-6.1288526
RT 05	5796265	106.7792964	-6.1232413
RT 04	5799241	106.8033149	-6.1288556
RT 13	5797283	106.7245018	-6.1419116
RT 14	5797280	106.7256290	-6.1422156
RT 05	5797221	106.7234129	-6.1417010
RT 04	5797220	106.7251522	-6.1421264
RT 04	5794886	106.7242889	-6.1443102
RT 05	5794885	106.7251676	-6.1453506
RT 05	5797194	106.7255536	-6.1494245
RT 04	5794913	106.7239572	-6.1525211
RT 05	5797263	106.7262049	-6.1526051
RT 05	5798229	106.7248286	-6.1572868
RT 04	5798280	106.7265753	-6.1567847
RT 04	5796718	106.7634415	-6.1361226
RT 05	5796719	106.7636061	-6.1355040
RT 13	5796948	106.7799106	-6.1367701
RT 05	5798766	106.7811934	-6.1346708
RT 04	5797361	106.7809747	-6.1350170
RT 14	5796941	106.7797842	-6.1353033
RT 13	5795041	106.7784123	-6.1352963
RT 14	5795034	106.7781767	-6.1346863
RT 04	5797938	106.7769889	-6.1370293
RT 05	5797939	106.7768216	-6.1377855
RT 04	5799020	106.7713839	-6.1401402
RT 05	5799019	106.7697433	-6.1401510
RT 05	5797776	106.7528603	-6.1433550
RT 14	5798707	106.7530579	-6.1430738
RT 04	5797778	106.7533980	-6.1428371
RT 13	5798708	106.7542310	-6.1390081
RT 04	5798425	106.7510478	-6.1461062
RT 05	5796471	106.7522407	-6.1456447
RT 13	5794868	106.7524718	-6.1434454
RT 14	5794869	106.7532547	-6.1451514
RT 05	5795090	106.7589606	-6.1493862
RT 05	5795128	106.7565175	-6.1541163
RT 04	5795514	106.7514512	-6.1543393
RT 05	5798076	106.7446002	-6.1532086
RT 04	5798077	106.7474334	-6.1539818
RT 14	5794818	106.7453093	-6.1472534
RT 04	5798038	106.7475494	-6.1503343
RT 05	5798039	106.7457840	-6.1492371
RT 13	5794821	106.7475433	-6.1478607
RT 05	5798083	106.7452924	-6.1512270
RT 04	5795559	106.7455983	-6.1518469
RT 05	5798321	106.7496834	-6.1564666
RT 04	5798322	106.7519696	-6.1569914
RT 04	5798698	106.7341957	-6.1580413
RT 05	5798699	106.7297034	-6.1606112
RT 14	5796424	106.7361980	-6.1575633
RT 13	5796422	106.7408485	-6.1585208
RT 05	5796399	106.7411281	-6.1578402
RT 04	5796400	106.7420453	-6.1558116
RT 05	5797045	106.7460294	-6.1630102
RT 04	5797046	106.7457072	-6.1615724
RT 05	5799055	106.7415230	-6.1599238
RT 04	5796648	106.7453746	-6.1591168
RT 05	7565571	106.7405867	-6.1624325
RT 04	5798747	106.7386561	-6.1623359
RT 05	5795468	106.7313273	-6.1461155
RT 04	5794487	106.7306179	-6.1459916
RT 04	5794825	106.7321332	-6.1544253
RT 05	5794824	106.7332978	-6.1541500
RT 05	5797134	106.7297864	-6.1468846
RT 04	5797133	106.7294318	-6.1468374
RT 13	5798578	106.7311698	-6.1474389
RT 14	5798335	106.7311472	-6.1470832
RT 05	5797068	106.7308393	-6.1501748
RT 04	5797067	106.7299143	-6.1505717
RT 14	5797751	106.7330521	-6.1458668
RT 04	5794817	106.7322751	-6.1457786
RT 13	5797744	106.7342194	-6.1463256
RT 05	5794836	106.7324098	-6.1461158
RT 13	5797793	106.7321469	-6.1468562
RT 05	5794801	106.7318656	-6.1486386
RT 04	5794802	106.7321145	-6.1478724
RT 04	5796785	106.7417665	-6.1507574
RT 05	5795440	106.7422658	-6.1498397
RT 04	5796717	106.7436629	-6.1465410
RT 13	5794386	106.7422546	-6.1451597
RT 14	5794391	106.7406988	-6.1438909
RT 05	5794419	106.7424602	-6.1465821
RT 13	5798437	106.7342553	-6.1494458
RT 05	5795951	106.7333674	-6.1490662
RT 04	5795949	106.7333793	-6.1486362
RT 05	5795151	106.7357193	-6.1457861
RT 04	5797295	106.7347871	-6.1457439
RT 13	5799014	106.7360210	-6.1527910
RT 04	5796987	106.7353164	-6.1510349
RT 05	5794759	106.7368185	-6.1513769
RT 04	5798110	106.7376904	-6.1430426
RT 05	5797305	106.7377809	-6.1436058
RT 04	5795818	106.7371874	-6.1458636
RT 05	5795819	106.7399795	-6.1445143
RT 13	5797833	106.7375742	-6.1449197
RT 14	5796606	106.7384890	-6.1485816
RT 05	5797405	106.7490640	-6.1455632
RT 04	5798091	106.7485913	-6.1461216
RT 04	5796628	106.7564845	-6.1249322
RT 05	5796627	106.7564191	-6.1265749
RT 14	5797252	106.7626859	-6.1259574
RT 13	5797249	106.7607406	-6.1280197
RT 05	7437632	106.7945564	-6.3146420
RT 04	5798778	106.7953215	-6.3118074
RT 14	7437630	106.7940596	-6.3133605
RT 13	7437631	106.7892526	-6.3098328
RT 05	7437625	106.7873100	-6.3139502
RT 04	5798429	106.7848013	-6.3122905
RT 05	5796217	106.7973211	-6.3149805
RT 05	5798453	106.8002788	-6.3091221
RT 04	5797662	106.7986482	-6.3107650
RT 13	5798512	106.8078740	-6.3140652
RT 04	5796234	106.8047056	-6.3119086
RT 14	5797774	106.8077545	-6.3068926
RT 05	7437628	106.8050860	-6.3099096
RT 04	5795895	106.7559742	-6.1672456
RT 05	5795894	106.7573587	-6.1688911
RT 04	5796349	106.7659785	-6.1707118
RT 14	5797388	106.7231812	-6.1466798
RT 04	5797182	106.7240641	-6.1488239
RT 05	5796294	106.7240757	-6.1483265
RT 13	5797393	106.7234240	-6.1461363
RT 04	5799276	106.7875341	-6.1346739
RT 05	5797709	106.7892729	-6.1350625
RT 04	5794941	106.7205286	-6.1510727
RT 13	5797009	106.7202181	-6.1463926
RT 14	5797012	106.7187434	-6.1458613
RT 05	5794940	106.7202304	-6.1508137
RT 04	5798309	106.7209755	-6.1558419
RT 05	5797398	106.7216809	-6.1561023
RT 05	5795388	106.7472407	-6.1428680
RT 04	5795389	106.7486522	-6.1414285
RT 05	5796694	106.7072766	-6.1778348
RT 04	5796693	106.7079888	-6.1794035
RT 04	5794533	106.7065629	-6.1118205
RT 05	5794534	106.7051968	-6.1093529
RT 05	5794687	106.7083586	-6.1087018
RT 04	5794686	106.7076720	-6.1081808
RT 13	5795754	106.7112606	-6.1052769
RT 14	5794560	106.7113793	-6.1033265
RT 04	5797592	106.8074233	-6.1937778
RT 05	5797593	106.8078504	-6.1936003
RT 13	5798571	106.8066436	-6.1925950
RT 14	5798576	106.8063313	-6.1921899
RT 05	5797800	106.8073768	-6.1912842
RT 04	5794896	106.8066654	-6.1910676
RT 04	5796075	106.8086290	-6.1980012
RT 05	5796076	106.8086406	-6.1982721
RT 14	5797318	106.8092806	-6.1952346
RT 04	5797496	106.8070692	-6.1947428
RT 13	5797313	106.8084344	-6.1946571
RT 05	5797495	106.8068545	-6.1954572
RT 13	5797984	106.8074525	-6.1976306
RT 14	5796520	106.8070478	-6.1974684
RT 05	5795190	106.8064901	-6.1968517
RT 04	5795189	106.8059790	-6.1966514
RT 05	5795216	106.8044254	-6.1998317
RT 04	5795217	106.8058302	-6.1979481
RT 04	5794580	106.7261459	-6.1358943
RT 05	5794581	106.7274571	-6.1354888
RT 05	5794569	106.7234589	-6.1372135
RT 04	5795780	106.7236926	-6.1383805
RT 05	5798822	106.7627079	-6.1304840
RT 04	5798819	106.7608257	-6.1320583
RT 05	5797203	106.7191663	-6.1424788
RT 04	5797202	106.7189768	-6.1407354
RT 05	5795829	106.7368442	-6.1436547
RT 04	5795828	106.7362427	-6.1435483
RT 05	5795832	106.7286084	-6.1325081
RT 13	5796089	106.7291047	-6.1357615
RT 04	5794430	106.7270337	-6.1319993
RT 04	5798266	106.7583765	-6.1553829
RT 05	5796186	106.7577320	-6.1554179
RT 04	5799298	106.7614189	-6.1549164
RT 05	5798449	106.7596698	-6.1564386
RT 14	5797877	106.7597940	-6.1558798
RT 14	5796539	106.7591151	-6.1609821
RT 13	5796537	106.7589549	-6.1648633
RT 04	5796109	106.7617213	-6.1611119
RT 05	5796078	106.7620053	-6.1678023
RT 04	5796077	106.7584878	-6.1708420
RT 14	5797105	106.7610691	-6.1589546
RT 04	5796012	106.7684905	-6.1595245
RT 05	5796013	106.7681890	-6.1590030
RT 05	5797989	106.7256705	-6.0899261
RT 04	5796534	106.7259342	-6.0896784
RT 05	5798281	106.7191159	-6.0973850
RT 04	5798226	106.7242920	-6.0912569
RT 05	5796979	106.7235282	-6.1141728
RT 04	5796980	106.7244961	-6.1149365
RT 04	5797953	106.7260246	-6.1289483
RT 05	5796897	106.7256401	-6.1297192
RT 13	5794470	106.7188502	-6.1314196
RT 04	5796838	106.7221845	-6.1355235
RT 05	5796837	106.7216867	-6.1360822
RT 14	5794475	106.7177766	-6.1315335
RT 05	5797354	106.7255798	-6.1227816
RT 04	5797355	106.7261061	-6.1240375
RT 04	5797716	106.9037574	-6.2501696
RT 05	5797715	106.9037646	-6.2505791
RT 04	5795453	106.9048334	-6.2478319
RT 05	5795454	106.9049750	-6.2493578
RT 04	5795466	106.9051416	-6.2471338
RT 05	5795467	106.9062129	-6.2467433
RT 05	5797690	106.9011581	-6.2475620
RT 04	5797691	106.9015195	-6.2473321
RT 04	5795236	106.8649217	-6.2268823
RT 04	5795572	106.8650431	-6.2273909
RT 13	5794339	106.8651941	-6.2287597
RT 05	5796403	106.8666058	-6.2280378
RT 14	5794342	106.8658236	-6.2288075
RT 13	5798800	106.8697453	-6.2282916
RT 14	5798795	106.8697084	-6.2288689
RT 04	5795239	106.8699553	-6.2270115
RT 05	5796193	106.8685915	-6.2270707
RT 13	5798217	106.8682660	-6.2346670
RT 14	5798206	106.8686397	-6.2340800
RT 05	5797995	106.8693618	-6.2340930
RT 04	5797996	106.8695371	-6.2388533
RT 04	5795284	106.8653077	-6.2257429
RT 05	5794898	106.8657493	-6.2260506
RT 13	5797737	106.8680705	-6.2328399
RT 14	5797731	106.8680800	-6.2331177
RT 04	5795325	106.8688708	-6.2300095
RT 05	5795088	106.8678724	-6.2299829
RT 04	5796715	106.8635853	-6.2287267
RT 05	5796714	106.8630248	-6.2294989
RT 05	5796380	106.8657322	-6.2305177
RT 04	5796379	106.8665943	-6.2307423
RT 05	5794933	106.8649778	-6.2291310
RT 04	5794932	106.8648358	-6.2295319
RT 05	5799312	106.8638648	-6.2338641
RT 04	5799022	106.8638486	-6.2345916
RT 04	5798977	106.8635774	-6.2265088
RT 05	5798978	106.8630188	-6.2264798
RT 13	5796474	106.8645365	-6.2208697
RT 04	5797571	106.7510935	-6.1725821
RT 05	5797452	106.7524409	-6.1720850
RT 13	5796287	106.7365326	-6.1329812
RT 14	5796286	106.7364923	-6.1318093
RT 04	5798096	106.7377292	-6.1316937
RT 05	5798095	106.7380977	-6.1326084
RT 14	5795033	106.7239361	-6.1306197
RT 05	5796871	106.7207446	-6.1282638
RT 04	5794406	106.7210190	-6.1271074
RT 13	5798638	106.7200339	-6.1278722
RT 13	5799350	106.7379869	-6.1283217
RT 14	5796126	106.7406440	-6.1319404
RT 04	5796445	106.7418700	-6.1296047
RT 05	5797215	106.7407956	-6.1290069
RT 05	5798047	106.7356600	-6.1265505
RT 13	5795946	106.7322049	-6.1227084
RT 14	5796917	106.7388434	-6.1336950
RT 22	5796550	106.7404858	-6.1351094
RT 23	5796549	106.7402434	-6.1352963
RT 05	5795880	106.7388047	-6.1329710
RT 13	5794606	106.7391759	-6.1334397
RT 04	5795879	106.7389159	-6.1328664
RT 05	5794525	106.7156159	-6.1210631
RT 04	5794524	106.7143781	-6.1206942
RT 04	5794549	106.7130205	-6.1234617
RT 05	5795698	106.7095781	-6.1203532
RT 05	5794659	106.7132851	-6.1160970
RT 13	5795565	106.7119848	-6.1100343
RT 04	5794658	106.7109205	-6.1144944
RT 05	5797086	106.7167307	-6.1091847
RT 04	5797085	106.7147210	-6.1049878
RT 04	5797096	106.7180966	-6.1228030
RT 13	5798666	106.7169403	-6.1205025
RT 05	5797097	106.7193778	-6.1235652
RT 04	5794862	106.7163164	-6.1122449
RT 05	5796957	106.7134835	-6.1132517
RT 04	5795803	106.7236513	-6.1251339
RT 05	5794784	106.7217421	-6.1263801
RT 04	5797329	106.7180632	-6.1254127
RT 05	5797328	106.7200393	-6.1265814
RT 05	5798726	106.7157272	-6.1310927
RT 04	5798731	106.7170312	-6.1298993
RT 04	5794710	106.7180870	-6.1290387
RT 05	5794721	106.7180708	-6.1278191
RT 05	5797789	106.7137253	-6.1273426
RT 04	5797022	106.7138475	-6.1263567
RT 04	5794811	106.7260822	-6.1278377
RT 05	5794812	106.7250465	-6.1288612
RT 04	5794349	106.7271179	-6.1262739
RT 05	5796857	106.7260912	-6.1255929
RT 04	5796083	106.7570353	-6.1745379
RT 05	5796084	106.7582262	-6.1738013
RT 04	5799129	106.8405013	-6.1425520
RT 05	5799128	106.8407916	-6.1419842
RT 05	5797164	106.8367698	-6.1432579
RT 14	5795061	106.8363477	-6.1427543
RT 04	5797163	106.8367298	-6.1436024
RT 13	5795068	106.8368744	-6.1421020
RT 05	5797072	106.8335095	-6.1309799
RT 04	5795581	106.8330060	-6.1313090
RT 14	5795183	106.8343311	-6.1323449
RT 04	5799158	106.8331674	-6.1362197
RT 05	5799157	106.8329374	-6.1359684
RT 05	5797457	106.9181272	-6.1143666
RT 04	5797458	106.9181410	-6.1141668
RT 14	5798645	106.9179474	-6.1185904
RT 13	5798650	106.9179506	-6.1184193
RT 04	5795421	106.9180220	-6.1166026
RT 05	5795397	106.9180125	-6.1168217
RT 05	5798942	106.7119612	-6.1756451
RT 04	5798943	106.7124631	-6.1744698
RT 05	5795795	106.7159584	-6.1796174
RT 04	5795794	106.7177120	-6.1796508
RT 04	5796958	106.7147994	-6.1774148
RT 05	5796953	106.7165251	-6.1772860
RT 05	5798818	106.7164811	-6.1574404
RT 04	5798817	106.7172249	-6.1561203
RT 04	5798554	106.7154439	-6.1732587
RT 05	5795248	106.7158004	-6.1701810
RT 04	5795520	106.7197156	-6.1561136
RT 05	5794863	106.7197027	-6.1569013
RT 13	5796888	106.7656309	-6.1647270
RT 14	5796883	106.7672766	-6.1689870
RT 05	5798314	106.7606335	-6.1720691
RT 04	5798315	106.7604819	-6.1692146
RT 04	5794544	106.7201674	-6.1730013
RT 14	5794421	106.7207433	-6.1687770
RT 05	5798495	106.7232614	-6.1696891
RT 13	5794422	106.7185703	-6.1728047
RT 04	5798153	106.7452918	-6.1653909
RT 05	5795516	106.7443586	-6.1646291
RT 13	5797884	106.7401810	-6.1645887
RT 05	5796489	106.7413985	-6.1632829
RT 14	5797887	106.7402517	-6.1651264
RT 04	5796488	106.7401312	-6.1642267
RT 05	5796460	106.7371336	-6.1684882
RT 04	5796459	106.7374530	-6.1676543
RT 05	5798763	106.7386866	-6.1640826
RT 04	5796523	106.7383654	-6.1641319
RT 14	5795842	106.7369100	-6.1654800
RT 14	5794492	106.7233831	-6.1658691
RT 04	5796063	106.7248271	-6.1643629
RT 05	5796062	106.7240720	-6.1641614
RT 13	5798870	106.7247755	-6.1790023
RT 14	5795071	106.7211916	-6.1809815
RT 05	5795764	106.7256525	-6.1760250
RT 04	5798616	106.7301147	-6.1635263
RT 05	5798617	106.7282068	-6.1627659
RT 04	5796411	106.7352582	-6.1674480
RT 14	5796281	106.7304518	-6.1725455
RT 13	5796284	106.7327026	-6.1708627
RT 05	5797101	106.7177463	-6.1759705
RT 04	5795677	106.7187088	-6.1768689
Cur	3410359	-9.6147372	53.5163634
RT 04	5797811	106.8668557	-6.2357150
RT 05	5797812	106.8676611	-6.2373614
RT 05	5795584	106.8657066	-6.2310183
RT 04	5799376	106.8665137	-6.2314833
RT 14	5798540	106.7644308	-6.1641898
RT 05	5798238	106.7633909	-6.1629990
RT 04	5798646	106.7623563	-6.1601032
RT 13	5798342	106.7652566	-6.1622219
RT 04	5797771	106.8382425	-6.1372831
RT 05	5795204	106.7837512	-6.1375200
RT 04	5795205	106.7847748	-6.1361498
RT 04	5797854	106.7977565	-6.1380533
RT 05	5797853	106.7971585	-6.1376439
RT 14	5794345	106.7976746	-6.1403803
RT 04	5797412	106.9217454	-6.1113686
RT 05	5795555	106.9219352	-6.1117538
RT 04	5797023	106.9295373	-6.1109744
RT 05	5795249	106.9291951	-6.1117125
RT 04	5794701	106.9397585	-6.1329531
RT 05	5794702	106.9398062	-6.1315024
RT 05	5796995	106.9331122	-6.1278732
RT 13	5797858	106.9318728	-6.1332219
RT 05	5794743	106.9216422	-6.1363446
RT 04	5794742	106.9246890	-6.1352042
RT 14	5797859	106.9266960	-6.1338341
RT 04	5797210	106.9176989	-6.1513319
RT 05	5797211	106.9197877	-6.1556064
RT 05	5796567	106.9151494	-6.1434819
RT 04	5798838	106.9189662	-6.1112240
RT 05	5795066	106.9184262	-6.1113594
RT 14	5797617	106.9179661	-6.1084473
RT 13	5797613	106.9180564	-6.1088071
RT 05	5795231	106.9196237	-6.1115840
RT 04	5795232	106.9190721	-6.1117579
RT 04	5797542	106.9206390	-6.1121979
RT 05	5797543	106.9203371	-6.1128456
RT 14	5798534	106.9190887	-6.1342591
RT 13	5798535	106.9212411	-6.1333232
RT 04	5797730	106.9209360	-6.1343315
RT 05	5798262	106.9218980	-6.1348111
RT 04	5796154	106.9622236	-6.0950927
RT 05	5795251	106.9626428	-6.0956389
RT 14	5796055	106.7120565	-6.1726671
RT 13	5796054	106.7115511	-6.1724031
RT 04	5797980	106.7134181	-6.1699869
RT 05	5796641	106.7130038	-6.1711083
RT 05	5795635	106.7587906	-6.2290128
RT 04	5796318	106.7589065	-6.2283702
RT 05	5797436	106.8022490	-6.1998724
RT 04	5797437	106.8033379	-6.2004403
RT 05	5798163	106.8094647	-6.1985187
RT 05	5797519	106.7602744	-6.2331033
RT 04	5795931	106.7599262	-6.2321452
RT 13	5798373	106.7612090	-6.2339089
RT 04	5795998	106.7660268	-6.2351106
RT 14	5795597	106.7614981	-6.2346940
RT 05	5799307	106.7613669	-6.2256668
RT 04	5798829	106.7640383	-6.2254166
RT 04	5794709	106.9285480	-6.1099864
RT 05	5798687	106.9288647	-6.1108679
RT 05	5798903	106.9220619	-6.1152090
RT 04	5795082	106.9220021	-6.1148766
RT 13	5797660	106.9225891	-6.1168285
RT 14	5797656	106.9232133	-6.1165521
RT 05	5797034	106.9276653	-6.1130953
RT 04	5797035	106.9266138	-6.1128615
RT 04	5794775	106.9264950	-6.1092947
RT 05	5797401	106.9266417	-6.1300854
RT 04	5797402	106.9280841	-6.1281887
RT 05	5794706	106.9225434	-6.1266070
RT 13	5794426	106.9217071	-6.1228370
RT 04	5794998	106.9230832	-6.1212012
RT 05	5794997	106.9234295	-6.1206711
RT 14	5794433	106.9218527	-6.1234019
RT 13	5794881	106.9261817	-6.1325188
RT 04	5798205	106.9256248	-6.1343102
RT 05	5797536	106.9262577	-6.1340456
RT 14	5799254	106.9255443	-6.1324045
RT 13	5797839	106.9228091	-6.1345404
RT 04	5794732	106.9227268	-6.1334279
RT 14	5797843	106.9243644	-6.1347918
RT 04	5794725	106.9355829	-6.1160322
RT 05	5794726	106.9342642	-6.1128616
RT 04	5795037	106.9204529	-6.1293804
RT 05	5798641	106.9207726	-6.1304570
RT 14	5798607	106.9251567	-6.1315619
RT 13	5797004	106.9241710	-6.1308127
RT 04	5794879	106.9331585	-6.1088830
RT 05	5794878	106.9324209	-6.1091297
RT 04	5795124	106.9204195	-6.1140615
RT 13	5797868	106.9208600	-6.1157276
RT 14	5797865	106.9213640	-6.1157017
RT 05	5795125	106.9195328	-6.1142041
RT 14	5798786	106.9201514	-6.1189831
RT 05	5797309	106.9194719	-6.1174206
RT 05	5795118	106.8093603	-6.1906242
RT 04	5795117	106.8093245	-6.1901721
RT 04	5794630	106.8135790	-6.2408778
RT 05	5794628	106.8126263	-6.2405613
RT 04	5797900	106.8125755	-6.2051840
RT 05	5797901	106.8130544	-6.2056605
RT 13	5794482	106.8133910	-6.2114070
RT 14	5794447	106.8151102	-6.2078723
RT 13	5794448	106.8124273	-6.2082699
RT 04	5795648	106.8113637	-6.2047239
RT 13	5795672	106.8107132	-6.2051961
RT 05	5795647	106.8124964	-6.2045949
RT 14	5795682	106.8108252	-6.2046438
RT 05	5798568	106.8078266	-6.1309450
RT 04	5798569	106.8082593	-6.1301754
RT 04	5798338	106.8036249	-6.1304571
RT 05	5795837	106.8030193	-6.1301898
RT 04	5798640	106.8066848	-6.1247269
RT 05	5795562	106.8065928	-6.1244434
RT 14	5798670	106.8045607	-6.1239531
RT 04	5797888	106.8061650	-6.1231908
RT 05	5795888	106.8063021	-6.1221476
RT 05	5795806	106.8075433	-6.1288730
RT 04	5795805	106.8067841	-6.1285067
RT 13	5799367	106.7994753	-6.1310767
RT 14	5795996	106.7994242	-6.1318967
RT 05	5796172	106.8008673	-6.1301942
RT 04	5796173	106.8004719	-6.1302630
RT 14	5796476	106.8016753	-6.1329801
RT 13	5798379	106.8018841	-6.1328367
RT 05	5796142	106.8025489	-6.1323680
RT 05	5798386	106.8000493	-6.1329145
RT 04	5798385	106.7996594	-6.1324462
RT 14	5795687	106.8000667	-6.1348762
RT 13	5795684	106.7998424	-6.1344855
RT 05	5798399	106.8025296	-6.1309393
RT 04	5798898	106.8018915	-6.1315467
RT 04	5796292	106.7767355	-6.1125047
RT 05	5796291	106.7775493	-6.1127519
RT 14	5798360	106.7763128	-6.1153933
RT 13	5797568	106.7763887	-6.1150670
RT 05	5798971	106.7696382	-6.1178258
RT 04	5798972	106.7670203	-6.1178925
RT 04	5798866	106.7765926	-6.1170762
RT 05	5794860	106.7800053	-6.1428691
RT 04	5795432	106.7642631	-6.1466430
RT 05	5798409	106.7679271	-6.1503901
RT 04	5798408	106.7710865	-6.1510436
RT 05	5798093	106.7670412	-6.1543239
RT 04	5795536	106.7691235	-6.1540895
RT 05	5795252	106.7672554	-6.1558385
RT 04	5799354	106.7660825	-6.1563665
RT 04	5796652	106.7672932	-6.1624902
RT 05	5798220	106.7669740	-6.1613694
RT 14	5798507	106.7917105	-6.1421335
RT 04	5798012	106.7695503	-6.1414908
RT 05	5798013	106.7686060	-6.1412045
RT 04	5798149	106.7725514	-6.1491028
RT 05	5798148	106.7730522	-6.1466381
RT 05	5798765	106.8656961	-6.2482292
RT 04	5798767	106.8662945	-6.2475653
RT 05	5799216	106.8698049	-6.2474639
RT 04	5799217	106.8687586	-6.2466039
RT 05	5795873	106.8645390	-6.2518632
RT 04	5795874	106.8645206	-6.2499055
RT 05	5795990	106.8698775	-6.2494732
RT 04	5795989	106.8705147	-6.2505878
RT 04	5799201	106.8679505	-6.2463580
RT 05	5799200	106.8678040	-6.2475149
RT 04	5796481	106.8675704	-6.2509002
RT 05	5798750	106.8673521	-6.2513303
RT 14	5799185	106.8681959	-6.2418689
RT 05	5798533	106.8680249	-6.2425349
RT 04	5798950	106.8680529	-6.2423940
RT 13	5799153	106.8679777	-6.2418218
RT 05	5795502	106.8609287	-6.2492349
RT 04	5797262	106.8594757	-6.2493022
RT 05	5794438	106.8667889	-6.2543864
RT 04	5794437	106.8671766	-6.2536679
RT 05	5794740	106.8647163	-6.2543091
RT 04	5796936	106.8650855	-6.2527820
RT 04	5794459	106.8609393	-6.2561150
RT 13	5795445	106.7913493	-6.1417415
RT 05	5794460	106.8614315	-6.2554422
RT 13	5795926	106.8631795	-6.2552566
RT 14	5795923	106.8625894	-6.2553907
RT 05	5796920	106.8690310	-6.2555922
RT 04	5796919	106.8690850	-6.2574101
RT 05	5798267	106.8645436	-6.2590602
RT 04	5798169	106.8645683	-6.2597270
RT 04	5798174	106.8727854	-6.2620339
RT 05	5797530	106.8721390	-6.2641961
RT 04	5795275	106.8642218	-6.2563745
RT 05	5794864	106.8672821	-6.2569411
RT 04	5796904	106.8714334	-6.2592125
RT 13	5794360	106.8614558	-6.2592565
RT 14	5794359	106.8604654	-6.2598110
RT 04	5797599	106.8634742	-6.2604685
RT 05	5797598	106.8633279	-6.2612268
RT 04	5798198	106.8663421	-6.2613312
RT 05	5795979	106.8669517	-6.2581287
RT 04	5795978	106.8664826	-6.2578238
RT 04	5796032	106.8674526	-6.2603333
RT 05	5794626	106.8681368	-6.2589040
RT 04	5794356	106.8667435	-6.2446934
RT 05	5794375	106.8646967	-6.2442060
RT 05	5795356	106.8593940	-6.2481931
RT 04	5798947	106.7944848	-6.1082748
RT 04	5796626	106.8506996	-6.2507491
RT 05	5798004	106.8506491	-6.2500404
RT 04	5798117	106.8487385	-6.2476585
RT 05	5798946	106.7936361	-6.1076554
RT 05	5798118	106.8492973	-6.2485597
RT 04	5795428	106.8521115	-6.2485759
RT 05	5795429	106.8529465	-6.2484663
RT 13	5795006	106.8504325	-6.2482091
RT 04	5795341	106.8551177	-6.2508021
RT 05	5795240	106.8552029	-6.2502693
RT 04	5794586	106.8542110	-6.2497198
RT 05	5798021	106.8551342	-6.2491728
RT 05	5798068	106.8555983	-6.2468264
RT 04	5796452	106.8555796	-6.2477081
RT 04	5797367	106.8529593	-6.2592002
RT 05	5797366	106.8517479	-6.2604369
RT 14	5794573	106.8512713	-6.2665893
RT 04	5797380	106.8535005	-6.2636506
RT 05	5797379	106.8539903	-6.2636455
RT 04	5794887	106.8521318	-6.2532075
RT 13	5796729	106.8580298	-6.2517165
RT 04	5795154	106.7921057	-6.1417415
RT 05	5795155	106.7927400	-6.1412179
RT 05	7210740	106.8556451	-6.2245867
RT 04	5798139	106.7647595	-6.1401083
RT 05	5798138	106.7642560	-6.1396714
RT 05	5795141	106.7879419	-6.1425458
RT 04	5795140	106.7842612	-6.1426487
RT 13	7590363	106.7495896	-6.1447997
RT 04	5794920	106.9197848	-6.1498583
RT 05	5797643	106.8456711	-6.2806062
RT 05	5795347	106.8508282	-6.2739326
RT 05	5795221	106.8720622	-6.2588770
RT 14	5799372	106.8468224	-6.2776839
RT 05	5795544	106.8102650	-6.2464951
RT 04	5795348	106.8487980	-6.2725430
RT 04	5795493	106.8108072	-6.2431385
RT 04	5795530	106.8113004	-6.2446425
RT 05	5797722	106.8090571	-6.2410584
RT 04	5796389	106.8461771	-6.2950770
RT 05	5796390	106.8465475	-6.2940278
RT 05	5794776	106.9239808	-6.1079656
RT 04	5797277	106.9147869	-6.1598486
RT 13	5795771	106.8527411	-6.2621900
RT 04	5797482	106.8537889	-6.2554789
RT 05	5797269	106.8583687	-6.2691357
RT 05	5798658	106.8532707	-6.2530538
RT 14	5795566	106.7124575	-6.1111547
RT 04	5796100	106.7570364	-6.1477571
RT 04	5798048	106.7361923	-6.1272368
RT 04	5797308	106.9194841	-6.1172079
RT 13	5798793	106.9203807	-6.1182505
RT 05	5795997	106.7614399	-6.2359933
RT 04	7567510	106.7263209	-6.1734709
RT 04	5796566	106.9162325	-6.1473137
RT 04	5795175	106.9353489	-6.1213506
RT 13	5796815	106.7618987	-6.1590680
RT 05	5795433	106.7623221	-6.1479687
RT 13	5798159	106.7373852	-6.1648874
RT 14	5795053	106.7318461	-6.1311162
RT 05	5796410	106.7348249	-6.1690952
RT 13	5795540	106.8623246	-6.2344849
RT 05	5798468	106.8033443	-6.1293640
RT 05	5795105	106.8026949	-6.2027143
RT 04	5798448	106.7803534	-6.1433238
RT 04	5799056	106.7204568	-6.1647517
RT 04	5796218	106.7962801	-6.3144148
RT 14	5797796	106.7326325	-6.1471167
RT 04	5798458	106.7888259	-6.1365883
RT 04	5797193	106.7256237	-6.1500052
RT 04	5798834	106.8722561	-6.2573868
RT 05	5798824	106.8721165	-6.2578352
RT 05	5794607	106.8706910	-6.2596038
RT 04	5797782	106.8700665	-6.2590177
RT 05	5796839	106.7193958	-6.1658049
RT 13	5795857	106.7180644	-6.1651400
RT 14	5795461	106.7185193	-6.1677841
RT 05	5799331	106.9187338	-6.1678264
RT 04	5799330	106.9180424	-6.1649974
RT 04	5796895	106.8361012	-6.1365515
RT 04	5798635	106.8698380	-6.2627005
RT 05	5798633	106.8696313	-6.2636903
Wałdówko	7629343	18.3982737	54.0146886
Loo	4454293	39.6009351	43.6962235
Ofu	3717985	7.0689710	7.3294932
Gołuchów	6437990	20.6264691	50.6291240
Rio	6302356	-8.4745062	41.4712453
Rio	6012793	-8.4611328	42.0204157
DLF 5	3635352	77.1092293	28.4459991
DLF 5	3635353	77.1019864	28.4550942
Stodółki	7678230	19.4070906	52.2036218
Rio	6303969	-8.4838179	41.4330256
Płazówka	5208029	19.8485146	49.3060811
Rio	7857599	10.4016339	42.8228636
Mažučiai	6950743	22.8659333	54.5955143
Phường Hòa Phát	7057630	108.1755270	16.0384937
Głogówko	6100193	16.1123328	51.7380136
Osh	7727464	72.8063447	40.5197809
ež. Gėjus	2907969	24.5009552	54.4686131
Thủ Lệ Lake	2388847	105.8096782	21.0304880
Vališkės	6635009	25.5661160	54.6670194
Mikulášské náměstí	1147234	16.0455008	48.8547064
