Fyn	5175917	10.3472130	55.3245968
Dyo	3336972	4.2773142	46.3638205
Pis	132363	0.7077517	43.7851399
Eus	2820388	2.4531494	42.6551137
Bry	54196	3.6820359	50.3161971
Lor	2951299	4.0590816	49.5303660
Jun	345897	-3.5870217	37.2176644
Včelákov	440130	15.8844048	49.8070801
Úhřetice	440132	15.8689283	49.9794304
Tes	7304907	95.6366617	49.6019840
Tes	7305285	93.5001792	50.3421563
Altındağ	1812317	33.0001708	39.9909740
Džbánice	437153	16.2170124	49.0027275
Přehořov	436491	14.7641167	49.2492225
Cakóháza	1483299	17.2885539	47.6996072
Štoky	440442	15.5885314	49.5070575
Redenção	185557	-50.2153704	-8.0602499
Sax	345597	-0.8077429	38.5535350
Nyírábrány	1447717	22.0203424	47.5577360
Ito	4674444	139.1767154	34.9111699
Ono	900327	134.9576520	34.8612990
Ono	4198948	140.5974563	37.2853020
Sue	4008371	130.5258355	33.5952534
Kos	5319060	27.0850810	36.7939718
Szügy	1370322	19.3251357	48.0311463
Rue	906453	1.6618728	50.2796185
Voh	378673	164.7408029	-20.8944539
Výrov	436627	13.4587692	49.9644480
Rybníček	442472	17.0751148	49.2724097
Ono	3823285	150.2922035	8.7980081
Toi	1558554	-169.8533858	-18.9645732
Nui	3766617	177.1533316	-7.2209251
RW 03	5963129	107.6090046	-6.2304169
RW 04	5963130	107.6060795	-6.2327645
Vau	3992898	-9.2306060	39.3918923
Lávžejávri	7222130	23.7321292	69.0036844
Sud	4467704	-66.1648532	18.1642392
Băcioi	1748489	28.8832598	46.9111568
Phu	5267863	84.3220426	28.7910505
Reu	5142735	84.2815371	27.5056586
RW 12	4681404	106.7377422	-6.4259935
Ubu	6701898	86.4920431	27.2129401
Uwa	5858375	82.7963507	28.4467231
Hîncești	1692518	27.4972436	47.5267880
Hov	2178538	-6.7701582	61.5159063
Yoe	187710	-76.6361518	39.9090084
Uva	4630840	81.2394710	6.9609465
Ney	1182305	7.5260895	50.1853429
Rybníček	440455	15.5099381	49.7667860
Auw	1684259	8.3680007	47.2169168
Ono	4778270	4.8850110	60.5045066
RW 04	5801937	106.7650974	-6.1860640
RW 04	5801670	106.8180795	-6.1383101
Bajāri	7804149	24.5482675	56.9308735
RW 04	7199156	106.8558436	-6.2209221
RW 04	5799735	106.8381176	-6.1387296
RW 03	5800911	106.9095832	-6.2271119
RW 04	5801458	106.9120875	-6.1192651
RW 04	5800010	106.8632342	-6.1987612
RW 04	5801684	106.8709648	-6.3150817
RW 03	5802093	106.8279229	-6.2895687
RW 12	5800290	106.8604020	-6.2186059
RW 03	5800258	106.7532784	-6.1941310
RW 04	7152652	106.8544729	-6.2301219
RW 04	5800789	106.8644213	-6.2915648
RW 04	5801957	106.7776795	-6.1904566
RW 12	7198544	106.8395483	-6.2231035
RW 12	5801200	106.8791838	-6.3369129
RW 03	5799984	106.8925511	-6.1588292
RW 03	5801707	106.9166755	-6.1509989
RW 03	5801787	106.6992778	-6.1006645
RW 03	7198547	106.8425267	-6.2309648
RW 13	7198543	106.8379924	-6.2331905
RW 03	5801354	106.8753625	-6.3048453
RW 04	5800443	106.8390307	-6.2167109
RW 04	5801359	106.8771159	-6.3119028
RW 21	5799504	106.9164178	-6.1702335
RW 12	5800238	106.8392677	-6.2148799
RW 13	5800050	106.9114018	-6.1806908
RW 03	5799890	106.8418367	-6.2711312
RW 04	5799825	106.9164637	-6.1332414
RW 04	5799544	106.8134706	-6.1462575
RW 12	5800298	106.8390929	-6.2128004
RW 03	5800374	106.8642095	-6.2113604
RW 04	5799912	106.8517108	-6.2097017
RW 04	5800795	106.8575676	-6.2112075
RW 12	5801046	106.8489318	-6.2103234
RW 03	5800793	106.8656810	-6.2840285
RW 04	5800862	106.8115404	-6.1852345
RW 03	5801068	106.8178334	-6.1768006
RW 04	5799753	106.8188051	-6.2010870
RW 03	5799750	106.8191827	-6.1985901
RW 03	5800354	106.8245289	-6.2820617
RW 04	5799730	106.8194395	-6.1460725
RW 04	5801721	106.9200800	-6.1794931
RW 03	5800858	106.8136221	-6.1830405
RW 04	5801371	106.8140578	-6.1766872
RW 03	5801530	106.8448042	-6.1668743
RW 03	5801605	106.8190715	-6.2223608
RW 12	5799413	106.7937679	-6.1312056
RW 04	5801788	106.6931062	-6.1042608
RW 04	5801233	106.8187507	-6.2349866
RW 04	5801607	106.8167679	-6.2205151
RW 04	5801309	106.8665447	-6.2175040
RW 03	5801314	106.8668204	-6.2217544
RW 04	5800141	106.8724686	-6.2184330
RW 03	5800145	106.8722096	-6.2161220
RW 04	7215360	106.8620193	-6.2318302
RW 04	5800071	106.8584741	-6.2033926
RW 03	5801759	106.7954159	-6.1762865
RW 04	7315546	106.7721277	-6.2140310
RW 13	5800104	106.8655261	-6.2031976
RW 04	5800641	106.8097246	-6.1698945
RW 04	5800431	106.8126426	-6.2408474
RW 03	7215361	106.8605806	-6.2281300
RW 13	5800575	106.9181210	-6.1144576
RW 04	5799720	106.9231809	-6.1868395
RW 03	5799787	106.7988396	-6.1926550
RW 03	5801666	106.8196573	-6.1384485
RW 03	7198386	106.8737607	-6.1792865
RW 04	7198385	106.8692455	-6.1808871
RW 04	5801278	106.7328941	-6.1680385
RW 03	5799703	106.7195262	-6.1766404
RW 03	5801409	106.8081314	-6.1751471
RW 04	5802099	106.8262059	-6.2948268
RW 03	7333224	106.8391868	-6.2829357
RW 04	7737519	106.7744539	-6.3168102
RW 12	5801261	106.7680775	-6.2309604
RW 03	5800044	106.7730321	-6.2223954
RW 04	5801920	106.8792872	-6.2222626
RW 03	5799590	106.8510133	-6.2449137
M’Badon	4525203	-3.9344660	5.3280263
RW 03	5800386	106.7798667	-6.2055674
RW 03	5799636	106.7668277	-6.2041559
RW 03	5801677	106.8038237	-6.1762145
RW 12	5800120	106.9081078	-6.2881007
RW 03	5799476	106.8874091	-6.2979947
RW 13	5800225	106.8040013	-6.1726876
RW 03	5800339	106.8756217	-6.2993524
RW 04	5800342	106.8807659	-6.3015086
RW 12	5800576	106.9197194	-6.1156796
RW 04	5801032	106.8615737	-6.3087320
RW 13	7609970	106.9565893	-6.1325540
RW 03	5801014	106.9453561	-6.1478940
RW 04	5801831	106.9303795	-6.1338416
RW 12	5800626	106.9496015	-6.1348869
RW 03	5801953	106.7759248	-6.1960123
RW 03	5801852	106.9631029	-6.1244955
RW 03	5800518	106.8338674	-6.3093818
RW 03	5801828	106.9258575	-6.1336514
RW 03	5801975	106.9303956	-6.1168231
RW 13	5800481	106.7760544	-6.1265422
RW 13	5799444	106.7711316	-6.1997974
RW 04	5799550	106.8613181	-6.3148184
Jäärja küla	354933	24.9848457	58.0539634
RW 13	5800365	106.6888998	-6.1379406
RW 04	5799569	106.6907882	-6.1715125
RW 04	5799743	106.7004370	-6.1561156
RW 12	5799760	106.7266685	-6.1203447
RW 03	5800504	106.7530508	-6.2184210
RW 13	5801706	106.7071642	-6.1274686
RW 13	5801925	106.7120295	-6.1600805
RW 04	5799699	106.7224161	-6.1581786
RW 03	5799409	106.7083165	-6.1319629
RW 03	5799566	106.7043966	-6.1712636
RW 12	5799584	106.7078724	-6.1787812
RW 13	5799761	106.7073992	-6.1119558
RW 03	5800327	106.7016451	-6.1536025
RW 04	5800743	106.7002014	-6.1244454
RW 03	5800003	106.7113702	-6.1134485
RW 12	5799552	106.7122756	-6.1422563
RW 12	5800364	106.7167378	-6.1511183
RW 12	5801926	106.7125606	-6.1664696
RW 13	5799583	106.7159858	-6.1757589
RW 03	5801735	106.7226538	-6.2136988
RW 04	5801765	106.7477232	-6.1840215
RW 04	5800656	106.7320532	-6.2218796
RW 04	5801611	106.8912194	-6.2944286
RW 04	5801919	106.7848795	-6.1516105
RW 04	5801099	106.8372272	-6.3283264
RW 13	5799765	106.7419498	-6.1450795
RW 12	5801716	106.7378806	-6.1470823
RW 03	5800710	106.9022699	-6.2731354
RW 04	5800707	106.8887007	-6.2757202
RW 03	5800817	106.8708711	-6.1993154
RW 03	5799915	106.8501812	-6.3324714
RW 04	5799386	106.9069175	-6.3022701
RW 03	5801169	106.8800960	-6.3468487
RW 04	5799941	106.8721873	-6.2012924
RW 03	5799399	106.8688594	-6.1548287
RW 12	5800103	106.8680993	-6.2034427
Počarová	1744601	18.5127931	49.0658397
RW 03	5801100	106.8384748	-6.3257494
RW 04	5800617	106.8163391	-6.3405839
RW 13	5801367	106.8295087	-6.3430186
RW 12	5801366	106.8290893	-6.3466145
RW 12	5800717	106.9023877	-6.2543394
RW 03	5801418	106.8152046	-6.2112050
RW 03	5801236	106.8226400	-6.2387678
RW 04	5801968	106.8128964	-6.2381172
RW 03	5801964	106.8120124	-6.2352506
RW 03	5800763	106.8757559	-6.2380540
RW 12	5800960	106.8691993	-6.2428067
RW 13	5800961	106.8656138	-6.2268140
RW 04	5800771	106.8733443	-6.2290496
RW 03	5801696	106.8656169	-6.2297047
RW 04	5801690	106.8658633	-6.2318174
RT 06	5977491	107.4640941	-6.1827513
RW 12	5799458	106.8253465	-6.1374006
RW 04	5800392	106.7755753	-6.2148905
RW 04	5802074	106.8335148	-6.3376301
RW 13	7737510	106.7774730	-6.3204909
RW 03	7737520	106.7708621	-6.3184417
RW 04	5801762	106.8009403	-6.1743011
RT 07	5977492	107.4624268	-6.1850809
RW 03	5801029	106.8813100	-6.2361611
RW 03	5801634	106.7861682	-6.2089990
RW 04	5799865	106.7854161	-6.1792280
RW 13	5799894	106.8862523	-6.3615577
RW 03	5802080	106.8296477	-6.3482751
RW 04	5800514	106.8278766	-6.3175717
RW 12	5800311	106.8888317	-6.2319311
RW 13	5800312	106.8900843	-6.2375950
RW 12	5799842	106.8859783	-6.2097666
RW 04	5801894	106.8857618	-6.3330396
RW 04	5801028	106.8829065	-6.2358990
RW 03	5802056	106.8915350	-6.2221474
RW 04	5801710	106.7961085	-6.1987761
RW 04	5799790	106.7989408	-6.1975005
RW 04	5801815	106.7947161	-6.1977278
RW 03	7302012	106.7958383	-6.1965724
RW 03	5800190	106.8932836	-6.2046975
RW 04	5799689	106.8069713	-6.2089415
RW 03	5799695	106.8107065	-6.2106936
RW 03	5800406	106.8075244	-6.1932249
RW 04	5800184	106.7705663	-6.2229145
RT 15	5977510	107.4666428	-6.1828733
RW 04	5800723	106.8054497	-6.1845821
RW 03	5799959	106.7613320	-6.2177700
RW 04	5799715	106.8063802	-6.1866220
RW 12	5800507	106.8801666	-6.1759176
RW 03	5799709	106.8060629	-6.1876145
RW 04	5800407	106.8074381	-6.1952295
RW 03	5800722	106.8079500	-6.1852440
RW 03	5800647	106.7918120	-6.2028306
RW 03	5799866	106.7856874	-6.1814300
RW 03	5801430	106.8269514	-6.3256363
RW 12	5800891	106.8131846	-6.1927540
RW 03	5800894	106.8618936	-6.3491443
RW 13	5800892	106.8127584	-6.1949076
RW 03	5799527	106.8791245	-6.3228851
RW 04	5801585	106.8996898	-6.1835311
RW 03	7199157	106.8538577	-6.2197918
RW 03	7152653	106.8574798	-6.2299881
Čeľadice	2210191	18.2464209	48.3130705
RW 12	5799893	106.8753278	-6.3428660
RW 03	5800932	106.8487201	-6.2212435
RW 04	5800303	106.8712021	-6.3359322
RW 04	5800612	106.8761398	-6.3509468
RW 04	5800927	106.8468329	-6.2194774
RW 03	5801687	106.8708270	-6.3101891
RW 04	5799970	106.9029311	-6.1782356
RW 03	5801397	106.8995762	-6.1765880
RW 21	5800635	106.9063154	-6.1733142
RW 03	5801588	106.9039660	-6.1831850
RW 04	5801803	106.8997372	-6.1903285
RW 03	5801807	106.9034829	-6.1893115
RW 04	5800265	106.9071497	-6.2016855
RW 03	5800266	106.9060365	-6.2038445
RW 03	5801519	106.9007924	-6.2030955
RW 03	5800149	106.7440343	-6.1180691
RW 12	5800483	106.7792111	-6.1320546
RW 03	5799723	106.9138450	-6.1859000
RW 03	5802033	106.7461067	-6.1333048
RW 03	5800853	106.8247617	-6.2334357
RW 04	5800203	106.7697674	-6.1357260
RW 12	5799764	106.7486972	-6.1374585
RW 03	5799578	106.8237991	-6.2151695
RW 04	5801750	106.8461461	-6.2263596
RW 03	7152615	106.8454945	-6.2332169
RW 13	5801794	106.7246108	-6.1378491
RW 03	5800202	106.7639121	-6.1342527
RW 04	5800154	106.7274685	-6.0932580
RW 04	5799577	106.8264367	-6.2145453
RW 04	7152614	106.8498149	-6.2364663
RW 12	5801793	106.7282387	-6.1265370
RW 04	5799420	106.7501445	-6.1539856
RW 04	5800822	106.8059122	-6.1649806
RW 03	5801334	106.7951447	-6.1642935
RW 03	5800090	106.8685305	-6.1648479
RW 04	5799985	106.8897193	-6.1639308
RW 13	5801579	106.9058989	-6.1624455
RW 04	5801548	106.7536598	-6.1641493
RW 12	5800884	106.7443853	-6.1636056
RW 03	5800824	106.8045283	-6.1627349
RW 03	5800947	106.7599509	-6.1626150
RW 03	5800551	106.8268053	-6.1610420
RW 04	5801126	106.8704942	-6.1613304
RW 12	5801826	106.7525060	-6.2095466
RW 04	5801017	106.9483402	-6.1608670
RW 13	5799480	106.7693860	-6.1660703
RW 12	5800414	106.7812463	-6.1483204
RW 13	5800902	106.9084273	-6.2243288
RW 13	5801489	106.7719195	-6.1142318
RW 03	5801352	106.8984152	-6.2164415
RW 04	5801348	106.8977936	-6.2203227
RW 04	5800954	106.9034654	-6.1972630
RW 03	5801269	106.8051478	-6.3088812
RW 12	5801629	106.7850280	-6.1996816
RW 13	5801628	106.7843378	-6.1961376
Redenção	6291798	-50.2153704	-8.0602499
RW 13	5800654	106.8802595	-6.1724221
RW 13	5800239	106.8405020	-6.2196298
RW 04	7483596	106.9132467	-6.3564177
RW 03	5801999	106.8443320	-6.1587491
RW 04	5799800	106.8374181	-6.1530707
RW 12	5801772	106.8298357	-6.1532920
RW 03	5799992	106.8257685	-6.1446780
RW 04	5800832	106.8230636	-6.1455925
RW 04	5800462	106.8959805	-6.2382471
RW 03	5799913	106.8532975	-6.2180669
RW 03	5800615	106.8714084	-6.3511964
RW 04	5801621	106.8706997	-6.3415793
RW 12	7198391	106.8645642	-6.1787211
RW 13	7198390	106.8636517	-6.1847056
RW 04	5801736	106.7344606	-6.2070347
RW 04	5800907	106.9124105	-6.2275550
RW 12	5800777	106.9008208	-6.2438217
RW 13	5801394	106.9205386	-6.2177775
Kołaczów	7692253	16.7248846	50.7642167
RW 03	5799831	106.7625658	-6.2339130
RW 03	5801143	106.7780419	-6.2353780
RW 04	7392130	106.7774290	-6.3030012
RW 04	5800288	106.7576242	-6.2603561
RW 03	5801284	106.7294389	-6.1648244
RW 03	5801218	106.8099346	-6.2331517
RW 04	5801217	106.8121277	-6.2314842
RW 03	5799731	106.8193510	-6.1439160
RW 03	5801643	106.7262661	-6.1488239
RW 04	5801644	106.7243519	-6.1520388
RW 12	5800226	106.8024130	-6.1725705
RW 03	5800004	106.8620228	-6.1961259
RW 12	5801395	106.9181258	-6.2177775
RW 12	5800329	106.9170304	-6.2280760
RW 03	7192900	106.8594161	-6.1916810
RW 03	7212842	106.8433616	-6.1928436
RW 04	7212617	106.8497860	-6.2047715
RW 12	7484169	106.7891574	-6.2207550
RW 04	7212537	106.8311524	-6.2012040
RW 03	7212538	106.8422953	-6.2056131
RW 03	5799895	106.8577797	-6.2009877
RW 04	5801741	106.8198795	-6.1926090
RW 03	5801746	106.8203686	-6.1897895
RW 03	5800799	106.8540253	-6.2074761
RW 03	5801961	106.8246724	-6.2061134
RW 03	5800664	106.8411526	-6.3206940
RW 04	5799910	106.8446094	-6.3346070
RW 04	5801136	106.7725083	-6.1556533
RW 12	5799443	106.7804614	-6.1871874
RW 04	5800411	106.7568353	-6.2350319
RW 03	5800418	106.7528411	-6.2298695
RW 12	5800672	106.8814412	-6.1993100
RW 03	5799554	106.8570737	-6.3207058
RW 12	5799816	106.8819979	-6.2105705
RW 13	5801715	106.7440586	-6.1534831
RW 04	5801916	106.8267160	-6.2228956
RW 04	5799885	106.7344278	-6.1485318
RW 03	5799886	106.7373420	-6.1521415
RW 04	5800966	106.7883346	-6.1146901
RW 03	5800973	106.7796897	-6.1140292
RW 12	5801488	106.7818418	-6.1188141
RW 21	5801222	106.7715796	-6.1103006
RW 03	5801250	106.8062928	-6.1227641
RW 03	5801545	106.7479325	-6.1712634
RW 03	5801911	106.8406890	-6.2561072
RW 04	5800950	106.7586202	-6.1690982
RW 03	5800463	106.8940293	-6.2313918
RW 04	5802030	106.7714401	-6.1474965
RW 03	5801373	106.7474072	-6.1785421
RW 03	5799739	106.8354723	-6.1390157
RW 03	5801934	106.7589279	-6.1846214
RW 04	5801674	106.8060576	-6.1750160
RW 04	5801253	106.8068144	-6.1271499
RW 04	5800000	106.7182184	-6.1285101
RW 04	5799920	106.7952897	-6.2345217
RW 12	7737511	106.7655079	-6.3218034
RW 04	5800074	106.8052664	-6.3499628
Coz	6544468	-8.9535137	39.5983894
RW 03	5799801	106.8364186	-6.1493790
RW 03	5801655	106.8334935	-6.1518570
RW 13	5799877	106.8281723	-6.1528091
RW 03	5800450	106.8225544	-6.1534570
RW 04	5799574	106.8255829	-6.1545491
RW 03	5801398	106.8867844	-6.1885386
RW 04	5801405	106.8831144	-6.1886410
RW 04	5801882	106.8305927	-6.1562095
RW 03	5800282	106.8540130	-6.1268600
RW 13	5800718	106.8941838	-6.2472359
RW 04	5800534	106.7816714	-6.1747015
RW 03	5799840	106.7828885	-6.1636768
RW 04	5800377	106.8659596	-6.2109809
RW 04	5799889	106.7867941	-6.1642341
RW 03	5800541	106.7815787	-6.1702535
RW 04	5801328	106.7915534	-6.1634320
RW 13	5800987	106.7888711	-6.2153977
RW 03	5800620	106.8095801	-6.3378880
Yar	6824356	52.1039961	58.2396517
RW 03	5801877	106.8300807	-6.1577692
RW 04	5799996	106.8244056	-6.1425476
RW 04	5801880	106.8852856	-6.1913745
RW 03	5799466	106.8906419	-6.2406650
RW 03	5801879	106.8823712	-6.1912140
RW 13	5799815	106.8848614	-6.2068336
RW 04	5799459	106.8952066	-6.2423947
RW 04	5801635	106.7895822	-6.2126184
RW 03	4439619	106.8037935	-6.3572633
RW 03	5800328	106.7955439	-6.2684335
RW 04	5800901	106.7936985	-6.2701094
RW 13	5800843	106.8024639	-6.2856210
RW 13	5801118	106.7776521	-6.2809522
RW 03	5801064	106.7967456	-6.2844635
RW 12	5801117	106.7732987	-6.2719688
RW 03	5801727	106.8015871	-6.2748555
RW 04	5801726	106.8027456	-6.2782671
RW 03	5802045	106.7848445	-6.2707371
RW 03	5800767	106.7905493	-6.1516554
RW 03	5800917	106.7981068	-6.1567787
RW 03	5800700	106.7992329	-6.1470179
RW 04	5800697	106.7985556	-6.1438300
RW 03	5801563	106.7987314	-6.1507661
RW 03	5799952	106.7914403	-6.1388988
RW 04	5800914	106.7980358	-6.1580300
RW 04	5799947	106.7915584	-6.1413168
RW 03	5799462	106.8719328	-6.2660037
RW 03	5801324	106.8069639	-6.1548482
RW 04	5800077	106.8067649	-6.1387346
RW 03	5800370	106.8093305	-6.1346559
RW 03	5801598	106.8035599	-6.1435367
RW 03	5800528	106.8041745	-6.1492223
RW 03	5800080	106.8043880	-6.1386124
RW 03	5799432	106.8041172	-6.1605227
RW 12	5799600	106.8095667	-6.1566195
RW 04	5799954	106.8087457	-6.1458568
RW 04	5800160	106.8111895	-6.1495749
RW 03	5801411	106.8108073	-6.1463933
RW 13	5799596	106.8095106	-6.1587570
RW 03	5800164	106.8110163	-6.1478674
RW 04	5801318	106.8072866	-6.1557407
RW 04	5800522	106.8018863	-6.1489569
RW 04	5801559	106.8004936	-6.1498094
RW 04	5801594	106.8016080	-6.1435367
RW 12	5799630	106.8013552	-6.1594994
RW 04	5800501	106.8023796	-6.1603997
RW 13	5799412	106.8022712	-6.1326080
RW 12	5799747	106.8034892	-6.1330940
RW 04	5799660	106.8534484	-6.1621919
RW 12	5799392	106.8777428	-6.1517157
RW 13	5799488	106.8819775	-6.1528327
RW 12	5800302	106.8521171	-6.1545875
RW 04	5799388	106.8660927	-6.1543260
RW 13	5800301	106.8545703	-6.1544534
RW 22	7499811	106.9005768	-6.1404787
RW 03	5800538	106.7497217	-6.2394470
RW 03	5801341	106.7821791	-6.2403589
RW 04	5799463	106.8677599	-6.2681838
RW 03	5799650	106.9336733	-6.1023110
RW 12	5800886	106.9207751	-6.1063491
RW 12	5800784	106.8643824	-6.2500274
RW 04	5800344	106.8672197	-6.2483091
RW 13	5800755	106.8645372	-6.2600699
RW 04	5801383	106.8664837	-6.2569359
RW 12	5800756	106.8653322	-6.2595645
RW 03	5800350	106.8620484	-6.2557818
RW 04	5800494	106.8806393	-6.2561862
RW 12	5800500	106.8776804	-6.2570945
RW 03	5800489	106.8739871	-6.2619833
RW 03	5801384	106.8728320	-6.2614492
RW 04	5801083	106.9172874	-6.3180510
RW 04	5801163	106.8950782	-6.3461116
RW 03	5801226	106.8963765	-6.3299167
RW 04	5801229	106.9012597	-6.3261563
RW 03	5801454	106.9091524	-6.3180319
RW 03	5801614	106.9138579	-6.3001061
RW 04	5802036	106.8934415	-6.3176568
RW 03	7399468	106.9053738	-6.3087690
RW 03	5800117	106.8910344	-6.3144926
RW 03	5801162	106.8926024	-6.3470770
RW 04	5801891	106.8583271	-6.2756754
RW 03	5799783	106.8578958	-6.2612730
RW 03	5800957	106.8583038	-6.2943869
RW 12	5801086	106.8594557	-6.2965574
RW 03	5799932	106.8505036	-6.2943268
RW 03	5800250	106.8547090	-6.2892491
RW 04	5800248	106.8536366	-6.2766665
RW 13	5800174	106.9474694	-6.1893394
RW 04	5800396	106.9629926	-6.1904605
RW 04	5801094	106.9555406	-6.1979419
RW 03	5801991	106.9552990	-6.2141726
RW 03	5800400	106.9701976	-6.1885155
RW 03	5801206	106.9407952	-6.1887145
RW 04	5801844	106.9410332	-6.2141646
RW 13	5801191	106.9489072	-6.1980231
RW 12	5801190	106.9493508	-6.1993950
RW 03	5799649	106.8507780	-6.1623227
RW 04	5799858	106.8565387	-6.1652695
RW 03	5799854	106.8545045	-6.1652810
RW 04	5801529	106.8442229	-6.1638757
RW 03	5800979	106.8595265	-6.1605714
RW 04	5801649	106.8339776	-6.1538869
RW 04	5802000	106.8424899	-6.1613942
RW 04	5802086	106.8359899	-6.1633116
RW 03	5802089	106.8353068	-6.1609890
RW 03	5799678	106.8136527	-6.1632616
RW 04	5801562	106.8283831	-6.1657090
RW 03	5801561	106.8252444	-6.1655755
RW 04	5799677	106.8117245	-6.1631390
RW 03	5799663	106.8271169	-6.2419402
RW 04	5799666	106.8338134	-6.2427011
RW 03	7198400	106.8630004	-6.1736266
RW 03	5800101	106.8486530	-6.1757355
RW 04	5800490	106.8550325	-6.1762705
RW 12	5800581	106.8495667	-6.1814031
RW 04	5801187	106.8503125	-6.1756863
RW 04	5801446	106.8427445	-6.1735835
RW 03	5800655	106.8558705	-6.1731157
RW 04	5800628	106.8548960	-6.1705971
RW 04	5801945	106.8643095	-6.1687763
RW 03	5802048	106.8449695	-6.1711701
RW 04	7198399	106.8618462	-6.1770306
RW 13	5800749	106.8595071	-6.2390159
RW 03	5802116	106.9331138	-6.1541009
RW 22	5800168	106.9202530	-6.1630364
RW 04	5801846	106.9279068	-6.1562552
RW 12	5801820	106.9187682	-6.1387709
RW 03	7483597	106.9080078	-6.3473741
RW 12	5800839	106.8359174	-6.1313328
RW 12	5801580	106.9031966	-6.1680304
RW 13	5801859	106.9325983	-6.2187166
RW 12	5801858	106.9373140	-6.2234085
RW 03	5799559	106.9277964	-6.2191270
RW 13	5801216	106.9241022	-6.2078555
RW 13	5801170	106.9263597	-6.2358001
RW 12	5802021	106.9242526	-6.2016531
RW 12	5799670	106.9034917	-6.2510521
RW 13	5799671	106.9073539	-6.2483766
RW 04	5799500	106.9427699	-6.2359791
RW 04	5799936	106.8524913	-6.2691178
RW 03	7737756	106.7680957	-6.3092568
RW 03	5799535	106.8113898	-6.2854141
RW 04	7735184	106.7611455	-6.2912471
RW 12	7737747	106.7686247	-6.2913292
RW 04	7737401	106.7531191	-6.3043349
RW 04	5800358	106.8194601	-6.2992402
RW 03	5799496	106.9411452	-6.2293180
RW 03	5800953	106.9375469	-6.2199586
RW 12	5801171	106.9419715	-6.2513077
RW 04	5801520	106.9350974	-6.2201120
RW 03	5801567	106.9411482	-6.2452406
RW 03	5801840	106.9371066	-6.2154395
RW 04	5799563	106.9300769	-6.2200730
RW 12	5799871	106.9320751	-6.2153125
RW 13	5799872	106.9338505	-6.2106611
RW 04	5800156	106.9334264	-6.2439416
RW 03	5799484	106.9013661	-6.3353718
RW 04	5799487	106.9037006	-6.3294644
RW 04	5801275	106.8000863	-6.3037095
RW 04	5799593	106.8481916	-6.2451832
RW 03	5800130	106.8562182	-6.2487157
RW 12	5800593	106.9002430	-6.1131195
RW 13	5801285	106.9021412	-6.1126935
RW 03	5801459	106.9093349	-6.1219425
RW 12	5801493	106.9046534	-6.1171296
RW 12	5800049	106.9114965	-6.1602613
RW 13	5799431	106.9099186	-6.1171110
RW 21	5799745	106.8939881	-6.1476380
RW 03	5800596	106.8986163	-6.1105117
RW 04	5800683	106.9090723	-6.1111640
RW 12	5801780	106.8947113	-6.1156083
RW 12	5802004	106.9076055	-6.1448001
RW 04	5802015	106.8988780	-6.1149395
RW 03	5802016	106.8975087	-6.1199751
RW 03	5799930	106.9143506	-6.1112487
RW 03	5801447	106.9116503	-6.1336315
RW 22	7503741	106.9093468	-6.1585004
RW 03	5800150	106.8252654	-6.2505626
RW 04	5800136	106.8565279	-6.2501365
RW 04	5800583	106.8481199	-6.2527915
RW 04	5799780	106.8515510	-6.2585592
RW 04	5800447	106.8352392	-6.2698934
RW 04	5799533	106.8400161	-6.2453737
RW 04	5800153	106.8333767	-6.2504814
RW 04	5801470	106.8381079	-6.2645077
RW 03	5801469	106.8311255	-6.2627066
RW 03	5801603	106.8364151	-6.2447636
RW 03	5800726	106.8210398	-6.2695562
RW 04	5800731	106.8231313	-6.2597059
RW 03	5799403	106.7909408	-6.2473496
RW 04	7519916	106.7873846	-6.2492124
RW 04	5799956	106.7959317	-6.2512202
RW 12	5801872	106.7845617	-6.2498893
RW 03	5801950	106.8001939	-6.2515400
RW 04	5799400	106.7934827	-6.2477839
RW 03	5800430	106.8123093	-6.2448789
RW 04	5801951	106.8002815	-6.2479896
RW 04	5799834	106.7618621	-6.2431398
RW 03	5799811	106.8067958	-6.2585830
RW 12	5799927	106.7690977	-6.2598842
RW 04	5801305	106.7714346	-6.2606482
RW 04	5800122	106.8223171	-6.2431731
RW 03	5801325	106.8179798	-6.2474766
RW 12	5801497	106.8180308	-6.2503886
RW 12	7735176	106.7581217	-6.2811611
RW 04	5799538	106.8165030	-6.2781664
RW 13	5799926	106.7622119	-6.2853916
RW 03	5800291	106.7582143	-6.2568741
RW 03	5801306	106.7678375	-6.2697620
RW 03	7735185	106.7592996	-6.2853166
RW 03	7737336	106.7512693	-6.2849940
RW 04	5799684	106.7894527	-6.2536259
RW 03	5799685	106.7925145	-6.2586513
RW 04	5799805	106.8015544	-6.2585747
RW 12	5801767	106.7936022	-6.2546251
RW 13	5801766	106.7880486	-6.2560418
RW 04	5799517	106.8137769	-6.1566761
RW 04	5800880	106.8418600	-6.2864172
RW 04	7737335	106.7510525	-6.2903635
RW 04	5801041	106.7533114	-6.2392377
RW 13	5799843	106.8855703	-6.2082309
RW 04	5800086	106.8772975	-6.2093971
RW 03	7737402	106.7535253	-6.3090123
RW 13	5800012	106.8766172	-6.2002380
RW 03	5801005	106.6028795	-5.7403639
RW 04	5800191	106.8959445	-6.2095305
RW 04	5799510	106.8914619	-6.2168016
RW 12	5800334	106.8843070	-6.2181695
RW 13	5800335	106.8800028	-6.2157995
RW 04	5800420	106.9495848	-6.1831639
RW 04	5800983	106.8627129	-6.1619111
RW 12	5800066	106.8749204	-6.1250031
RW 12	5800842	106.8055018	-6.3002235
RW 04	5801210	106.9407976	-6.1805920
RW 04	5801061	106.7902523	-6.2968759
RW 03	5800425	106.9451426	-6.1817216
RW 03	5801890	106.8591456	-6.2849468
RW 04	5800671	106.8461803	-6.3183411
RW 04	5799903	106.8419683	-6.3001916
RW 03	5800992	106.7793068	-6.3115554
RW 04	5800371	106.8119382	-6.3238327
RW 03	7519917	106.7877665	-6.2475569
RW 12	5800559	106.8791282	-6.1115713
RW 13	5800067	106.8744974	-6.1236750
RW 04	7737755	106.7668532	-6.3122674
RW 03	5800829	106.8214467	-6.1481725
RW 04	5799610	106.8143723	-6.1491450
RW 03	5799611	106.8134105	-6.1506136
RW 04	5800844	106.8755747	-6.2768794
RW 03	5799542	106.8118646	-6.1565601
RW 03	5800457	106.8111436	-6.1435587
RW 04	5801972	106.9298524	-6.1119623
RW 13	5799899	106.8947700	-6.1205814
RW 03	5801289	106.9013942	-6.1288215
RW 12	5800543	106.9072803	-6.1269475
RW 04	5801290	106.8968031	-6.1301995
RW 13	5800542	106.9170204	-6.1282445
RW 03	5801984	106.7765511	-6.1750982
RW 12	5799481	106.7745000	-6.1766476
RW 13	5801498	106.8203006	-6.2434919
RW 04	5801142	106.7721819	-6.2656178
RW 04	5799473	106.8826524	-6.2748199
RW 03	5799951	106.8073546	-6.2509585
RW 04	5799414	106.9533972	-6.1202340
RW 03	5799921	106.7909945	-6.2384668
RW 04	5801148	106.7738459	-6.2368628
RW 04	5800257	106.7372637	-6.2003061
ADUS	6687696	-68.9290554	-37.4031782
RT 16	5977511	107.4683921	-6.1867398
RW 04	5801980	106.7710537	-6.1727679
RW 04	5800856	106.8340495	-6.2332395
RW 04	5800179	106.8787102	-6.1194040
RW 12	5800930	106.8612139	-6.1278887
RW 12	5800873	106.8672463	-6.1407261
RW 13	5800874	106.8706373	-6.1407261
RW 13	5800931	106.8629395	-6.1299747
RW 04	5801449	106.8756498	-6.1159789
RW 04	5801897	106.8775072	-6.1344302
RW 03	5801903	106.8791641	-6.1303781
RW 03	5801452	106.8712136	-6.1205269
RW 03	5800211	106.8439298	-6.1385145
RW 03	5801929	106.8752676	-6.2206426
RW 13	5800885	106.9326637	-6.0990268
RW 03	5799659	106.9276450	-6.1005483
RW 04	5801258	106.9384255	-6.0995925
RW 04	5801139	106.9220241	-6.1019150
RW 04	5801414	106.8153535	-6.2094606
RW 03	5800594	106.5695768	-5.6534665
RW 04	5801904	106.5739665	-5.6552050
RW 03	5800566	106.7095430	-5.9781086
RW 03	5801240	106.5848024	-5.9277327
RW 04	5802069	106.5561863	-5.8222917
RW 03	5802072	106.4854641	-5.7952183
RW 04	5801241	106.6164045	-5.8591186
RW 13	5800838	106.8329456	-6.1323447
RW 03	5800087	106.8773277	-6.2116020
RW 04	5801010	106.6144227	-5.7441733
RW 04	5800222	106.8192361	-6.1334998
RW 03	5801125	106.8864166	-6.1201126
RW 04	5801129	106.8891675	-6.1165581
RW 03	5800182	106.8785559	-6.1184387
RW 03	5800850	106.8757837	-6.2693029
RW 12	5801001	106.9464651	-6.1724345
RW 04	5799648	106.8833400	-6.1323469
RW 03	5799907	106.8554231	-6.3082247
RW 03	5799437	106.7880544	-6.2303219
RW 04	5800938	106.8613438	-6.2158440
RW 03	5800021	106.8840810	-6.1190070
RW 03	5800939	106.8619731	-6.2188359
RW 12	7218836	106.8595052	-6.2377462
RW 03	5800477	106.8069146	-6.2267121
RW 13	5801503	106.8868393	-6.1230215
RW 03	5800058	106.8467650	-6.1923165
RW 04	5801104	106.8394141	-6.2073750
RW 03	5801140	106.7749688	-6.1600893
RW 03	5801664	106.8615871	-6.2007280
RW 12	5801502	106.8862419	-6.1178865
RW 13	5800608	106.8675707	-6.2093244
RW 03	5801939	106.8628312	-6.1713731
RW 04	5802052	106.8450642	-6.1729985
RW 03	7247259	106.8376488	-6.1849710
RW 03	5799770	106.8527111	-6.1806170
RW 04	5799776	106.8558398	-6.1791326
RW 04	5800316	106.8582203	-6.1839950
RW 03	5801052	106.8542329	-6.1758450
RW 03	5801108	106.8405234	-6.2087508
RW 04	7192899	106.8621188	-6.1913674
RW 03	7212618	106.8497948	-6.2012083
RW 03	5801443	106.8394467	-6.1796991
RW 03	5800438	106.8464972	-6.1824722
RW 03	5800034	106.8261771	-6.1858046
RW 04	5800028	106.8282164	-6.1858809
RW 04	5801091	106.8211610	-6.1776146
RW 03	7212576	106.8294935	-6.1912085
RW 04	7247258	106.8391851	-6.1821225
RW 04	5800437	106.8455478	-6.1844220
RW 04	5800061	106.8445396	-6.1942136
RW 04	7212575	106.8280596	-6.1908860
RW 04	5800775	106.8620747	-6.2021344
RW 03	5799725	106.8577715	-6.1830435
RW 13	5800580	106.8502692	-6.1842050
RW 04	5800738	106.8531131	-6.1937763
RW 03	5800737	106.8512977	-6.1923515
RW 04	5800276	106.8548430	-6.1335461
RW 04	7212841	106.8410050	-6.1942440
RW 04	5800555	106.8200937	-6.1577531
RW 13	5800560	106.8740733	-6.1154615
RW 04	5799963	106.7465343	-6.2095466
RW 03	5799423	106.7608486	-6.1553410
RW 04	5800600	106.8938508	-6.1087242
RW 04	5800215	106.8437213	-6.1421400
RW 12	5800609	106.8692333	-6.2099937
Uva	3693282	-6.5064658	41.5035719
RW 13	5799647	106.7710307	-6.2301907
Fur	3058453	9.0018236	56.8214552
Długojów	6259027	20.6088071	51.0317238
Quảng Yên	7133693	106.8605230	20.9258358
Bílá Voda	438761	16.8883207	50.4239368
Ayr	181547	-97.4909287	47.0418335
Płaczków	3826903	20.6926725	51.1200692
Rue	1683391	6.8306245	46.6055402
Ver	903225	-1.3885913	48.8972383
Ciepłe	4103877	20.6701336	52.0013034
Lúka I.	5734766	17.8333819	48.7523281
1-Chōme	5673098	134.0568876	34.3270853
1-Chōme	5899048	133.8203766	34.2759972
Rue	3611677	-8.7651578	54.0419316
1-Chōme	5892098	133.7798723	34.2268642
Ray	5543625	-8.0427002	55.1256784
RT 15	5796056	106.8609990	-6.2213823
RT 06	5795718	106.8631783	-6.2189217
RT 07	5798454	106.8628796	-6.2175928
RT 06	5798455	106.8632573	-6.2176253
Ray	5587455	-7.7293151	55.0329900
RT 06	5796678	106.7927796	-6.3087647
RT 07	5796679	106.7908900	-6.3087333
RT 07	5796205	106.7910729	-6.3040570
RT 06	5794946	106.7899550	-6.3047920
RT 06	5795973	106.8067508	-6.3024274
RT 07	5798738	106.8005485	-6.3059319
RT 06	5798739	106.7991982	-6.3073055
RT 06	7437626	106.7972766	-6.3040678
RT 07	5795376	106.7972552	-6.3027441
1-Chōme	5670316	134.0601964	34.3396479
1-Chōme	5670324	134.0535735	34.3382617
1-Chōme	5892096	133.7888022	34.2289629
RT 07	5795036	106.8706308	-6.2605951
RT 07	5794990	106.8649252	-6.2671654
RT 06	5795265	106.8650340	-6.2664460
RT 06	5797016	106.8602392	-6.2645243
RT 07	5797113	106.8609611	-6.2634814
RT 06	5797588	106.8640191	-6.2638928
RT 07	5797587	106.8617444	-6.2678419
RT 15	5794383	106.8614906	-6.2658944
RT 06	5797698	106.8570473	-6.2599899
RT 07	5797448	106.8590290	-6.2601929
RT 07	5797492	106.8576889	-6.2588635
RT 07	5795259	106.8474648	-6.2905850
RT 16	5794899	106.8505456	-6.2890857
RT 15	5796562	106.8499073	-6.2886617
RT 06	5795258	106.8465901	-6.2901760
RT 06	5797648	106.8533860	-6.2951555
RT 07	5797649	106.8505160	-6.2934621
RT 07	5797561	106.8458273	-6.2858547
RT 06	5797562	106.8467649	-6.2857267
RT 07	5794407	106.8523069	-6.2852586
RT 06	5796180	106.8533366	-6.2884911
RT 07	5796843	106.8490798	-6.2867410
RT 06	5796847	106.8533161	-6.2900285
RT 06	5799072	106.8448334	-6.2934098
RT 07	5799071	106.8453124	-6.2911743
RT 06	5798102	106.8544121	-6.2823612
RT 07	5794957	106.8544515	-6.2836013
RT 06	7783290	102.2536407	-3.7865262
RT 06	5795197	106.9295671	-6.1546400
RT 06	5795244	106.9228246	-6.1389681
RT 07	5795206	106.9212025	-6.1446397
RT 06	5795207	106.9225511	-6.1451113
RT 06	5798183	106.9225141	-6.1534140
RT 07	5795782	106.9210889	-6.1541462
RT 15	5795561	106.9242759	-6.1507108
RT 07	5798101	106.9285919	-6.1494568
RT 06	5797517	106.9274004	-6.1492010
RT 06	5795225	106.9235541	-6.1571735
RT 15	5795999	106.9252503	-6.1566549
RT 16	5796001	106.9246188	-6.1550706
RT 07	5795017	106.9205005	-6.1631181
RT 06	5794346	106.9204373	-6.1634641
RT 06	5797635	106.9302660	-6.1586779
RT 07	5797432	106.9288435	-6.1591969
RT 06	5795058	106.9224155	-6.1578882
RT 06	5794763	106.9192716	-6.1391238
RT 07	5795860	106.9201781	-6.1382810
RT 07	5795160	106.9192150	-6.1429857
RT 06	5795161	106.9201684	-6.1422976
RT 07	5794918	106.9202214	-6.1516099
RT 07	7210771	106.8536812	-6.2198262
RT 06	7210772	106.8546291	-6.2200583
RT 16	7210745	106.8543743	-6.2230827
RT 15	7210746	106.8548669	-6.2239467
RT 06	7210755	106.8549536	-6.2228309
RT 07	7210754	106.8533505	-6.2221845
RT 07	7210722	106.8559637	-6.2215781
RT 06	7210723	106.8568766	-6.2214253
RT 07	7210781	106.8550064	-6.2192093
RT 06	7210782	106.8553870	-6.2187885
RT 07	7210793	106.8553056	-6.2175299
RT 06	7210794	106.8548644	-6.2178240
RT 06	7346750	106.8566588	-6.2165575
RT 07	5798290	106.8570683	-6.2162049
RT 16	5797739	106.8577325	-6.2167997
RT 15	5796591	106.8577142	-6.2172581
RT 07	7210760	106.8559280	-6.2209493
RT 06	7210763	106.8551187	-6.2205181
RT 07	7210710	106.8587050	-6.2193001
RT 06	7210711	106.8587467	-6.2186297
RT 07	5798491	106.8591173	-6.2371917
RT 06	5799352	106.8597995	-6.2370558
RT 06	5796737	106.8589439	-6.2344867
RT 07	5796736	106.8597226	-6.2354801
RT 06	7210671	106.8599081	-6.2231597
RT 07	7210670	106.8606248	-6.2231597
RT 07	7210663	106.8614444	-6.2176260
RT 15	7210656	106.8595828	-6.2207712
RT 06	5798276	106.8589885	-6.2135410
RT 07	7346748	106.8592514	-6.2132054
RT 06	5795732	106.8596476	-6.2155980
RT 07	7346758	106.8608718	-6.2154991
RT 07	5795616	106.8587840	-6.2151910
RT 06	5795617	106.8591187	-6.2160404
RT 06	7210698	106.8602797	-6.2248653
RT 07	7210697	106.8603491	-6.2238992
RT 06	7210739	106.8556189	-6.2238845
RT 16	7210729	106.8567872	-6.2232774
RT 07	7210738	106.8557427	-6.2233268
RT 15	7210730	106.8577543	-6.2232176
RT 07	5795621	106.8576404	-6.2148261
RT 06	5795622	106.8579176	-6.2146099
RT 16	5794496	106.8579838	-6.2140634
RT 15	5794497	106.8568817	-6.2152179
RT 07	5798966	106.8619196	-6.2299132
RT 06	5798965	106.8616445	-6.2290020
RT 06	5797347	106.9162130	-6.1714394
RT 06	5796503	106.9103457	-6.1740483
RT 07	5796504	106.9107836	-6.1735881
RT 07	5798606	106.8641795	-6.2315177
RT 06	5797960	106.8642500	-6.2308275
RT 07	5796559	106.8589187	-6.2305265
RT 06	5796558	106.8588593	-6.2298837
RT 07	5795956	106.8688002	-6.2410700
RT 06	5796181	106.8690864	-6.2441072
RT 07	5795696	106.9146104	-6.1709062
RT 06	5794550	106.9141559	-6.1703616
RT 07	5798419	106.8638984	-6.2415786
RT 06	5798418	106.8655985	-6.2410838
RT 06	5795375	106.8167244	-6.2139310
RT 16	5798656	106.8188002	-6.2063031
RT 15	5798657	106.8191818	-6.2062474
LPMC	7683397	-8.9935809	7.2070738
Rue	5496092	-8.0435212	53.9217188
RT 15	5799255	106.8655842	-6.2388643
RT 06	5796798	106.8672373	-6.2384072
RT 07	5796796	106.8678875	-6.2384528
RT 16	5796127	106.8641333	-6.2375323
RT 15	5795270	106.8652140	-6.2376996
RT 06	5797828	106.8669128	-6.2402205
RT 07	5797829	106.8665006	-6.2401732
RT 06	5798345	106.8598724	-6.2390039
RT 07	5798346	106.8600214	-6.2396081
RT 06	5798504	106.8607317	-6.2423314
RT 07	5797292	106.8599411	-6.2423269
RT 06	5798331	106.8620534	-6.2388271
RT 07	5798523	106.8626888	-6.2382016
RT 06	5798232	106.8439555	-6.1426413
RT 07	5799192	106.8436040	-6.1420137
RT 07	5794970	106.8542282	-6.2769622
RT 06	5794969	106.8539152	-6.2778170
RT 07	5797267	106.8584898	-6.2681217
RT 06	5796577	106.8633059	-6.2354814
RT 07	5796578	106.8641529	-6.2358185
RT 06	5795655	106.8636199	-6.2370262
RT 07	5795654	106.8637008	-6.2362365
RT 07	5799251	106.9087258	-6.1747733
RT 06	5799252	106.9080864	-6.1744265
RT 06	5795021	106.9126759	-6.1749115
RT 07	5796923	106.9132071	-6.1742696
RT 07	5796601	106.9115063	-6.1691261
RT 06	5796602	106.9119191	-6.1693536
RT 06	5794366	106.9095207	-6.1778322
RT 06	5796519	106.9127437	-6.1780237
RT 07	5794601	106.7233901	-6.1394935
RT 06	5794600	106.7234622	-6.1406442
RT 15	5798919	106.7567104	-6.1376467
RT 06	5794903	106.7607632	-6.1391197
RT 07	5796069	106.7600701	-6.1392733
RT 06	5796227	106.7844290	-6.1387200
RT 07	5796226	106.7832390	-6.1390285
RT 06	5797905	106.7881753	-6.1400600
RT 07	5795746	106.7890499	-6.1396963
RT 16	5799327	106.7806644	-6.1419091
RT 15	5799324	106.7806324	-6.1411692
RT 07	5797894	106.7791412	-6.1396096
RT 06	5797895	106.7809542	-6.1391098
RT 15	5796197	106.9154358	-6.1774020
RT 16	5796200	106.9146582	-6.1796544
RT 15	5797757	106.8046085	-6.1247821
RT 16	5799178	106.7877246	-6.1242025
RT 15	5799181	106.7857452	-6.1246921
RT 07	5794610	106.7863045	-6.1216545
RT 06	5798560	106.7862900	-6.1209872
RT 06	5798842	106.7902979	-6.1141069
RT 07	5798841	106.7883215	-6.1141324
RT 15	5796317	106.7913217	-6.1146901
RT 07	5798583	106.7975652	-6.1293249
RT 06	5798582	106.7974770	-6.1275565
RT 15	5799117	106.7947993	-6.1283400
RT 16	5797670	106.7931646	-6.1279426
RT 07	5798481	106.8063080	-6.1260417
RT 06	5798725	106.7335029	-6.1409939
RT 07	5795899	106.7333088	-6.1336224
RT 07	5796179	106.7725933	-6.1099065
RT 06	5795393	106.7728453	-6.1100821
RT 06	5798162	106.7758077	-6.1311755
RT 07	5798886	106.7744307	-6.1299915
RT 15	5798112	106.7790672	-6.1312732
RT 06	5798392	106.7801776	-6.1308189
RT 16	5796036	106.7793200	-6.1301790
RT 07	5798855	106.7808193	-6.1335175
RT 06	5798460	106.7807907	-6.1298500
RT 07	5799193	106.7839583	-6.1303286
RT 06	5798526	106.7804519	-6.1144886
RT 07	5798527	106.7789664	-6.1145801
RT 06	5799277	106.7948654	-6.1138195
RT 07	5796101	106.7946467	-6.1114321
RT 06	5796245	106.7826177	-6.1146336
RT 07	5796246	106.7817982	-6.1150269
RT 07	5795171	106.7960865	-6.1405720
RT 06	5799313	106.9174446	-6.1716307
1-Chōme	5670320	134.0339702	34.3431736
1-Chōme	5670317	134.0569513	34.3310086
1-Chōme	5670334	134.0480892	34.3339137
RT 06	7584205	106.5561863	-5.8222917
RT 06	7583722	106.5775699	-5.6531430
RT 06	5796266	106.7812280	-6.1231223
RT 07	5796267	106.7804383	-6.1234139
RT 06	5795757	106.7498198	-6.1107381
RT 07	5795758	106.7468686	-6.1106197
1-Chōme	5670330	134.0444606	34.3291550
1-Chōme	5670322	134.0364637	34.3382305
1-Chōme	5670311	134.0449639	34.3209915
RT 06	5796153	106.7784083	-6.1293252
RT 07	5796152	106.7779697	-6.1288121
1-Chōme	5670321	134.0483544	34.3265444
RT 07	5798960	106.7820608	-6.1214386
RT 06	5797110	106.7808384	-6.1210779
RT 07	5796802	106.7820090	-6.1175196
RT 06	5795644	106.7834354	-6.1190490
RT 06	5797341	106.7274475	-6.1191732
RT 07	5797340	106.7271414	-6.1218204
RT 07	5796309	106.7804711	-6.1113490
RT 06	5796310	106.7742339	-6.1112298
1-Chōme	5670327	134.0527904	34.3304597
1-Chōme	5670326	134.0463406	34.3422809
1-Chōme	5670312	134.0569948	34.3456714
RT 15	5796495	106.7649782	-6.1121227
RT 06	5796548	106.7539587	-6.1181073
RT 07	5798875	106.7537452	-6.1148204
RT 07	5798544	106.7705097	-6.1099172
RT 06	5798543	106.7697033	-6.1097890
RT 06	5798240	106.7716858	-6.1081707
RT 07	5798241	106.7715412	-6.1085131
1-Chōme	5670314	134.0366137	34.3467522
RT 07	5796705	106.7714708	-6.1108399
RT 06	5795589	106.7720118	-6.1112722
RT 06	5795740	106.7706634	-6.1145935
RT 07	5796278	106.7709951	-6.1136277
RT 06	5798932	106.7741521	-6.1332660
RT 07	5798933	106.7708422	-6.1332428
RT 15	5796752	106.7738875	-6.1320239
RT 06	5798029	106.7462932	-6.1352132
RT 15	5798285	106.7471967	-6.1343725
RT 07	5798030	106.7460234	-6.1328406
RT 15	5796776	106.7700014	-6.1347501
RT 16	5797548	106.7692568	-6.1333235
RT 07	5796700	106.7759663	-6.1368470
RT 06	5796701	106.7758832	-6.1363751
RT 06	5797846	106.7500433	-6.1359115
1-Chōme	5670323	134.0612354	34.3462536
1-Chōme	5670318	134.0511551	34.3387008
RT 15	5798679	106.7504618	-6.1379446
RT 07	5794927	106.7497258	-6.1364822
RT 16	5798682	106.7474019	-6.1386720
1-Chōme	5670332	134.0606882	34.3429861
1-Chōme	5670319	134.0575183	34.3365774
Čeľadice	2210130	18.2464209	48.3130705
1-Chōme	5899049	133.8195334	34.2878414
1-Chōme	5890974	133.8015234	34.2956681
1-Chōme	5890975	133.7985981	34.2955177
1-Chōme	5890971	133.8094439	34.2897823
Počarová	2220613	18.5127931	49.0658397
RT 07	5794935	106.8533984	-6.2519452
RT 06	5795872	106.8636565	-6.2519879
RT 16	5794357	106.8609071	-6.2609788
RT 07	5797918	106.7916651	-6.1381873
RT 06	5798553	106.7649364	-6.2246173
RT 07	5796607	106.7199161	-6.1660843
Redenção	1844890	-40.3281783	-20.2780915
Redenção	7443752	-60.0441866	-3.0547696
RT 06	5798625	106.7363812	-6.1612650
RT 07	5798626	106.7370183	-6.1610613
Fox	6713944	140.3341396	-37.2487337
RT 06	5795170	106.7959537	-6.1416105
RT 16	5798207	106.7898364	-6.1393183
RT 06	5796750	106.8564883	-6.2681967
RT 06	5797919	106.7923420	-6.1400182
RT 15	5799182	106.7903787	-6.1375203
RT 06	5795844	106.7970481	-6.1348557
RT 07	5795845	106.7964582	-6.1363243
RT 06	5794774	106.7980120	-6.1325459
RT 07	5798592	106.7976730	-6.1345579
RT 06	5796347	106.7670007	-6.1719541
RT 07	5797912	106.7661435	-6.1720830
1-Chōme	5899051	133.7862164	34.2898664
1-Chōme	5892095	133.7817224	34.2221626
1-Chōme	5670310	134.0501980	34.3370872
RT 07	5797641	106.8452741	-6.2818880
Sud	6642359	10.9818577	45.3895255
Est	6642355	11.0232443	45.4517357
Vlčí Hora	433889	14.4539895	50.9285908
Hlušičky	427856	15.3930055	50.2551344
RT 06	5797640	106.8455358	-6.2812727
Hliniště	430995	13.7416405	48.9101090
Rybníček	430920	17.0751148	49.2724097
Bílá Voda	426026	16.7624262	50.0202160
Včelákov	431808	15.8718602	49.8076019
Přívlaka	433917	15.4430524	50.6564443
RT 07	2419831	119.5388543	-9.3810369
RT 06	2419833	119.5387736	-9.3801885
Úhřetice	429097	15.8689283	49.9794304
1-Chōme	5670315	134.0515179	34.3412134
Štoky	433720	15.5836789	49.4958428
Džbánice	432954	16.2170124	49.0027275
RT 06	5796927	106.8433430	-6.1382440
RT 16	5795311	106.8446922	-6.1397613
RT 07	5796928	106.8445255	-6.1385725
RT 15	7599235	106.8452983	-6.1384820
RT 07	5794748	106.8394423	-6.1354977
RT 15	5798362	106.8409588	-6.1335472
RT 16	5794450	106.8413931	-6.1333673
RT 06	5794747	106.8404215	-6.1359802
RT 06	5797214	106.8384698	-6.1326104
RT 16	5798190	106.8440287	-6.1341273
RT 06	5799207	106.8448690	-6.1365109
RT 07	5798294	106.8449385	-6.1362146
RT 15	5798191	106.8447407	-6.1347527
RT 06	5796877	106.8432117	-6.1406010
RT 07	5796878	106.8421694	-6.1400341
RT 06	5796947	106.8423523	-6.1344962
RT 07	5794793	106.8424789	-6.1342045
RT 15	5795413	106.8443950	-6.1305568
RT 16	5795410	106.8437328	-6.1302786
RT 15	5796211	106.8410049	-6.1327140
RT 15	5794546	106.8366484	-6.1296280
RT 07	5794768	106.8351908	-6.1326451
RT 06	5797017	106.8351391	-6.1323155
RT 16	5794543	106.8360499	-6.1331685
RT 06	5799239	106.8354273	-6.1368780
RT 07	5799243	106.8359250	-6.1371358
RT 07	5799077	106.8362264	-6.1385784
RT 06	5799078	106.8363069	-6.1382804
RT 07	5796851	106.8386941	-6.1398476
RT 06	5799107	106.8360071	-6.1410930
RT 07	5799106	106.8361819	-6.1411394
RT 06	5796816	106.8382745	-6.1386215
RT 07	5796817	106.8378137	-6.1384131
RT 06	5799341	106.8401504	-6.1414771
RT 07	5796922	106.8403342	-6.1414154
RT 06	5796859	106.8419569	-6.1378879
RT 07	5796446	106.8421640	-6.1375367
RT 16	5798909	106.8414587	-6.1361834
RT 15	5798902	106.8414142	-6.1363090
RT 07	5796594	106.8400596	-6.1390464
RT 06	5796595	106.8398277	-6.1394961
RT 06	5799146	106.8351910	-6.1355067
RT 07	5799145	106.8356382	-6.1347569
RT 16	5795548	106.8349642	-6.1339606
RT 15	5797058	106.8363289	-6.1338811
RT 06	5794857	106.8370306	-6.1346584
RT 07	5794856	106.8374310	-6.1345015
RT 07	5796894	106.8358446	-6.1360461
RT 06	5796893	106.8365085	-6.1366108
RT 15	5798861	106.8454979	-6.1283454
RT 16	5798860	106.8443018	-6.1291593
RT 06	5795145	106.8469110	-6.1302048
RT 07	5798779	106.7918698	-6.3102869
Opočínek	432828	15.6453913	50.0330695
1-Chōme	5890979	133.7972213	34.2819686
1-Chōme	5892093	133.7899620	34.2260734
1-Chōme	5899053	133.7881160	34.2923198
1-Chōme	5670313	134.0624968	34.3502739
RT 07	5798944	106.7921917	-6.1072813
RT 06	5797480	106.8593995	-6.2556707
RT 07	5797680	106.8519168	-6.2714023
RT 06	5797679	106.8531375	-6.2714220
RT 06	5798781	106.8537285	-6.2675204
RT 07	5795317	106.8536596	-6.2669731
Ray	5383239	-7.5965532	55.0828727
RT 06	5796026	106.8592130	-6.2651910
RT 07	5796027	106.8572882	-6.2665401
RT 06	5797631	106.8462244	-6.2668398
RT 07	5797632	106.8470125	-6.2660514
RT 06	5795362	106.8488465	-6.2630790
RT 07	5795361	106.8497109	-6.2630223
RT 07	5799310	106.8546669	-6.2595544
RT 06	5795101	106.8547536	-6.2599677
RT 06	5797420	106.8530307	-6.2609949
RT 07	5797419	106.8538484	-6.2605825
RT 07	5796732	106.9110533	-6.2550685
RT 06	5796733	106.9158092	-6.2558209
RT 07	5798987	106.9074579	-6.2577483
RT 06	5798986	106.9065297	-6.2557945
RT 15	5797783	106.7900667	-6.1243533
RT 07	5797979	106.9045197	-6.2534514
RT 06	5797976	106.9067924	-6.2545489
RT 07	5796669	106.8821957	-6.2400561
RT 06	5796668	106.8818104	-6.2411144
RT 06	5798879	106.9163935	-6.2491320
RT 07	5797127	106.9165209	-6.2502219
RT 16	5794733	106.7894144	-6.1235305
RT 06	5794354	106.9128858	-6.2511080
RT 07	5796634	106.9128371	-6.2525717
RT 07	5797961	106.8898289	-6.2404691
RT 06	5796647	106.8898686	-6.2398735
RT 07	5798885	106.8946115	-6.2432685
RT 06	5794631	106.8963547	-6.2423699
RT 07	5798850	106.8865763	-6.2398096
RT 06	5798851	106.8852811	-6.2409199
RT 07	5797336	106.9145617	-6.1512251
RT 06	5797137	106.9138760	-6.1511959
RT 06	5798140	106.9135004	-6.1448840
RT 07	5798144	106.9128971	-6.1452877
RT 07	5799279	106.9105989	-6.1662481
RT 06	5799278	106.9114619	-6.1661601
RT 07	5797047	106.9115975	-6.1486597
RT 06	5797048	106.9098294	-6.1485633
Rok	423562	13.5454774	49.2179948
Jemniště	431827	14.7818285	49.7472671
RT 16	5799265	106.9113406	-6.1481836
RT 06	5796827	106.9109573	-6.1457828
RT 07	5796828	106.9109739	-6.1454140
RT 06	5796998	106.9122112	-6.1683624
RT 07	5796997	106.9135815	-6.1675347
RT 07	5799359	106.9119814	-6.1515897
RT 06	5796850	106.9119430	-6.1523161
RT 15	5799240	106.9106844	-6.1593018
RT 16	5798701	106.9109221	-6.1589497
RT 24	5795293	106.9129797	-6.1596010
RT 25	5795294	106.9131545	-6.1599684
RT 06	5794532	106.9104982	-6.1602111
RT 07	5794531	106.9110637	-6.1600875
RT 07	5797274	106.9158577	-6.1599035
RT 06	5798196	106.9152523	-6.1606731
RT 06	5794517	106.9105691	-6.1522696
RT 07	5794516	106.9105142	-6.1531978
RT 07	5797122	106.9285586	-6.1077216
RT 06	5797121	106.9288884	-6.1075945
RT 06	5797168	106.9312610	-6.1084795
RT 07	5797169	106.9303742	-6.1086096
RT 06	5795691	106.7664182	-6.2456444
RT 07	5795689	106.7673408	-6.2469090
RT 07	5796241	106.7636499	-6.2406127
RT 06	5796242	106.7670039	-6.2431445
RT 15	5794791	106.8078024	-6.2403905
RT 07	5797724	106.8096983	-6.2412913
RT 06	5797725	106.8103274	-6.2405780
RT 06	5795491	106.8098389	-6.2437923
RT 07	5795492	106.8090921	-6.2434207
RT 15	5795812	106.8134774	-6.2451845
RT 07	5795533	106.8125757	-6.2447580
RT 06	5795532	106.8128658	-6.2451845
RT 06	5795541	106.8119884	-6.2461722
RT 07	5796340	106.7911647	-6.1185528
RT 07	5795542	106.8093382	-6.2456814
RT 07	5797768	106.8141017	-6.2434617
RT 06	5797769	106.8126884	-6.2431219
RT 15	5798867	106.8158682	-6.2405552
RT 06	5796341	106.7930160	-6.1181594
RT 06	5795735	106.7952304	-6.1315387
RT 16	5796427	106.7605227	-6.2402337
RT 15	5796426	106.7614487	-6.2405719
RT 07	5794633	106.7604929	-6.2389295
RT 06	5794629	106.7623619	-6.2405719
RT 15	5795943	106.7965503	-6.1316370
RT 07	5795736	106.7952360	-6.1317939
RT 07	5798783	106.7972861	-6.1301468
RT 06	5797845	106.7974898	-6.1308480
RT 06	5796128	106.7913123	-6.1368097
RT 07	5796120	106.7948418	-6.1212269
RT 06	5796119	106.7957750	-6.1222971
RT 15	5796273	106.8651531	-6.2330416
RT 16	5796704	106.8642191	-6.2325289
RT 06	5799301	106.8602374	-6.2326897
RT 07	5799300	106.8609635	-6.2324855
RT 06	5798990	106.8610208	-6.2348635
RT 07	5798991	106.8610519	-6.2341469
RT 15	7210677	106.8629779	-6.2205067
RT 07	7210685	106.8630538	-6.2223680
RT 06	7210686	106.8639598	-6.2220994
RT 07	5795523	106.7760689	-6.1420426
RT 06	5794378	106.7766748	-6.1416751
RT 07	5799003	106.7992496	-6.1234229
RT 16	5794678	106.8031918	-6.1188920
RT 06	5794837	106.8059631	-6.1134974
RT 07	5794833	106.8037891	-6.1117862
RT 15	5794675	106.8045018	-6.1100863
RT 16	5798307	106.7449940	-6.1337522
RT 15	5798054	106.8011186	-6.1293884
RT 07	5797148	106.7679041	-6.1163106
RT 16	5795401	106.8001760	-6.1285325
RT 06	5798471	106.8045131	-6.1287813
RT 07	5798470	106.7990795	-6.1257014
RT 07	5796774	106.7551051	-6.1339903
RT 07	5797223	106.7266499	-6.1437155
RT 06	5797222	106.7210609	-6.1431737
RT 06	5794888	106.7239401	-6.1455949
RT 07	5798784	106.7212920	-6.1446079
RT 07	5797196	106.7251513	-6.1486244
RT 06	5797195	106.7269888	-6.1486615
RT 07	5797233	106.7241021	-6.1510179
RT 06	5798488	106.7258626	-6.1528513
RT 07	5797729	106.7252201	-6.1586121
RT 06	5798282	106.7246309	-6.1586250
RT 06	5796716	106.7633163	-6.1354243
RT 06	5798367	106.7811530	-6.1343057
RT 07	5797876	106.7797818	-6.1347382
RT 07	5797937	106.7777511	-6.1369581
RT 15	5798187	106.7786475	-6.1358424
RT 06	5797936	106.7774096	-6.1378773
RT 07	5799021	106.7714634	-6.1383512
RT 06	5797472	106.7682773	-6.1389892
RT 16	5798706	106.7535934	-6.1436285
RT 06	5794907	106.7520814	-6.1418001
RT 07	5797770	106.7521899	-6.1399853
RT 07	5798424	106.7513238	-6.1468715
RT 06	5798423	106.7521004	-6.1463781
RT 16	5794871	106.7530640	-6.1440305
RT 15	5794870	106.7526844	-6.1450043
RT 07	5796367	106.7545241	-6.1532989
RT 06	5794926	106.7553565	-6.1525993
RT 06	5796208	106.7486682	-6.1543446
RT 07	5796207	106.7499167	-6.1530791
RT 06	5798075	106.7440056	-6.1531379
RT 07	5798074	106.7433777	-6.1526851
RT 16	5794816	106.7465923	-6.1492282
RT 06	5798040	106.7438376	-6.1499868
RT 07	5798041	106.7436872	-6.1477720
RT 15	5794819	106.7446822	-6.1467410
RT 07	5798081	106.7450018	-6.1516355
RT 06	5797140	106.7434920	-6.1510955
RT 07	5798473	106.7481327	-6.1571037
RT 06	5798324	106.7495992	-6.1575749
RT 07	5798697	106.7331490	-6.1603657
RT 06	5798696	106.7325638	-6.1593395
RT 07	5796401	106.7410150	-6.1556909
RT 06	5796402	106.7409297	-6.1567805
RT 06	5795483	106.7471264	-6.1625179
RT 07	5797043	106.7478998	-6.1635245
RT 06	5799059	106.7468057	-6.1591628
RT 07	5797879	106.7469352	-6.1604957
RT 07	7568283	106.7398671	-6.1614293
RT 06	5798749	106.7393093	-6.1622496
RT 07	5794490	106.7316761	-6.1461087
RT 06	5795441	106.7295207	-6.1445694
RT 06	5794827	106.7345839	-6.1532030
RT 07	5794826	106.7332660	-6.1524848
RT 06	5797131	106.7297629	-6.1480561
RT 16	5798337	106.7308114	-6.1483962
RT 07	5797132	106.7301906	-6.1482286
RT 15	5798336	106.7315595	-6.1469356
RT 06	5797065	106.7315357	-6.1505467
RT 07	5797066	106.7317387	-6.1496908
RT 06	5794835	106.7324067	-6.1464601
RT 07	5794834	106.7328733	-6.1461562
RT 15	5797750	106.7337363	-6.1460457
RT 07	5794803	106.7325068	-6.1480476
RT 15	5797795	106.7325604	-6.1491010
RT 06	5794804	106.7326437	-6.1477035
RT 06	5796781	106.7422685	-6.1479446
RT 07	5796783	106.7417125	-6.1487746
RT 16	5794389	106.7415289	-6.1462724
RT 07	5797488	106.7417797	-6.1455834
RT 06	5794711	106.7431018	-6.1450618
RT 06	5797146	106.7341827	-6.1481394
RT 07	5795955	106.7341825	-6.1477825
RT 07	5797296	106.7361582	-6.1460665
RT 06	5796797	106.7351758	-6.1460218
RT 06	5794758	106.7373555	-6.1526956
RT 07	5794757	106.7363013	-6.1509862
RT 07	5797311	106.7387484	-6.1438969
RT 06	5795569	106.7382671	-6.1435574
RT 06	5795816	106.7384557	-6.1464618
RT 15	5797808	106.7374653	-6.1492885
RT 07	5795817	106.7403011	-6.1469546
RT 06	5798088	106.7478977	-6.1451248
RT 07	5797951	106.7565726	-6.1292016
RT 06	5796630	106.7563759	-6.1277106
RT 15	5797251	106.7698380	-6.1261345
RT 06	5798780	106.7931162	-6.3114571
RT 06	5798427	106.7883058	-6.3123591
RT 07	5795549	106.7941686	-6.3126037
RT 06	5799140	106.8016803	-6.3090581
RT 07	5798451	106.8007235	-6.3099939
RT 07	5796231	106.8050951	-6.3069274
RT 06	7437627	106.8050107	-6.3083218
RT 06	5795893	106.7560230	-6.1695740
RT 06	5797180	106.7225443	-6.1491735
RT 15	5797011	106.7195494	-6.1519465
RT 07	5796110	106.7892176	-6.1341150
RT 06	5796635	106.7892470	-6.1345931
RT 16	5797013	106.7194664	-6.1511782
RT 06	5794943	106.7197937	-6.1498170
RT 07	5794942	106.7185717	-6.1492238
RT 07	5798308	106.7213382	-6.1569813
RT 07	5795390	106.7498244	-6.1410190
RT 06	5795391	106.7478367	-6.1417085
RT 06	5796695	106.7067974	-6.1778341
RT 06	5794535	106.7037587	-6.1071140
RT 07	5798700	106.7098136	-6.1096476
RT 06	5794688	106.7089200	-6.1093282
RT 15	5794561	106.7120582	-6.1071044
RT 07	5798522	106.8085081	-6.1938455
RT 16	5798574	106.8076156	-6.1930189
RT 06	5798519	106.8079976	-6.1940803
RT 15	5798577	106.8068793	-6.1930035
RT 06	5795285	106.8080319	-6.1916132
RT 07	5797959	106.8079290	-6.1906131
RT 07	5794785	106.8090676	-6.1985316
RT 06	5794615	106.8091758	-6.1982532
RT 06	5798003	106.8078279	-6.1952436
RT 07	5797493	106.8076006	-6.1946817
RT 15	5796524	106.8066024	-6.1974929
RT 07	5795188	106.8076850	-6.1968520
RT 06	5795187	106.8071525	-6.1968027
RT 16	5797987	106.8060508	-6.1975434
RT 07	5794574	106.8057048	-6.1986069
RT 06	5794576	106.8053974	-6.1988178
RT 06	5794582	106.7271605	-6.1374419
RT 07	5795858	106.7265908	-6.1371139
RT 06	5794566	106.7239101	-6.1365239
RT 07	5794567	106.7247360	-6.1366496
RT 06	5796773	106.7654514	-6.1309282
RT 06	5797200	106.7178088	-6.1431389
RT 07	5797201	106.7185609	-6.1352644
RT 06	5795830	106.7363999	-6.1447631
RT 07	5795831	106.7358956	-6.1446792
RT 06	5795827	106.7281548	-6.1320612
RT 07	5797119	106.7293525	-6.1331779
RT 06	5796185	106.7559251	-6.1564186
RT 07	5796184	106.7583486	-6.1534716
RT 07	5795917	106.7626595	-6.1547485
RT 16	5796018	106.7616623	-6.1531140
RT 15	5794483	106.7612730	-6.1563843
RT 06	5798659	106.7583284	-6.1568116
RT 07	5796608	106.7615816	-6.1652892
RT 06	5794466	106.7613047	-6.1645984
RT 06	5796758	106.7606052	-6.1683498
RT 07	5797881	106.7607732	-6.1677836
RT 15	5796842	106.7601096	-6.1589960
RT 07	5796015	106.7670968	-6.1599984
RT 06	5796014	106.7678392	-6.1585553
RT 07	5796164	106.7253304	-6.0902137
RT 06	5797992	106.7255029	-6.0900737
RT 07	5798283	106.7264331	-6.0948795
RT 07	5796981	106.7217524	-6.1137686
RT 06	5796982	106.7216863	-6.1143966
RT 06	5796900	106.7277670	-6.1301261
RT 07	5796899	106.7266100	-6.1285699
RT 06	5799236	106.7238039	-6.1354252
RT 07	5796835	106.7247598	-6.1342144
RT 06	5797353	106.7246837	-6.1237034
RT 07	5797713	106.9024514	-6.2510471
RT 06	5797714	106.9038685	-6.2508067
RT 07	5795452	106.9081270	-6.2493315
RT 06	5795451	106.9064356	-6.2494228
RT 07	5795469	106.9035753	-6.2482089
RT 06	5796473	106.9026866	-6.2472912
RT 07	5797692	106.9015433	-6.2486781
RT 06	5797693	106.9008408	-6.2448271
RT 07	5795573	106.8651027	-6.2280713
RT 06	5795574	106.8657577	-6.2280192
RT 15	5798794	106.8674668	-6.2269906
RT 16	5798797	106.8678511	-6.2276969
RT 06	5796196	106.8690852	-6.2276076
RT 15	5798369	106.8681866	-6.2335800
RT 16	5798170	106.8693446	-6.2334898
RT 07	5798662	106.8694196	-6.2377191
RT 06	5797994	106.8694977	-6.2383813
RT 06	5794893	106.8649252	-6.2258125
RT 07	5795283	106.8657295	-6.2264601
RT 07	5797111	106.8681427	-6.2307719
RT 06	5795323	106.8696361	-6.2310186
RT 06	5796713	106.8636453	-6.2296782
RT 07	5796712	106.8630497	-6.2292451
RT 06	5796381	106.8652091	-6.2304325
RT 07	5796382	106.8651370	-6.2306702
RT 06	5795295	106.8648106	-6.2293444
RT 07	5794583	106.8656940	-6.2296241
RT 06	5799315	106.8645388	-6.2346146
RT 07	5799314	106.8645046	-6.2340639
RT 07	5798381	106.8638932	-6.2197549
RT 06	5798382	106.8658676	-6.2240277
RT 07	5799039	106.7516955	-6.1735404
RT 06	5795166	106.7528092	-6.1738122
RT 16	5795786	106.7363053	-6.1321545
RT 15	5796285	106.7363434	-6.1329823
RT 07	5794952	106.7376433	-6.1326172
RT 06	5798094	106.7377786	-6.1320666
RT 15	5795557	106.7245681	-6.1310729
RT 16	5795044	106.7241573	-6.1318236
RT 07	5796873	106.7195343	-6.1302332
RT 06	5796874	106.7217877	-6.1298434
RT 07	5796443	106.7374786	-6.1286548
RT 15	5796140	106.7423881	-6.1328702
RT 06	5797212	106.7385180	-6.1275438
RT 16	5796165	106.7411022	-6.1311875
RT 07	5798049	106.7343141	-6.1266228
RT 06	5798050	106.7359371	-6.1256516
RT 24	5796545	106.7398090	-6.1351554
RT 07	5795878	106.7385617	-6.1331271
RT 06	5795877	106.7386873	-6.1330529
RT 16	5794616	106.7388926	-6.1344992
RT 15	5794613	106.7394882	-6.1340125
RT 06	5794523	106.7144653	-6.1220972
Ray	5620184	-7.6698413	54.0898717
RT 07	5795693	106.7122870	-6.1213271
RT 06	5794547	106.7123541	-6.1229742
RT 06	5794656	106.7127928	-6.1133834
RT 07	5794657	106.7120681	-6.1122535
RT 15	5795567	106.7127610	-6.1150910
RT 07	5797087	106.7135370	-6.1023344
RT 06	5797094	106.7188878	-6.1221610
RT 07	5797095	106.7205095	-6.1221718
RT 07	5796955	106.7158235	-6.1170438
RT 06	5796956	106.7183693	-6.1167596
RT 06	5794783	106.7211173	-6.1254980
RT 07	5794782	106.7204506	-6.1248773
RT 06	5797327	106.7183280	-6.1267204
RT 07	5797326	106.7189958	-6.1260906
RT 06	5798775	106.7148342	-6.1306839
RT 06	5797818	106.7177559	-6.1284566
RT 07	5796726	106.7172499	-6.1281835
RT 07	5797816	106.7152971	-6.1286624
RT 06	5797802	106.7140918	-6.1281102
RT 06	5794809	106.7238100	-6.1274387
RT 07	5794810	106.7254326	-6.1272990
RT 06	5794416	106.7272940	-6.1248755
RT 06	5796085	106.7579533	-6.1729186
RT 07	5799126	106.8422497	-6.1427274
RT 06	5799127	106.8416347	-6.1426355
RT 07	5797162	106.8372703	-6.1431360
RT 15	5798835	106.8360902	-6.1424972
RT 06	5797161	106.8370281	-6.1438805
RT 07	5794741	106.8336574	-6.1313760
RT 06	5797075	106.8341371	-6.1306179
RT 15	5795182	106.8344774	-6.1326677
RT 06	5799156	106.8326540	-6.1356690
RT 07	5799155	106.8337384	-6.1355428
RT 06	5797460	106.9181161	-6.1145547
RT 07	5797459	106.9181065	-6.1147448
RT 06	5798078	106.9180037	-6.1170114
RT 07	5795443	106.9179971	-6.1172079
RT 15	5795049	106.9179384	-6.1187555
RT 16	5795052	106.9179274	-6.1189866
RT 06	5798941	106.7107982	-6.1766266
RT 07	5798940	106.7094660	-6.1750217
RT 07	5795793	106.7129527	-6.1800443
RT 06	5795792	106.7132842	-6.1786237
RT 07	5798926	106.7161795	-6.1745205
RT 06	5798927	106.7170593	-6.1749509
RT 07	5798816	106.7182408	-6.1576171
RT 06	5798815	106.7166696	-6.1602488
RT 06	5797676	106.7154763	-6.1713255
RT 07	5798551	106.7168004	-6.1687515
RT 06	5796090	106.7204986	-6.1581452
RT 07	5798316	106.7664076	-6.1678088
RT 06	5798317	106.7655189	-6.1661094
RT 15	5796882	106.7657786	-6.1689386
RT 07	5794479	106.7223245	-6.1670608
RT 06	5798494	106.7254969	-6.1686590
RT 15	5794420	106.7195538	-6.1678996
RT 06	5797425	106.7434566	-6.1642580
RT 07	5796491	106.7423717	-6.1635133
RT 06	5796490	106.7423315	-6.1631931
RT 06	5796457	106.7365753	-6.1693490
RT 07	5796458	106.7381024	-6.1664668
RT 07	5798858	106.7393535	-6.1643183
RT 15	5795841	106.7362646	-6.1657050
RT 06	5796522	106.7390292	-6.1640376
RT 06	5796065	106.7236154	-6.1665621
RT 07	5796064	106.7226228	-6.1649058
RT 15	5794491	106.7217958	-6.1646423
RT 06	5797931	106.7251079	-6.1773960
RT 07	5795766	106.7230730	-6.1800947
RT 06	5798618	106.7304797	-6.1623348
RT 07	5796408	106.7358872	-6.1642456
RT 15	5796385	106.7343146	-6.1701030
RT 06	5796409	106.7306143	-6.1689308
RT 16	5796384	106.7410732	-6.1666090
RT 07	5798505	106.7183760	-6.1779270
RT 06	5797157	106.7188233	-6.1743397
RT 06	5797809	106.8666096	-6.2331177
RT 07	5797810	106.8669582	-6.2374463
RT 07	5796687	106.8655667	-6.2317432
RT 06	5798644	106.7643208	-6.1605113
RT 07	5795051	106.7640986	-6.1613905
RT 07	5799086	106.8382612	-6.1368054
RT 07	5795202	106.7834855	-6.1362866
RT 06	5795203	106.7826883	-6.1376514
RT 16	5799377	106.7964662	-6.1376838
RT 06	5797852	106.7980325	-6.1387959
RT 07	5797851	106.7976499	-6.1388250
RT 15	5795158	106.7974187	-6.1397431
RT 07	5797409	106.9223794	-6.1126370
RT 06	5797502	106.9221831	-6.1121975
RT 07	5797024	106.9282434	-6.1128018
RT 06	5797025	106.9285686	-6.1123216
RT 06	5794699	106.9387162	-6.1323033
RT 07	5794700	106.9387505	-6.1346686
RT 07	5796993	106.9369770	-6.1246383
RT 06	5796994	106.9444459	-6.1308918
RT 15	5797860	106.9330040	-6.1348650
RT 06	5797208	106.9216077	-6.1595281
RT 07	5797209	106.9238261	-6.1640489
RT 06	5796564	106.9154341	-6.1403860
RT 07	5796565	106.9156080	-6.1383835
RT 07	5798130	106.9178720	-6.1106059
RT 06	5795067	106.9177108	-6.1114465
RT 15	5797618	106.9188209	-6.1084376
RT 16	5797616	106.9190925	-6.1090097
RT 07	5795229	106.9199184	-6.1118662
RT 06	5795230	106.9192829	-6.1112734
RT 06	5797540	106.9200820	-6.1122780
RT 07	5797541	106.9195098	-6.1125852
RT 06	5797552	106.9186218	-6.1303053
RT 15	5794485	106.9197625	-6.1351021
RT 07	5797551	106.9193091	-6.1311076
RT 06	5796924	106.9621872	-6.0963977
RT 07	5796157	106.9602007	-6.1005221
RT 07	5796323	106.7144882	-6.1717583
RT 06	5796301	106.7136982	-6.1714886
RT 07	5795918	106.7587860	-6.2298607
RT 06	5795922	106.7588417	-6.2294719
RT 06	5797500	106.8027087	-6.2004832
RT 07	5797438	106.8025203	-6.2007524
RT 07	5795678	106.8075427	-6.2007015
RT 06	5795929	106.7598993	-6.2332629
RT 07	5795930	106.7605566	-6.2331782
RT 07	5799245	106.7627188	-6.2343288
RT 15	5798751	106.7630401	-6.2355554
RT 16	5798370	106.7639036	-6.2345908
RT 06	5796333	106.7616159	-6.2352768
RT 07	5799357	106.7614177	-6.2245567
RT 06	5798705	106.9281820	-6.1117311
RT 07	5794712	106.9281094	-6.1111928
RT 07	5795081	106.9221945	-6.1162102
RT 06	5795080	106.9223544	-6.1155374
RT 06	5797033	106.9271017	-6.1139019
RT 07	5797032	106.9260047	-6.1140570
RT 07	5794778	106.9242924	-6.1089283
RT 06	5794777	106.9242433	-6.1084225
RT 06	5797464	106.9293849	-6.1283505
RT 07	5798109	106.9256228	-6.1276546
RT 16	5794431	106.9217312	-6.1215465
RT 06	5794996	106.9221638	-6.1212657
RT 15	5794432	106.9222577	-6.1222700
RT 07	5794995	106.9248638	-6.1192383
RT 16	5798475	106.9262749	-6.1332421
RT 15	5795510	106.9262510	-6.1328806
RT 06	5797539	106.9255974	-6.1338591
RT 07	5796437	106.9264495	-6.1324993
RT 07	5799151	106.9239164	-6.1330990
RT 06	5794734	106.9239266	-6.1328439
RT 15	5797844	106.9222993	-6.1339386
RT 06	5794723	106.9330448	-6.1190468
RT 07	5794724	106.9353459	-6.1174725
RT 15	5794847	106.9242606	-6.1280051
RT 06	5795035	106.9226454	-6.1303665
RT 16	5798605	106.9217034	-6.1303256
RT 07	5796951	106.9224728	-6.1311134
RT 06	5797611	106.9327054	-6.1103798
RT 07	5794876	106.9326391	-6.1111388
RT 16	5797863	106.9215522	-6.1166733
RT 15	5797866	106.9213806	-6.1162494
RT 06	5795126	106.9203355	-6.1145318
RT 07	5799222	106.9193405	-6.1147115
RT 07	5797307	106.9194639	-6.1180957
RT 15	5798787	106.9202862	-6.1166009
RT 16	5798788	106.9195306	-6.1161376
RT 06	5797306	106.9200282	-6.1178330
RT 07	5795116	106.8092481	-6.1916309
RT 06	5795115	106.8091200	-6.1911303
RT 07	5794619	106.8156964	-6.2393308
RT 06	5797735	106.8140766	-6.2409711
RT 15	5795965	106.8131996	-6.2099014
RT 07	5795867	106.8148135	-6.2089334
RT 07	5797903	106.8142687	-6.2056295
RT 06	5797902	106.8131454	-6.2063095
RT 06	5797721	106.8132619	-6.2072300
RT 15	5795089	106.8135463	-6.2091223
RT 16	5795085	106.8117497	-6.2072762
RT 07	5795666	106.8124691	-6.2066965
RT 06	5795650	106.8121432	-6.2055670
RT 07	5795649	106.8122202	-6.2060413
RT 16	5795688	106.8107787	-6.2059653
RT 15	5795680	106.8105898	-6.2047423
RT 07	5798566	106.8062345	-6.1310540
RT 06	5798567	106.8072855	-6.1309481
RT 06	5795836	106.8022951	-6.1306414
RT 07	5795835	106.8022150	-6.1300033
RT 07	5798643	106.8060748	-6.1243921
RT 06	5798642	106.8065640	-6.1242971
RT 15	5798669	106.8054106	-6.1235454
RT 07	5795890	106.8069142	-6.1230960
RT 07	5798155	106.8081671	-6.1292546
RT 06	5797797	106.8080746	-6.1288263
RT 06	5796171	106.8009322	-6.1308779
RT 15	5795995	106.7998754	-6.1308380
RT 07	5796170	106.8008582	-6.1311864
RT 16	5795994	106.7994264	-6.1302064
RT 16	5796666	106.8011158	-6.1331033
RT 07	5795093	106.8023221	-6.1328333
RT 06	5795201	106.8026741	-6.1326778
RT 15	5796433	106.8012850	-6.1333302
RT 07	5798832	106.8009071	-6.1331425
RT 06	5798383	106.7999002	-6.1332116
RT 15	5797591	106.8000613	-6.1352712
RT 16	5795436	106.8001101	-6.1358936
RT 06	5798895	106.8027678	-6.1312268
RT 07	5796143	106.8023630	-6.1312251
RT 07	5796293	106.7768011	-6.1133576
RT 15	5797570	106.7759211	-6.1156277
RT 06	5795824	106.7761228	-6.1121220
RT 16	7612922	106.7774629	-6.1114414
RT 06	5799238	106.7719709	-6.1169461
RT 06	5798864	106.7760135	-6.1207955
RT 07	5796493	106.7774238	-6.1181671
RT 06	5797636	106.7799960	-6.1425567
RT 07	5795431	106.7666183	-6.1478274
RT 06	5795430	106.7578667	-6.1430676
RT 06	5798410	106.7642018	-6.1498785
RT 07	5798411	106.7622500	-6.1496071
RT 06	5795525	106.7647686	-6.1529525
RT 07	5798203	106.7656793	-6.1517953
RT 07	5799363	106.7673672	-6.1572282
RT 06	5799361	106.7667248	-6.1569544
RT 06	5798219	106.7679200	-6.1610142
RT 07	5798218	106.7687789	-6.1612957
RT 07	5797434	106.8022698	-6.2019848
RT 07	5798015	106.7695017	-6.1426776
RT 06	5798014	106.7681814	-6.1423907
RT 06	5798151	106.7694282	-6.1463486
RT 07	5798150	106.7706021	-6.1484564
RT 07	5798772	106.8655004	-6.2462100
RT 06	5797522	106.8659841	-6.2465700
RT 06	5799219	106.8688442	-6.2472917
RT 07	5798355	106.8685213	-6.2483359
RT 07	5795871	106.8632693	-6.2510366
RT 07	5795992	106.8694962	-6.2510262
RT 06	5795991	106.8704839	-6.2499614
RT 07	5799198	106.8672484	-6.2485452
RT 06	5798037	106.8672051	-6.2478009
RT 07	5795710	106.8684815	-6.2514877
RT 06	5795773	106.8672714	-6.2517609
RT 07	5798531	106.8678039	-6.2411242
RT 06	5798532	106.8680022	-6.2427090
RT 06	5795505	106.8608267	-6.2499571
RT 07	5795504	106.8616802	-6.2498557
RT 06	5794439	106.8671956	-6.2545838
RT 07	5794735	106.8643917	-6.2549783
RT 06	5796483	106.8642942	-6.2545203
RT 15	5795924	106.8598400	-6.2566344
RT 06	5794461	106.8610219	-6.2555480
RT 07	5794462	106.8609396	-6.2550788
RT 06	5794609	106.8681037	-6.2556280
RT 07	5798265	106.8642163	-6.2571352
RT 06	5798165	106.8644475	-6.2585135
RT 07	5797528	106.8727345	-6.2593890
RT 06	5797529	106.8722761	-6.2630910
RT 06	5795277	106.8670900	-6.2564233
RT 07	5795219	106.8719490	-6.2601035
RT 06	5797597	106.8636391	-6.2621562
RT 15	5794358	106.8607898	-6.2603986
RT 07	5795981	106.8669189	-6.2586872
RT 06	5795980	106.8659625	-6.2585410
RT 06	5796034	106.8669685	-6.2592190
RT 07	5795096	106.8631786	-6.2439859
RT 06	5795094	106.8635953	-6.2436541
RT 06	5794892	106.8605197	-6.2482154
RT 06	5798007	106.8496288	-6.2501723
RT 07	5798006	106.8484658	-6.2502313
RT 06	5798119	106.8508216	-6.2491178
RT 07	5798120	106.8488597	-6.2490068
RT 06	5795426	106.8528941	-6.2477680
RT 07	5795427	106.8520998	-6.2479085
RT 06	5797189	106.8551475	-6.2511127
RT 07	5795344	106.8540891	-6.2510425
RT 06	5798020	106.8549432	-6.2480425
RT 07	5798066	106.8538576	-6.2473851
RT 06	5798067	106.8547651	-6.2469559
RT 07	5797368	106.8521064	-6.2610047
RT 06	5797369	106.8525556	-6.2601975
RT 06	5797378	106.8556205	-6.2637389
RT 15	5794572	106.8534147	-6.2662004
RT 07	5797377	106.8514465	-6.2639532
RT 06	5798945	106.7947657	-6.1064255
RT 06	5795040	106.8541720	-6.2526712
RT 15	5794376	106.7911198	-6.1423057
RT 07	5799362	106.7917443	-6.1410243
RT 06	5795152	106.7921062	-6.1409491
1-Chōme	5892097	133.7868519	34.2302530
1-Chōme	5892094	133.7700119	34.2313520
1-Chōme	5892099	133.7755685	34.2306071
1-Chōme	5890973	133.7906913	34.2895406
1-Chōme	5890978	133.7901324	34.2875310
1-Chōme	5890976	133.8012003	34.2899667
RT 06	5798137	106.7637242	-6.1396475
RT 07	5798136	106.7630445	-6.1404344
1-Chōme	5890970	133.7973235	34.2781522
1-Chōme	5899052	133.7847042	34.2872352
RT 07	5798121	106.7865997	-6.1427329
1-Chōme	5890972	133.8069699	34.2868202
RT 06	5796417	106.7864073	-6.1418353
RT 16	7613475	106.7650104	-6.1260385
Redenção	7037636	-44.0719262	-20.0251788
1-Chōme	5899050	133.8048545	34.3066188
1-Chōme	5890977	133.8021108	34.2991367
1-Chōme	5670333	134.0446892	34.3475242
1-Chōme	5670331	134.0578780	34.3344891
1-Chōme	5670328	134.0488730	34.3504774
1-Chōme	5670329	134.0573129	34.3465462
RT 15	5797331	106.8469134	-6.2844010
RT 16	5797073	106.8471416	-6.2837579
RT 15	5799371	106.8489069	-6.2765918
RT 07	5795345	106.8494987	-6.2742847
RT 06	5795218	106.8719751	-6.2598396
RT 16	5799370	106.8460662	-6.2792500
RT 06	5794503	106.8476977	-6.2731359
RT 07	5796388	106.8473262	-6.2953261
RT 06	5796387	106.8475709	-6.2939932
RT 07	5798952	106.8616272	-6.2479966
RT 07	5798152	106.8640906	-6.2619705
RT 07	5796918	106.8674233	-6.2558558
RT 15	5794355	106.7116298	-6.1736166
RT 06	5799002	106.7993508	-6.1232108
RT 06	5797927	106.8165005	-6.2093926
RT 16	5797861	106.9314281	-6.1368819
RT 07	5795224	106.9254368	-6.1560209
RT 06	5795583	106.8657595	-6.2312450
RT 07	5795719	106.8626002	-6.2190330
RT 07	5797471	106.8688084	-6.2273924
RT 06	5798482	106.8061039	-6.1252396
RT 06	5795952	106.7213643	-6.1575652
RT 07	5797181	106.7227592	-6.1487169
RT 06	5796220	106.7963064	-6.3149468
RT 07	7437624	106.7916292	-6.3138429
RT 07	5796840	106.7475099	-6.1461758
RT 15	5794392	106.7410262	-6.1448412
RT 07	5798619	106.7293404	-6.1618378
RT 16	5796316	106.7912906	-6.1125914
RT 07	5797785	106.8698039	-6.2598195
RT 06	5797784	106.8699778	-6.2595322
RT 06	5799169	106.8592485	-6.2521621
RT 15	5795846	106.7229642	-6.1632490
RT 06	5796612	106.7202990	-6.1653263
RT 06	5799328	106.9205577	-6.1657787
RT 07	5799093	106.9204726	-6.1665699
1-Chōme	5670325	134.0286911	34.3430156
RT 06	5798647	106.8704592	-6.2627359
RT 06	5799355	106.8380628	-6.1395545
RT 07	5795144	106.8456749	-6.1298125
Redenção	302578	-38.7641042	-4.2615001
Ayr	169248	-98.4409597	40.4384339
Ney	182756	-84.5190254	41.3808545
Est	2730302	5.3188383	51.8477621
Ray	181437	-103.1633072	48.3424344
Święcica	6847566	23.3010919	51.2284196
Ney	155559	5.8876168	46.7319437
Święcica	6549234	21.5804505	50.7022516
Pawłówek	7582251	22.4685405	51.0575729
Święcica	6522287	21.1611856	50.5201428
Oye	3717170	5.3375344	7.8805358
Długojów	2376109	21.1877779	51.3801688
Vilmiškė	7283670	21.1109590	55.8970088
Say	3219490	1.9432481	12.7654000
Sud	1426803	26.3789877	44.6141198
1182/1	6853849	22.4588946	50.4710502
Kos	536480	27.0850810	36.7939718
III 1	1735959	11.5921322	48.0819315
III 2	1735969	11.5949461	48.0783224
