Brăila	2355512	27.6672101	45.1178099
Pléhédel	399613	-3.0016956	48.6966744
Fry	3018844	1.5393603	49.5242818
Kisgörbő	1606365	17.1501138	46.9313189
Çaldıran	1779035	44.0192122	39.1332304
Człuchów	3174470	17.3580747	53.6634472
Człuchów	3174472	17.3580747	53.6634472
Ton	47050	11.0965477	46.2609487
Oldřišov	437613	17.9589970	49.9869741
Soo	3969264	130.9687051	31.6679635
Iyo	4047637	132.6569703	33.6967189
Gönci járás	2374675	21.2842647	48.3796078
Prosíčka	440453	15.3351284	49.7174024
Brăila	7509955	27.9554936	45.2726190
RW 08	5963134	107.6143729	-6.2024902
Novo Čiče	5623402	16.1162793	45.7067790
Bryłówek	6405915	17.2686776	50.8077346
Äyhönjärvi	164043	21.5410719	61.1248979
Kälkänen	88706	30.0637291	63.9573750
Hánsáiva	7174408	22.3223013	68.9349695
Hîrcești	1661057	28.0751864	47.4016821
Eys	2721278	5.9377081	50.8313602
Hut	7407679	22.5805048	48.3114496
Krzyż	7634175	17.9058798	53.7878280
Buz	1253932	20.0215842	40.4540256
RW 08	7199155	106.8580125	-6.2196444
RW 08	5801912	106.8672059	-6.3382338
RW 08	5799641	106.7672072	-6.2075700
RW 08	5800905	106.9157675	-6.2234378
RW 08	5801212	106.9376132	-6.1621220
RW 08	5801737	106.9119385	-6.1707886
RW 08	5800783	106.8637981	-6.2072897
RW 08	5800121	106.8464135	-6.2133065
RW 08	5801554	106.8447769	-6.2127839
RW 08	5800798	106.8199114	-6.1718240
RW 08	5801749	106.8169784	-6.1932090
RW 08	5800925	106.8490221	-6.2180295
RW 08	5800455	106.8251948	-6.2724655
RW 08	5800139	106.8712538	-6.2233274
RW 08	5801337	106.7931282	-6.1605611
RW 08	7215356	106.8644435	-6.2342999
RW 08	5801044	106.8194971	-6.1539377
RW 08	5802083	106.8350298	-6.1695139
RW 08	5800246	106.9659278	-6.1675155
RW 08	5801316	106.9352509	-6.1902300
RW 08	5800733	106.7990645	-6.1835320
RW 08	5800241	106.7509128	-6.1836835
RW 08	7192895	106.8693715	-6.1895955
RW 08	5800275	106.8381452	-6.3002225
RW 08	5800014	106.8708695	-6.1941692
RW 08	5799467	106.8692282	-6.2757722
RW 08	5799546	106.8610371	-6.3229629
RW 08	5799906	106.8614179	-6.3362896
RW 08	5802026	106.7491521	-6.1420382
RW 17	5801711	106.7372404	-6.1321173
RW 08	5800385	106.7745547	-6.2064436
RW 08	7198691	106.8708489	-6.2818680
RW 08	5801012	106.9643034	-6.1363920
RW 17	5800571	106.9273494	-6.1288127
RW 17	5799847	106.8957813	-6.2044196
RW 08	5800753	106.6896015	-6.1295217
RW 08	5800318	106.6941668	-6.1552425
RW 08	5801783	106.6880214	-6.1208752
RW 08	5800511	106.7401216	-6.2206491
RW 08	5800520	106.8335168	-6.3158629
RW 08	5800751	106.7093075	-6.1719145
RW 17	5801702	106.7076505	-6.1346797
RW 17	5800361	106.7105416	-6.1491122
RW 08	5799706	106.7155531	-6.1807187
Jäätma küla	352122	26.5135493	59.4380481
RW 17	5801575	106.8966801	-6.1751245
RW 08	5799469	106.9156603	-6.2545095
RW 08	5800208	106.8402273	-6.1387124
RW 08	5801616	106.9025349	-6.2864809
RW 08	5801036	106.8615504	-6.3008461
RW 08	5800621	106.8895411	-6.3604835
RW 08	5800818	106.8697845	-6.2073370
RW 17	5801363	106.8313850	-6.3364725
RW 08	5799732	106.8366733	-6.1365678
RW 08	5800852	106.7763625	-6.2180925
RW 08	5802081	106.8194325	-6.3442115
RW 26	7503863	106.9151108	-6.1770928
RW 08	5799588	106.8709116	-6.2338830
RW 17	5799769	106.8837604	-6.1859971
RW 08	5801697	106.8693307	-6.2371159
RW 08	5801566	106.8372318	-6.3389565
RW 08	5801174	106.8840335	-6.3415163
RW 08	5799965	106.7521266	-6.1987285
RW 08	5800402	106.8044531	-6.2000849
RW 08	5800644	106.7915048	-6.2058831
RW 08	5801680	106.8087975	-6.1811690
RW 08	5799687	106.8082358	-6.2006879
RW 17	5800896	106.8133152	-6.1986696
RW 08	5799717	106.8008435	-6.1877000
RW 08	5799524	106.8698547	-6.3324586
RW 08	5800997	106.7870052	-6.3085033
Ipeľské Úľany	2217951	19.0369961	48.1347307
RW 08	5801590	106.8955508	-6.1796870
RW 08	7152611	106.8529323	-6.2364046
RW 08	5801639	106.7293121	-6.1347485
RW 08	5800022	106.7228522	-6.1155303
RW 08	5800197	106.7700254	-6.1188371
RW 08	5800922	106.8442139	-6.2199737
RW 08	5799626	106.7529518	-6.1575905
RW 08	5800097	106.8764055	-6.1645409
RW 08	5801276	106.7383266	-6.1646923
RW 08	5800943	106.7645800	-6.1626853
RW 08	5800826	106.7998600	-6.1631719
RW 17	5800486	106.7839792	-6.1399945
RW 08	5801774	106.7838545	-6.1543611
RW 08	5799945	106.7777747	-6.1366682
RW 08	5801344	106.9015736	-6.2203693
RW 08	5800704	106.8967349	-6.2125655
RW 08	5801801	106.8931147	-6.1954645
RW 17	5801624	106.7907033	-6.1997800
RW 08	5799625	106.7928999	-6.2271803
RW 08	5800220	106.7564494	-6.2268809
RW 08	5800934	106.8573465	-6.2164151
RW 08	5802019	106.7714447	-6.1598926
RW 08	5801730	106.7359850	-6.2098352
RW 08	5799838	106.7601740	-6.2334298
RW 08	5801150	106.7735976	-6.2342003
RW 08	5801057	106.7943841	-6.2915426
RW 17	5801390	106.9099367	-6.2180621
RW 08	5800469	106.9045521	-6.2362256
RW 08	5800381	106.8702883	-6.2131781
RW 08	5799901	106.8602514	-6.2069944
RW 08	5800864	106.8180300	-6.1847471
RW 08	7212533	106.8457678	-6.2061685
RW 08	5801884	106.8891104	-6.1992740
RW 17	5801485	106.7828525	-6.1147599
RW 08	5800975	106.7770845	-6.1188083
RW 08	7333223	106.8319187	-6.2966888
Aji Chō	5674296	134.1425200	34.3773858
RW 08	5801978	106.7775894	-6.1796185
RW 08	7198381	106.8682699	-6.1745476
Tibiriçá	3011428	-49.1982067	-22.1953324
RW 08	5799881	106.7312434	-6.1450475
RW 08	5801552	106.7363465	-6.1728085
RW 08	5801886	106.8300929	-6.1523911
RW 08	5801660	106.8316117	-6.1530388
RW 08	5801407	106.8798039	-6.1855826
RW 08	5801817	106.7903849	-6.1863415
Jäätma küla	352926	26.4290639	58.9260746
RW 08	5801757	106.7919018	-6.1709551
Debraď	2384694	20.9776331	48.6511844
RW 08	5800456	106.8255541	-6.1586531
RW 08	5799989	106.8284651	-6.1434522
RW 08	5800167	106.8167004	-6.1572955
RW 08	5801379	106.8705680	-6.2586569
RW 17	5801114	106.7748536	-6.2835156
RW 08	5801152	106.7707438	-6.2810923
RW 08	5800920	106.7989201	-6.1602216
RW 08	5800693	106.7931762	-6.1472459
RW 08	5800993	106.7897996	-6.1483505
RW 08	5801326	106.8051662	-6.1529566
RW 08	5801592	106.8052870	-6.1472421
RW 08	5800158	106.8106627	-6.1530230
RW 08	5801556	106.7996806	-6.1543580
RW 08	5801049	106.8015983	-6.1395294
RW 08	5799378	106.8730736	-6.1549206
RW 08	5799627	106.8576387	-6.1552007
RW 08	7563998	106.9023948	-6.1379431
RW 08	5799929	106.7952083	-6.2392656
RW 08	5801023	106.9319925	-6.1063658
RW 08	5800496	106.8800722	-6.2508555
RW 08	5800351	106.8593630	-6.2530947
RW 08	5801158	106.8966273	-6.3416976
RW 08	5801224	106.8922900	-6.3338409
RW 08	5801996	106.9471168	-6.2102577
RW 17	7321948	106.9642002	-6.2008429
RW 08	5801947	106.8640905	-6.1662799
RW 08	5801988	106.8418860	-6.1698836
RW 08	5801022	106.8487179	-6.1620219
RW 08	5799839	106.8180021	-6.1675172
RW 08	5800781	106.8578960	-6.1702339
RW 08	5799851	106.8518680	-6.1678016
RW 08	5802054	106.8507618	-6.1712327
RW 08	7214897	106.8547130	-6.2394051
RW 08	7609712	106.9178097	-6.1049266
RW 08	5802114	106.9263973	-6.1623048
RW 08	5801823	106.9200638	-6.1179357
RW 08	5801638	106.7908657	-6.2177300
RW 08	5799975	106.9093281	-6.1688612
RW 08	7735180	106.7543460	-6.2933448
RW 08	7737397	106.7450135	-6.2950371
RW 08	7737751	106.7624375	-6.3027499
RW 08	5799940	106.8151809	-6.3062453
RW 08	5801524	106.9378143	-6.2251006
RW 08	5799556	106.9309979	-6.2265745
RW 17	5799876	106.9293250	-6.2142936
RW 08	5800271	106.9223983	-6.2119605
RW 08	5801578	106.9258067	-6.2517785
RW 08	5799502	106.9431644	-6.2221410
RW 08	5801268	106.8049058	-6.3030417
RW 17	5799435	106.9157564	-6.1136230
RW 08	5801121	106.8914180	-6.1133539
RW 17	5800054	106.9136093	-6.1526286
RW 08	5799980	106.8982190	-6.1443275
RW 08	5800604	106.8971658	-6.1109639
RW 08	5800679	106.9096578	-6.1133146
RW 17	5801141	106.9048767	-6.1448645
RW 08	5802011	106.8972414	-6.1172416
RW 17	5800546	106.9160433	-6.1239736
RW 08	5801466	106.9141079	-6.1248550
RW 08	5800125	106.8488408	-6.2488752
RW 08	5799785	106.8542933	-6.2613665
RW 08	5800533	106.7480943	-6.2472155
RW 08	5799406	106.7895540	-6.2497798
RW 08	5800020	106.7788554	-6.2460258
RW 08	5800689	106.8109311	-6.2488379
RW 08	5800294	106.7546606	-6.2656028
RW 08	5801301	106.7552893	-6.2693822
RW 08	7737331	106.7505398	-6.2811764
RW 08	5799439	106.7916294	-6.2559230
RW 08	5799812	106.8046213	-6.2580813
RW 08	5800674	106.7798965	-6.2557102
RW 08	5800253	106.7489556	-6.1929605
RW 08	5799938	106.8443608	-6.2893991
RW 08	5801755	106.8417106	-6.2391882
RW 08	7737515	106.7574619	-6.3092669
RW 08	5799514	106.8936394	-6.2154330
RW 08	5800394	106.9632588	-6.1816525
RW 08	5800662	106.8449018	-6.3229960
RW 17	7737506	106.7566637	-6.3135444
RW 08	5799617	106.8160539	-6.1516125
RW 08	5801265	106.9385743	-6.1036496
RW 17	7441190	106.9144480	-6.2370789
RW 08	5800677	106.8761068	-6.2170490
RW 08	5801040	106.8820405	-6.2239499
RW 08	5801895	106.9571453	-6.1026237
RW 08	5801908	106.8642822	-6.1244845
RW 17	5799416	106.8026813	-6.1087871
RW 08	5801387	106.8144027	-6.1217387
RW 08	5800284	106.8578897	-6.1367434
RW 08	5800082	106.8837304	-6.2130716
RW 08	5801474	106.8456085	-6.2606951
RW 08	5800195	106.8899299	-6.2126435
RW 17	5800870	106.8701397	-6.1328127
RW 08	5800712	106.8830621	-6.2686808
RW 08	5799971	106.8862054	-6.1332454
RW 08	5801243	106.7922426	-6.1285325
RW 08	7198395	106.8629109	-6.1793310
RW 08	5800308	106.8525898	-6.1869225
RW 08	7212613	106.8535945	-6.2042945
RW 08	5800108	106.8509011	-6.1802480
RW 08	5800186	106.8824888	-6.1257167
RW 08	5799777	106.8520390	-6.1796146
RW 08	5800732	106.8560222	-6.1945398
RW 08	5800026	106.8383564	-6.1865186
RW 08	5800056	106.8429618	-6.1862190
RW 08	5801537	106.8419384	-6.1832380
RW 08	5800442	106.8482377	-6.1840775
RW 08	5801471	106.8811451	-6.1122625
RW 08	5801959	106.7726816	-6.1918429
Oso	238116	-121.9219362	48.2781034
Tit	4171626	1.4807109	27.0279390
Mścichów	3425816	20.8615144	51.5092828
Tochołów	3483247	20.1272555	50.4046026
Łękobudy	6880674	23.0449902	53.3429619
Vir	6414941	21.2757570	41.6065239
5-Chōme	5892112	133.7748347	34.2278178
Oos	1485046	6.5825100	50.2396223
Debraď	2384562	20.9776331	48.6511844
5-Chōme	5670371	134.0409996	34.3392032
5-Chōme	5899068	133.8122644	34.2848600
Dlhá Lúka	2277674	21.2978255	49.3358351
5-Chōme	5890995	133.7933194	34.3079666
Dlhá Lúka	2169231	19.5265574	49.1741507
CROM	4266385	-102.2312317	17.9912792
LPRC	7683395	-8.9739411	7.2001607
Léštnice	432425	15.3027102	48.9839433
Ipeľské Úľany	2217826	19.0369961	48.1347307
Oldřišov	433809	17.9589970	49.9869741
Prosíčka	427726	15.3224490	49.7264138
Mířovice	423503	13.0808566	49.6546691
5-Chōme	5670372	134.0748184	34.3512200
RT 29	5795291	106.9134997	-6.1562555
5-Chōme	5892113	133.7829503	34.2307872
5-Chōme	5890996	133.7928710	34.2860843
5-Chōme	5899067	133.7817740	34.2904124
5-Chōme	5899066	133.8182126	34.2993262
Isu	3717835	7.0561312	5.6868982
Oyi	3715526	6.9073480	6.2395956
Krzyż	6426949	20.5448470	50.3203802
Cuy	2926512	3.2734061	48.2571023
VIII	3366407	21.0089062	52.2254120
Cuy	1547277	2.9081369	49.5861044
III 6	1732383	11.5844194	48.0759058
VIII	2804621	10.7973974	52.4571762
