Guînes	286837	1.8605965	50.8550231
Guéret	118768	1.8664984	46.1586901
Meyrié	79644	5.2850399	45.5606965
Tarnès	89467	-0.3544585	44.9754121
Trécon	2713276	4.0960742	48.8671135
Contré	152902	-0.2664697	46.0127364
Longwé	2873868	4.8009180	49.3868666
Sumène	2615688	3.7215985	43.9901422
Cheb	439454	12.3837734	50.0608465
Distré	272397	-0.1141991	47.2275502
Étercy	75703	6.0061151	45.8925641
Viggiù	46319	8.9042002	45.8680357
Tréhet	275937	0.6363572	47.7407752
Fiac	1458804	1.9085187	43.6942178
Plessé	112487	-1.8742557	47.5579435
Pirapó	242557	-55.2337035	-28.0767354
Province de Beni Mellal إقليم بني ملال	1709116	-5.9801975	32.4514793
Guémon	3600125	-7.3504004	6.9963016
Siófok	1368046	18.0395910	46.8954532
Péault	167291	-1.2313744	46.5028976
Łowicz	2644390	19.9474624	52.1012259
Łowicz	2644391	19.9474624	52.1012259
Négyes	1335903	20.7203283	47.7168601
Liptód	575340	18.5097707	46.0496186
Tuéjar	342500	-1.1050596	39.8065083
Hümmel	1060435	6.7781545	50.4721848
Ixtlán	5605903	-102.4175036	20.1479407
Beytüşşebap	1751837	43.0924177	37.5766589
Gölova	1507010	38.6423876	40.0563010
Ömerli	1358708	41.0120287	37.3720580
Gülnar	1442756	33.3320904	36.3550117
Biga	1593709	27.2555498	40.2807117
Kötcse	1367964	17.8790621	46.7458414
Beja	5403215	-7.8574443	37.9694679
Buzsák	1367932	17.5658706	46.6582285
Salomó	345494	1.3769200	41.2377357
Mügeln	535249	13.0095206	51.2334190
Spešov	441778	16.6193156	49.3954324
Krölpa	2179175	11.5245281	50.6817313
Höchst	4209939	8.5384492	50.0976871
Dörpen	2007906	7.3561404	52.9693892
Třebějice	438653	14.8006118	49.2398207
Buíque	303604	-37.1298563	-8.6890251
Polesí	436928	15.2506761	49.2932982
Jersín	440580	15.8280850	49.4245071
Čenkov	441427	14.0221916	49.7791024
Sarród	1607326	16.8667220	47.6709489
Mratín	437906	14.5480274	50.2037447
Itauçu	334589	-49.6693380	-16.2170165
Fafe	4172448	-8.1479235	41.4700251
Edde	1368077	17.7211799	46.5240465
Hraběšice	439422	17.0753267	49.9723740
Kuklík	441748	16.1161122	49.6195515
Mrákov	439187	12.9591150	49.3884509
Tárnok	112434	18.8403359	47.3686282
Služátky	440424	15.4339004	49.6860340
Potěhy	441839	15.4219071	49.8713450
Uruará	185670	-53.7419262	-3.5766137
Toužetín	439280	13.8859921	50.3185801
Caan	532370	7.6070285	50.4750558
Čeminy	439728	13.2471802	49.8022455
Drásov	442488	16.4792902	49.3426669
Tófalu	1418099	20.2541992	47.7790046
Le Poët	1247008	5.8951441	44.2758196
Bana	2916376	-3.4034141	11.9343609
Beja	5134927	-7.9338552	37.8250334
Ostružná	438693	17.0467146	50.1939774
Lübars	409234	13.3529979	52.6150662
Giba	39784	8.5767329	39.0561366
Valões	4167453	-8.4354888	41.7438640
Törbel	1685387	7.8317333	46.2442708
Íquira	1342112	-75.6579012	2.6670743
Stašov	442543	16.3719942	49.6770500
Adma	7319794	35.6492536	34.0241422
Råvarp	3615259	12.3735138	58.8849853
Bröna sjö	2740674	13.6914812	56.4216124
Löften	6046287	15.4349451	56.6344477
Njáhkájávri	7185702	22.5229493	69.2042170
Ömmeln	2380445	12.5180220	59.1329709
Bech	569736	6.3363134	49.7522949
Mühlen	50936	14.5061812	47.0313290
Amsjön	2296254	13.0489770	56.7793990
Avesjö	6522554	15.8108410	57.1320923
Jönnen	1401318	14.1898796	57.2472588
Südsee	178326	8.8766183	53.8218504
Fisjön	104436	11.9922025	57.6060065
Piñero	4584688	-60.7316754	-33.0870575
Itapuí	298419	-48.6984254	-22.2500001
Dala	5996597	96.1374747	16.6810618
Juquiá	298026	-47.6590000	-24.2195000
Garsjø	49171	10.1228876	59.8225872
Växnan	3116878	16.0237623	61.8502282
Ösaren	2369239	15.2383828	59.7648750
Maniów	6376481	16.6576288	50.9565671
Taiúva	298516	-48.4253708	-21.1398783
Guźnia	5792020	19.8223938	52.0733156
See 5	2767128	10.2347909	49.3726337
Aoba	4159305	140.6561060	38.3454725
Matões	332777	-43.2822501	-5.3820000
Ituaçu	362138	-41.3674005	-13.8631076
Árvore	5989558	-8.7146285	41.3363187
Südsee	1861085	10.8610421	49.9818259
Godków	5947262	16.6069730	51.0139908
Kabe	6078063	23.6240387	-6.1107867
Vojmån	5296494	16.7988434	64.7923055
Gyöngyös	1417491	19.9716676	47.8093436
Njáhkájávri	7208021	23.6168122	69.2027930
Njáhkájávri	7222120	23.7204081	68.8936099
Njáhkájávri	7208212	23.5112601	69.4476808
Njáhkájávri	7186372	22.7142988	69.4207763
Njáhkájávri	7202637	23.2063773	69.2434948
Unibón	4467758	-66.3848876	18.3365504
Dala	3721250	13.0695590	11.7725385
Jörken	2914575	15.6407690	60.1451499
Mada	3721392	14.4130953	11.7305092
Bana	3837547	10.3074013	5.1213448
Südsee	1411214	10.2384507	48.4778474
Escazú	4071271	-84.1526463	9.9157885
Dala	3710400	8.5051686	12.0090920
Mada	3707054	6.9565688	12.1220338
Şirinköy	3299102	37.4812924	40.8875511
Mojdež	4491792	18.4895196	42.4845614
Ataköy	1761473	27.9333617	38.5458826
Bana	6685637	87.2499686	27.3257962
Papiškių ež.	4088174	24.0297694	54.1255046
Höchst	75985	9.6179021	47.4938971
Guéret	1686535	1.7968853	46.1498635
Eede	2714646	3.4539066	51.2561053
Tërpan	1252292	20.0147521	40.5652767
Drásov	441431	14.1006575	49.7095920
Krüden	2880211	11.6972771	52.9265252
Cama	1684055	9.2040901	46.2603022
Haczów	6942143	21.8989632	49.6612403
Løgnin	7806432	11.2607254	64.3518661
Skaftö	4849413	11.4802272	58.2508742
Meløya	4149773	13.4465780	66.8293207
Skaftö	3228194	16.7999738	58.3235734
Dypvåg	5918611	9.0619915	58.6251752
Dzitás	5961481	-88.5278558	20.8328098
Bana	1027774	17.9255308	47.6458466
Ogórki	6809818	23.2489724	54.2252471
Łosewo	6860522	22.4558567	53.5625859
Wróble	7060060	22.5482427	52.9463500
Tuchín	1346349	-75.5525345	9.2183343
Stašov	441453	13.9639714	49.8829523
Nový Dvůr	436474	15.1121315	50.2319035
Malków	4463012	20.2466334	51.2128038
Giżyce	7795265	22.4097598	51.5921431
Curupá	3018933	-48.5580291	-21.6857923
Pirajú	7288835	-55.5729592	-29.4928368
Juquiá	5349661	-47.6590000	-24.2195000
Jafa	3011425	-49.7308843	-22.2008952
Buíque	6199622	-37.0973134	-8.7679246
Kõdu küla	351810	25.2204055	58.8229284
Õuna küla	355210	26.3523751	58.7410102
Höchst	3333898	9.2408764	50.2065814
Šarkan	2218523	18.5604996	47.8581200
Svinná	1801003	18.1601667	48.7875894
Świętosława	7429472	21.4255218	50.0683181
Sé Nova	6554017	-8.4130014	40.2064800
Duplín	2321185	21.6235198	49.2397528
Itapuí	5683137	-48.6984254	-22.2500001
Ituaçu	6427052	-41.3090808	-13.8423222
Criúva	7326631	-50.9151257	-28.9300847
Prešov	2320257	21.2462788	48.9959424
Lada	2320274	21.3608703	49.0455311
Uruará	6275404	-53.8827206	-3.5757990
Taiúva	5683287	-48.4253708	-21.1398783
Odorín	2382004	20.6406244	48.9310851
Beja	6421063	-48.7682674	-1.6570989
Uľanka	3507143	19.1018488	48.7855331
Skubín	3506327	19.0916711	48.7348573
Šoltýska	2273700	19.7505479	48.5767404
Höchst	3294902	8.9328539	50.2681798
Alda	6888762	-2.3353095	42.7546663
Paykín	6368343	-58.9775746	-27.4410349
Maroño	7158560	-3.0615909	43.0487326
Ożenna	6319409	21.4678658	49.4286097
Bojków	2147286	18.6806569	50.2447481
Łuszczów	7082245	23.7396158	50.8750285
Rembów	6363802	21.0406667	50.7076404
Stójka	6856555	22.6066919	53.3266782
Ayvalı	283136	34.8832448	38.5295578
Ręczyn	6078443	14.9707995	51.0320041
Łosewo	6892824	21.8907137	53.3319731
Lübars	3728130	12.1440881	52.1740185
Sertão	242290	-52.3268168	-28.0129957
Budków	4463304	20.1461526	51.2731124
Kargów	6503893	20.9189792	50.5095090
Maniów	6309896	22.2145456	49.2389356
Fafe	4173978	-8.1805844	41.4468732
Budków	6109443	16.4678766	51.4828628
Wróble	6907339	20.0978133	53.5727922
Konské	2183264	19.0741904	49.0921017
Šarkan	2218513	18.5644611	47.8483968
Aoba	2689471	139.5203563	35.5600849
Odorín	2381967	20.6406244	48.9310851
Prešov	2320148	21.2357607	48.9959424
Clab	4677609	-9.0561230	53.0674118
Lada	2320123	21.3608703	49.0455311
Svinná	2219794	18.1601667	48.7875894
Šoltýska	2273688	19.7505479	48.5767404
Uľanka	2265288	19.1018488	48.7855331
Xã Bình Khánh	7468179	106.7931021	10.6378001
Duplín	2321126	21.6235198	49.2397528
Köthen	5718216	13.8162852	52.0777701
Orasín	432182	13.3917755	50.5378933
Cheb	424398	12.3679589	50.0813918
Krölpa	2865843	11.5387258	50.6794060
Vrbová	433539	12.4501739	50.1191530
Toužetín	435223	13.8799611	50.3174424
Poláky	425733	13.3576740	50.3387221
Ostružná	433745	17.0747628	50.1804488
Lada	431520	14.5397319	50.7078007
Mratín	426441	14.5480274	50.2037447
Spělov	435052	15.4515433	49.3333719
Třebějice	434461	14.8006118	49.2398207
Čenkov	427344	14.4369270	50.2289499
Kvasín	428247	15.9347757	49.8403235
Hraběšice	430377	17.0832464	49.9728256
Potěhy	427760	15.4219071	49.8713450
Týnice	432802	14.4014910	49.4758465
Kuklík	428336	16.1161122	49.6195515
Jersín	426878	15.8280850	49.4245071
Stašov	431272	16.3719942	49.6770500
Čeminy	424210	13.2471802	49.8022455
Spešov	430039	16.6193156	49.3954324
Drásov	430031	16.4792902	49.3426669
Drsník	435362	14.0966380	49.6293331
Služátky	427824	15.4339004	49.6860340
Gaia	5397608	-7.3250584	40.4035446
Beka	3727934	13.8898801	45.6039293
Mrákov	424826	12.9424190	49.3954635
Mukařov u Říčan	434064	14.7409431	49.9976374
Hörnle	6111700	9.2554991	48.9281648
Žďár v Podbezdězí	426579	14.6972889	50.5116867
Beak	6647130	-6.5826733	52.1809654
Bełchówka	6304058	22.1078033	49.4842711
Łosewo	2589316	20.9820377	52.5866216
Kochów	6588159	21.3692478	50.7733863
Pępowo	6905177	18.3921534	54.3703751
Kreców	7107658	22.3676928	49.6123877
Maniów	6120695	21.1412711	50.3424108
Limões	4192925	-7.8184441	41.4371827
Alda	169298	-98.4717389	40.8661358
Bobrów	5967251	16.1412663	51.2384491
Cana	206816	-80.6773367	36.5879350
Silvão	6301798	-8.5145456	41.4730426
Gaia	5760080	-8.2654744	42.0939754
Avesjö	7176335	18.4361096	59.4102299
Bobrów	2936848	15.8483590	50.8702640
Dala	3710309	8.4909627	12.0296959
Żelichów	6118524	20.8162701	50.2232926
Dzitás	6421056	-88.5288936	20.8414126
Lubrín	347265	-2.0639938	37.2277562
Būda III	6967835	24.9558613	54.7045126
Maniów	6439763	16.0285555	51.6070293
HZO 01	7707785	7.2627960	51.4446179
Maca	1891318	-71.7994139	-15.7383461
Lezáun	347295	-2.0098425	42.7897733
Adal	4805204	-3.4742684	43.3946509
Kliepšių ež.	6610959	25.0090089	55.3118189
Sumène	2758007	3.7160663	43.9814588
