Kiel	27021	10.1444037	54.3418157
Étreux	152318	3.6631781	49.9984727
Caix	3355031	2.6468577	49.8106597
Trépot	1274128	6.1683093	47.1687900
Vaie	44158	7.2935019	45.0957980
Giat	113617	2.4861131	45.8024713
Irai	3246406	0.6929225	48.6721195
Erie	187550	-80.0732850	42.1153174
Yèvres	1711773	1.2052177	48.1934319
Plouyé	1713182	-3.7244903	48.3142673
Abos	1016591	-0.5609301	43.3547500
Fano	42616	12.9896246	43.8175986
Achy	1395264	1.9839962	49.5623828
Anfo	46159	10.4783039	45.7831608
Genk	405711	5.4829825	50.9667619
Elne	18417	2.9685415	42.6081488
Baix	1897900	4.7533877	44.7046484
Erla	345465	-1.0061368	42.1136872
Joch	2858743	2.5280582	42.6152292
Dole	148676	5.4971346	47.0740306
Felm	548489	10.0572315	54.3997800
Haby	550774	9.8267630	54.4013941
Vyškov	442276	16.9676540	49.2973169
Aspa	343320	0.6755060	41.4961775
Kehl	452979	7.8257868	48.5636456
Müssen	1467719	10.5446905	53.4982807
Lesa	46184	8.5702515	45.8276461
Güster	1466179	10.6737196	53.5345601
Soba	3709374	8.0299129	10.9578826
Vaspör	1357101	16.6583124	46.9054656
Bosa	40405	8.4878238	40.3347472
Höxter	148593	9.3310861	51.7685153
Arco	46423	10.9167716	45.9314478
Meco	346945	-3.3231104	40.5611882
Gyügye	1452441	22.5712352	47.9265700
Arbo	346564	-8.3182402	42.1201334
Gais	47331	11.9716607	46.8557541
Amer	348058	2.5973106	42.0128436
Nago	4538671	128.1421995	26.5073661
Hiki	1769300	139.2676878	36.0334280
Koja	5802401	106.9073572	-6.1207500
Mina	5606043	-100.8025046	26.2993868
Ider	7304915	97.5549120	48.1219608
Aiko	2689479	139.2329106	35.5020215
Goma	5327779	29.1890613	-1.5540594
İpsala	1834586	26.4148816	40.9179926
Erie	112306	-105.0369308	40.0507780
Erie	112307	-105.0369308	40.0507780
Siójut	1367946	18.1494875	46.8729232
Haza	346127	-3.8636813	41.5546043
Bans	158790	5.5784767	46.9804647
Duka	1132251	17.1121023	47.1083055
Lain	1920146	3.3437955	47.6130509
Deza	342475	-2.0379646	41.4817058
Seeg	448306	10.6207332	47.6575242
Sale	43822	8.7988623	44.9643287
Onga	1440896	20.9317294	48.1336482
Záryby	437144	14.6248805	50.2180897
Edve	1483293	17.1415486	47.4530009
Codo	339792	-0.6842282	41.3391874
Chotěšice	441568	15.2533061	50.2743293
Ifta	2887988	10.1720752	51.0790317
Törtel	1319912	19.9444013	47.1129620
Tápiószecső	1385343	19.6056646	47.4437437
Orba	341448	-0.0625376	38.7834648
Jeli	4443636	101.8239317	5.5828329
Sévery	1685160	6.4410656	46.5722974
Hasi	7684288	20.5614449	42.2700233
Mima	4058112	134.1521928	34.0148825
Røyken	407793	10.4338931	59.7342981
Koja	5802254	106.8992370	-6.1061009
Hiji	4004871	131.5310893	33.3635779
Aoki	4759358	138.1119323	36.3597219
Onga	4008303	130.6678264	33.8496810
Mezőtúri járás	2376093	20.5524388	47.0355562
Schötz	1682920	7.9749065	47.1663679
Sössen	2405643	12.1088353	51.2201415
Dill	1245184	7.3417284	49.9147704
Zagórz	2906834	22.2711975	49.5077539
Potosí	4509552	-66.9431703	-20.3501011
Küsten	1818752	11.0624896	52.9930793
Nick	1131421	17.0180602	47.3910973
Rame	1392964	35.3752293	32.9345716
Laer	155782	7.3622529	52.0582079
Kall	158158	6.5617282	50.5166206
Závist	438167	16.5725909	49.3775990
Rehe	533260	8.1184872	50.6275024
Agno	1684611	8.9009615	46.0013380
Echt	1419388	5.8747153	51.0995416
Horní Smrčné	442194	15.7578183	49.3339323
Jøssjo	48630	10.0239583	59.8715750
Tarp Sø	1323709	8.4573645	55.5283413
Rosjön	110067	14.9217694	57.7464993
Waal	1377563	4.6776379	51.9859052
Ebon	3825901	168.7082889	4.6285000
Ujae	3825992	165.6434210	9.0745000
Noce	969223	15.8073836	39.9890063
Syväri	1934175	28.0320565	63.3126460
Søndre sø	2846380	9.5732066	57.2337920
Mossjö	2403517	14.4838659	57.2602303
Gysjön	2402396	14.2933513	57.3882465
Rapa	6075631	-144.3413542	-27.6099639
Gysjön	2381672	14.9346691	57.6519812
SGNSJ	2959657	-51.2210771	-29.9922095
Carcarañá	3565835	-61.1529257	-32.8519108
Gysjön	6142259	14.7691781	60.5662812
Wilków	6054887	16.5430491	50.8716705
Japi	301172	-35.9082693	-6.4239345
Poda	7477993	20.0196073	43.0482412
Real	6436576	-7.6830832	40.6365331
Real	6021194	-8.2677095	41.0004026
Trezói	6365971	-8.3293929	40.3824138
Górowo	6208160	16.8017630	51.3697272
Błażejewo	6575438	17.0930786	52.2047454
Występ	2615359	21.7959641	51.5480817
Żegrówko	3506877	16.4580427	52.0329906
Cuka	7220841	22.3145555	42.7868425
Mare	2568118	1.3043365	48.2813479
Real	4467897	-66.5624006	18.0830524
Hüttau	975888	13.3154388	47.4258276
Kuda	3721365	13.1045268	12.4391054
Gano	3710491	8.7126876	11.8219394
Dole	3707007	6.4311779	12.9136701
Keta	3707041	6.7364858	11.8524165
Dole	3698634	9.8105068	12.9181822
Mani	3711752	7.8882598	12.8433142
Buma	3707990	3.7252040	11.6488312
Mera	3723706	-78.0612601	-1.3523731
Ajax	2408837	-79.0296651	43.8635276
Ulba	3824035	-78.3633369	-1.3868954
Paki	3709559	8.0734278	11.4913240
Klam	909426	14.7835374	48.2307133
여의도동 (Yeouido-dong)	3879672	126.9300521	37.5284646
Pasa	3736493	-78.7665292	-1.2236697
Beti	3722281	10.3778808	11.2726474
Kuda	3703433	8.4599343	12.7678999
Gasi	3721292	11.7711801	10.1723774
Buma	3721242	12.2207368	10.2934102
Gamo	3707019	5.2005117	12.2376169
Soba	3709592	8.0457848	10.9962403
Gude	3710523	8.0496867	11.9545702
Duja	3710443	9.0914239	11.6601391
Guga	3711642	7.3438768	11.7114564
Alva	3537533	-104.4410375	44.6949254
Gati	6776561	85.8935369	27.8370072
Nele	6713127	86.6326408	27.4427262
Sake	1716820	30.4070556	-2.2246762
Lac Sérénité	1480920	-71.2560578	47.5400855
Biya	1267533	87.1432269	51.8426237
Bayi	2172872	104.5806560	31.6532578
Wadi	2167763	103.5333655	31.9464716
Mabu	6671269	87.9723669	27.0582575
Nihe	7534587	117.2958804	31.1121427
Bosa	4740227	-74.2003205	4.6255149
Gais	1683881	9.4653840	47.3698091
Łozowo	6848892	23.3851781	53.5876885
Alva	184232	-98.6591994	36.7976459
Moha	1361449	18.3338701	47.2436414
Kiel	251815	-88.0346063	43.9171850
Jurgów	4578639	20.1595968	49.3287430
Gees	1380691	6.6773146	52.7406991
Apen	1187347	7.7782582	53.2103818
Dole	1684776	5.5184967	47.0220546
Ghat	2060173	10.4021800	26.0991570
Waal	421412	10.7877856	47.9871694
Instön	5196923	11.6468505	57.8946849
Husøya	7324771	9.4071364	64.1699364
Dyrøya	6162037	6.4505507	62.5040262
Idse	3184033	5.9347800	58.9859540
Dyrøya	5913754	17.4445018	69.0404308
Moce	3433338	-178.5054941	-18.6523474
Tiga	3222346	167.8173110	-21.1066826
Iola	130052	-95.3953798	37.9256905
Caro	135089	-83.4017572	43.4886679
Svárov	436171	14.1366769	50.0629459
Soba	345460	-3.5623672	43.1915054
la Masó	343939	1.2196706	41.2388658
Kütten	2407498	12.0097559	51.5911567
Side	4654829	23.2882326	49.4753782
Para	5740854	-55.3245155	5.3416859
Doel	3372344	4.2456374	51.3181461
Iola	251607	-89.1278832	44.5068150
Igli	2889063	-8.5692557	30.5967728
Igli	6530993	-2.5371821	30.4765447
Arco	121273	-113.3011955	43.6325089
Moga	1948506	75.1287846	30.6945179
Svárov	437032	17.6203807	49.1180629
Byczów	6474431	20.5036907	50.4292421
Jind	1942917	76.3649730	29.4505920
Paar	3123522	11.1654603	48.4990765
Coco	6129969	-44.0004503	-20.2849856
Airi	6204845	-38.0393638	-8.4781304
Ľubica	2275521	20.5318249	49.1331510
Sötern	6219633	7.0365021	49.6066382
Tužina	2187787	18.5695298	48.9227973
Nižná Olšava	2321193	21.6350138	49.1492267
Topoľa	2324009	22.3624608	49.0508706
Roca	4770090	-63.7732264	-35.6683714
Kožany	2277759	21.4990126	49.2131255
Murupé	6190872	-35.4038548	-7.6717711
Thörey	3145506	10.9370157	50.8837302
Japi	6246092	-35.9082693	-6.4239345
Anta	6021224	-8.6180883	41.0043351
Real	5830083	-8.1720503	41.2472874
Alva	6338929	-7.9679426	40.8614075
Nová Kelča	2322352	21.6987434	49.0629018
Turová	2265025	19.0551734	48.6048352
Rapa	6371607	-7.3410726	40.5802621
Nepa	5886809	81.5550158	28.8548155
Kluków	7688890	15.3994402	51.3067743
Yapeyú	5294226	-64.1513013	-31.4125279
Wörpen	7729683	12.4920271	51.9286310
Carn	6951325	-7.8156757	53.4259131
Pena	6520056	-9.1392179	38.7212496
Dützen	969000	8.8486139	52.2651844
Cond	6391484	7.1876030	50.1497690
Anua	253722	-170.6884797	-14.2697521
Żabcze	7111751	23.9996438	50.5444180
Elsa	6587469	-97.9976227	26.2977199
M'Cid	6661988	-0.2606192	35.1440412
Jaszów	4251828	17.2436006	50.5927058
Real	342345	-0.6100907	39.3172383
Real	4140539	-8.4406517	41.5564188
Mifi	6312405	10.4539124	5.5120598
Błażejewo	7248145	22.3066419	54.2279923
Elen	6489492	5.7404006	51.0694159
Chay	1314418	5.8593347	47.0330194
Ider	110563	-85.6645163	34.7003020
Iola	187887	-76.5315395	41.1333865
Meme	2751433	9.3935557	4.6616419
Wilków	2939991	19.0501260	51.8347168
Nebo	127004	-90.7877188	39.4412214
Gann	183437	-82.1918545	40.4684635
Ried	396005	11.0661777	48.2895763
Ried	4659348	12.3473254	47.6533175
Trezói	7837352	-8.3378482	40.3955839
Ledo	6595352	-8.6749594	41.8763466
Lain	7213442	11.5493511	47.7124507
Lera	6496532	21.1725021	41.1078394
Opae	6959477	21.6625499	42.1640714
Indi	5986951	148.0517373	-36.2680393
Staŭry	7492457	30.4821356	54.4799987
Rand	5876111	146.5237118	-35.5675339
Para	5737831	142.1207282	-33.6668680
Daku	3255505	178.7715593	-17.7783074
Erie	125740	-90.0819179	41.6589700
Erie	181728	-97.3878921	47.1151774
Odem	6587491	-97.5849057	27.9474625
Skoków	7667693	22.0194214	51.1143782
Nick	6891702	19.9274576	53.2056282
Brig	1686700	8.0294228	46.2845584
Ouésso	3221104	15.6155331	1.3817247
Uników	6464062	20.6272396	50.5332501
Bobr	4785825	29.2756804	54.3430605
Wilków	7671411	21.8772220	51.2629621
Wilków	5893072	15.9254915	51.0877065
Orca	5311020	-7.3723656	40.0368221
Erie	129921	-95.2448853	37.5705945
Real	5216196	-46.5536317	-24.0607325
Laer	1647386	7.2739011	51.4661877
Diva	2218454	18.5672052	47.8717662
Bant	5658608	8.0994307	53.5197795
Alva	4453035	-9.4105686	52.7258054
Carn	5687406	-7.0663747	54.1777596
Cams	4241900	-8.4245233	54.0945525
Carn	3910721	-7.8132509	54.3516066
Gees	1484841	6.7132965	50.2104745
Asao	2689474	139.5038896	35.5960045
Caul	4198031	-7.9706124	53.7803876
Shee	5372865	-7.0467205	54.2998877
Nová Kelča	2322299	21.6987434	49.0629018
Nail	5614187	-8.2787012	53.1785488
Carn	5345507	-6.9221169	54.2620806
Lear	2306131	-7.8053696	53.8909318
Tužina	2226006	18.5695298	48.9227973
Carn	6054113	-9.2796884	53.7357790
Carn	4208593	-7.2842308	53.7527133
Carn	2391282	-7.6946899	53.6385033
Cran	5723714	-7.0528906	54.0315691
Carn	4783159	-7.2442858	54.1834061
Trnové	1859530	18.7984447	49.1861545
Carn	4644121	-7.1884198	53.8528699
Carn	2921797	-7.6195931	54.2063004
Leas	5411198	-6.2819644	53.4720535
Slad	4073251	-6.3873665	52.2384508
Carn	6072869	-9.3412660	54.1767880
Kožany	2277694	21.4990126	49.2131255
Meen	6281831	-9.4351094	52.4875391
Rapa	6075630	-144.3413542	-27.6099639
Carn	5606885	-7.7499865	54.7758503
Carn	6141580	-9.2576871	53.5881135
Skea	3496468	-7.7271888	54.5956079
Carn	6138318	-9.2538070	53.6086951
Sale	2611509	147.0679452	-38.1066050
Carn	3561738	-7.6417945	54.5184529
Carn	3368364	-9.2572227	53.8361012
Topoľa	2323985	22.3624608	49.0508706
Nižná Olšava	2321142	21.6350138	49.1492267
Ľubica	2275489	20.4696286	49.1330214
Kibo	6598017	39.1940982	-6.7948844
Reid	6675183	138.7269912	-34.6018126
Bant	275964	5.7533196	52.7770638
Carn	4137944	-7.3452760	53.6879762
Aske	7793562	-1.7519847	54.4258572
Roca	5514027	-7.7998624	43.1843248
Carn	4152266	-7.5521536	53.4704903
Carn	6013416	-9.2988735	54.2367103
Skea	5470836	-6.8374140	54.5445843
Maer	6894586	-2.3486574	52.9548405
Carn	4087430	-7.8395541	54.5803521
Carn	5149033	-7.2642381	55.0039596
Záběhlice	434052	14.4938115	50.0509593
Slavný	431029	16.2988315	50.5274574
Chotěšice	426475	15.2709170	50.2797160
Záryby	426536	14.6180157	50.2232191
Turová	2265008	19.0551734	48.6048352
Třebušice	425184	13.5794620	50.5241116
Horní Javoří	430177	15.5967952	50.4662532
Náčkovice	432173	14.2742876	50.6424083
Carn	5527945	-8.8496962	53.9278523
Lear	5697302	-6.9699267	53.9354514
Pena	5551191	-8.5648875	41.3861930
Pici	5522179	-38.5753587	-3.7488659
Bobr	426686	15.8952903	50.6711004
Carn	3571643	-7.4895374	54.3981141
Waal	2735303	4.9003582	51.9370619
Ried	385256	5.5914243	53.2201768
Štíty-město	429080	16.7649966	49.9616938
Zuklín	423747	13.6455826	49.1503584
Aske	4639782	-6.1224788	53.2186357
Horní Smrčné	426009	15.7578183	49.3339323
Skránčice	424141	13.4670797	49.3548933
Božkov	425348	13.4325218	49.7321977
Vyškov	431003	17.0003060	49.2748014
Závist	429672	16.5725909	49.3775990
Anil	5520278	-43.3397649	-22.9575487
Seal	2294908	0.2445510	51.2662464
Žďárec u Skutče	431797	15.9899605	49.8262825
Höxter	6706240	9.3760492	51.7736506
Real	7599136	121.1509926	14.1973346
Carn	5829034	-8.9060509	53.8865679
Carn	4860714	-6.8577402	53.1157159
Akip	4537821	-7.5678175	52.8824336
Carn	4640921	-8.5311412	53.2008949
Cams	5141545	-8.2720660	53.6467322
Skea	3955926	-7.6865127	54.2964108
Carn	4848513	-6.8356180	54.9097928
Carn	5342535	-6.4205945	54.4570160
Hamn	3071069	17.4719094	62.3223929
Carn	5357484	-7.5459322	54.0745156
Carn	4778682	-7.2511648	53.9301473
Lear	5134352	-7.1043475	54.8430596
Cran	3509523	-7.3381834	54.3739659
Reid	6830475	149.1422840	-35.2826771
Mani	3711507	7.9331795	12.9074411
Wilków	6270898	20.8444640	50.9155201
Iola	126706	-88.6282956	38.8344115
Earl	178980	-81.5343113	35.1953544
Koczów	5755788	23.5923109	51.0418796
Pena	4202150	-7.8370233	41.3079083
Maua	3424147	11.5976041	50.8680682
Wilków	4239798	20.5511814	52.2558790
Roca	169592	-96.6611463	40.6575019
Cora	252356	-109.9898979	42.9524045
Brunów	6061389	15.5882845	51.1311433
Caro	146184	-2.3204805	47.8653424
Anta	1923697	-72.3810354	-13.4994419
Arco	137313	-96.1811048	44.3817425
Wilków	3311981	20.1105193	50.1741833
Wilków	7127179	23.7440561	50.7689167
Hola	7843943	23.1804026	51.5530721
Wega	4165987	9.1749524	51.1199155
Edom	6603591	-95.6000990	32.3796900
Plec	3448072	20.7836972	51.4064185
Boki	3716257	9.0290840	6.2680356
Faye	279912	1.1872940	47.8061884
Brunów	6099583	16.0653642	51.3979886
Saig	324410	8.1758624	47.8867938
Nebo	130798	-87.6421310	37.3810130
Alho	6015721	-8.5235716	42.0610914
Laer	7176447	7.2715551	51.4720900
Biet	6609825	16.2330659	58.5739530
Gete	1130738	8.8435837	53.0802715
Ried	1901840	11.4033495	47.6934649
Anta	6299737	-8.5776359	41.4147706
Anta	6301481	-8.5321913	41.4534608
Real	6592646	-8.6160602	42.0069926
Real	6595359	-8.7029989	41.8937205
Hees	1201017	5.8270374	51.8406377
Noce	1506814	10.5334146	43.6909207
Cesi	1358310	12.5801853	42.6110592
Moha	5255165	18.3326083	47.2436151
Real	5996374	-8.3875385	42.0122057
Antałówka	5205202	19.9706118	49.2939430
Antałówka	5208018	19.8594695	49.2936464
Roca	3554181	-67.5158061	-45.8761232
Potosí	6071972	-87.5042911	13.0050831
Luca	5322096	-63.4762093	-32.5401696
Valčiūnai	6593101	25.2637453	54.5564189
Roca	2032870	-79.8855048	-2.1861413
Elne	2247680	2.9273736	42.6135560
Roca	2033865	-79.8855048	-2.1861413
Wilków	6100663	16.2008196	51.6961137
Igli	6531120	-2.5371821	30.4765447
Rhee	1433681	6.5649830	53.0345124
Anta	1933568	-74.6441129	-12.8268730
Anta	1923716	-72.1664452	-13.4848601
Bobr	7543197	29.2642650	54.3183031
Ligi	6853338	19.7500839	53.7631956
Anta	1953206	-77.6237241	-9.3631102
Obas	1954548	-76.6874485	-9.8359014
Esplús	340973	0.3004292	41.7569413
Lot 6	2256547	-64.1666746	46.7213184
Lot 5	2256546	-64.1582423	46.7716607
Anta	3059839	-63.9356820	-24.9023287
