Lviv	2032280	24.0137435	49.8360433
Metz	450381	6.2044925	49.1045027
Tuva	145195	94.2283607	51.7358386
Lugy	111721	2.1758792	50.5205480
Tver	369838	35.8952846	56.8597416
Gurs	1964311	-0.7595759	43.2771579
Sepx	1476134	0.8321615	43.1567835
Eoux	1480431	0.8824821	43.2772370
Fluy	2032098	2.0887618	49.8625484
Rogy	2951716	2.2058185	49.7135209
Izon	89054	-0.3515288	44.9190267
Oyes	2735174	3.7741447	48.8094310
Poix	2091102	4.6340298	48.9630201
Liry	2758173	4.6436247	49.3068675
Uzel	358757	-2.8476310	48.2792705
Soye	1022275	6.5029033	47.4521758
Saux	123548	1.0770324	44.3937337
Douy	2069368	1.2781865	48.0359570
Couy	1248011	2.8284363	47.1086060
Azov	944524	39.4242006	47.0884477
Poro	3604145	-5.7316961	9.4777875
Chełmno	2628190	18.4404247	53.3525028
Chełmno	2616326	18.4404247	53.3525028
Żywiec	1751331	19.2191490	49.7064961
Żywiec	2705721	19.2191490	49.7064961
Noto	39160	15.0093123	36.8939507
Luze	1236870	6.7099803	47.6054480
Pons	152683	-0.5598464	45.5762159
Kulu	1250969	33.0420640	39.0098707
Suwa	3653961	138.1166618	36.0351485
Törökbálint	113462	18.9117032	47.4390299
Hajmáskér	1078555	18.0019233	47.1618035
Brux	133996	0.1909215	46.2489061
Zirl	120835	11.2933454	47.3090981
Habřina	439264	15.8216413	50.3295759
Lomy	436936	15.6064785	49.0703619
Přišimasy	441277	14.7645366	50.0556495
Plou	191482	2.1502008	47.0365253
Aldebrő	1417305	20.2117155	47.7835744
Tito	40579	15.6738817	40.5776464
Joyo	358611	135.7978957	34.8456820
Pulo	5802302	106.8047285	-6.2526004
Setu	5802381	106.9143013	-6.3134223
Noto	4800240	137.3260029	37.2549160
Yura	3334893	135.0119948	33.9953765
Kyon	5705224	-2.6663911	12.3339724
Mlečice	439805	13.6841434	49.9181446
Reut	957050	12.9324473	48.2977110
Horw	1682879	8.3261249	47.0130185
Görbeháza	1431873	21.2166185	47.7868199
Plou	345853	-0.8466314	41.0034103
Poum	378678	164.1057676	-20.2509861
Dizy	2653799	3.9709548	49.0698789
Ivor	206920	-76.8977515	36.9051635
Zion	125692	-87.8530680	42.4623526
Mors	5523740	8.7293189	56.8266853
Prez	3280495	4.3628906	49.8013204
Vogt	2808303	9.7695210	47.7804588
Tono	963790	141.4791636	39.3753140
Lac Jérôme	3132140	-74.1578563	48.9910011
Lac Jérôme	1473065	-75.8324689	47.7006901
Raħal Ġdid	7510577	14.5069799	35.8741643
Pont	4805830	12.9513705	54.1723208
Sokołówek	5390984	19.6024996	52.2583995
Zupa	7472379	20.3678711	42.9743422
Tues	6967538	21.0900301	43.4967074
Zoio	5803696	-6.9033883	41.7448240
Sopo	5630062	-8.7459973	41.8985718
Stok	7113797	22.3211964	50.4542374
Płonica	6406035	16.8759849	50.4720045
Leśniówka	6961123	21.6455072	49.6432098
Gahččanjávri	7205394	23.1311777	69.5930458
Ellájávri	7206584	23.4161194	69.2125849
Ruhr	3919388	8.0669311	51.3932876
Ruhr	1749532	7.3026106	51.4264583
Zubo	3722551	9.9865693	11.6422524
Lac Jérôme	1519269	-73.7835029	47.0370124
Ntui	3822225	11.6614731	4.5246116
Soye	3721458	13.7474853	11.4256825
Duru	3703334	9.2622535	11.9072236
Päällinen	6829204	23.9915474	60.8807514
Étang Ridé	1480317	-71.5518332	47.6149803
Spey	1070938	-3.1010340	57.6595370
Lac Jérôme	6434219	-69.7466235	48.6465454
Tuzköy	1773442	34.4757554	38.7690597
Tver	930950	35.8952846	56.8597416
Blåvåmmen	2783566	15.3344912	58.8633833
Lynn	2372904	-70.9537268	42.4625815
Etoy	1684968	6.4204351	46.4849465
Volo	125684	-88.1674327	42.3334015
Knox	127898	-86.6182842	41.2911010
Zens	2255753	11.7266318	51.9296973
Dizy	1684944	6.4963194	46.6344038
Piru	5553951	-118.7994744	34.4072535
Srby	436221	13.5984939	49.5247974
Srby	436449	12.8610713	49.5416411
Lisy	6897513	22.2292770	53.3707358
Spui	149831	3.8701397	51.2956096
Khu Dân cư Phước Kiển	3855777	106.6967803	10.7193174
Pio X	7840038	-52.3588061	-27.3779245
Pont	4591388	6.2902264	51.4932068
Pio X	3953988	-36.9426036	-7.5271243
Norr	3049246	13.0195115	55.6153725
금호1가동 (Geumho1-dong)	3882074	127.0264877	37.5528393
Nižná Boca	2169288	19.7646340	48.9459328
Mazy	3521531	4.6868513	50.5100288
Azov	1118893	39.4242006	47.0884477
Norr	4055487	13.1993341	55.7211141
Zion	189163	-77.6768056	40.9296169
Espy	188188	-76.4183880	41.0054909
Tizi	4652433	0.0420998	35.3153808
Stok	6843488	23.1109739	53.3702731
Noun	2751229	10.8568723	5.5941803
Knox	181598	-99.6912924	48.3452410
Puth	3463792	5.8701742	50.9602547
Cuyo	3629373	120.6460194	11.0092935
Knox	188244	-79.5355931	41.2323838
Vert	75049	1.6831828	48.9427524
Lazy	3656250	24.1461122	48.7120816
Oriv	4675017	23.5218392	49.1931948
Vium	6529648	9.3783837	56.3279253
Uzem	6845673	22.4411503	42.2253751
Tuin	6435123	21.0642360	41.6213755
Poum	6478667	20.7145393	41.2884276
Azov	3946989	37.8628512	47.1569298
Gory	5463869	30.9743564	59.7517872
Azov	4477158	37.1150026	47.4531309
Vert	1966999	-0.6157403	44.0951929
Lynn	127821	-84.9422675	40.0470495
Piłatka	3437721	21.2863073	51.1599485
Kłonice	5721159	16.1422873	50.9944424
Łebki Duże	6894273	22.1613852	53.4982907
Doux	3267536	4.4308302	49.5190480
Chłodne Włóki	6845494	23.7346250	53.2198042
Thou	165386	2.8932955	47.5842391
Toon	6242834	-10.0947997	51.9716069
Ture	5752086	-7.5353932	54.0941776
Nižná Boca	2230951	19.7646340	48.9459328
Tray	5280511	-6.7151964	54.3513145
Norr	5525167	12.6571420	56.0687100
Quay	5442787	-6.1001747	53.4892060
Melčice	1796211	17.8716911	48.8624144
Lynn	4143388	-7.3577439	53.4939522
Budička	2264979	19.0141005	48.5993950
Yass	6074667	148.9077950	-34.8290025
Tray	5677872	-6.6519715	54.0393700
Ture	5508639	-7.2639513	55.1075543
Pio X	2450369	-51.1889425	-29.1586657
Wayo	6074649	149.6244651	-34.6265760
True	5467539	-6.6772924	54.4759037
Wool	5656524	-2.2473120	50.6899850
Dolní Neděliště	430464	15.7844436	50.2702933
Habřina	430241	15.8216413	50.3295759
Ture	5648547	-7.2187810	54.1425504
Možděnice	429223	15.7938811	49.7656319
Břuchotín	432615	17.1765795	49.6202231
Ture	4133642	-7.8830156	54.2831270
Tyra	434066	18.6303091	49.6044956
Desná II	430321	15.3257542	50.7559123
Přišimasy	427886	14.7645366	50.0556495
Lazy	424338	12.6401628	50.0605472
Mlečice	433562	13.6914747	49.9188685
Prašný Újezd	424510	13.6581808	49.9140982
Musk	2755951	144.1830792	-37.3514451
Lylo	5342414	-6.3945963	54.4303815
Metz	6063672	151.8350454	-30.5797491
Woko	6063897	151.8486940	-31.8154016
Ruszów	6062641	15.1401014	51.3869995
Żakowo	6921318	17.7821673	54.2606540
Stok	4337290	20.0827942	51.3521397
Wąbnice	6231445	17.3386490	51.4981832
Lynn	110361	-87.5579266	34.0615585
Zakącie	7594845	22.2569101	51.0374333
Vers	3303131	4.8559346	46.5825164
Prey	74860	1.2225603	48.9557935
Vers	123477	1.5423375	44.4927082
Mylo	181688	-99.6183394	48.6356009
Metz	141496	-94.4429515	37.9969785
Stok	7769778	22.0909766	51.3543493
Ruszów	7158000	23.3229874	50.6416557
Thou	907641	2.6770135	47.4221042
Uret	6611115	16.1580040	58.5730554
Prey	1738752	6.6862819	48.1791144
Stok	3523428	15.3189454	52.2931159
Pulo	2552612	120.7720835	14.7615826
Pont	155959	5.3277517	47.1818233
Piłatka	7447389	22.4718087	50.8068076
Doux	149207	0.0089419	46.7397953
Vers	88958	6.0222363	46.0904891
Prey	125234	6.6890947	48.1768459
Rute	347024	-4.3495155	37.3437232
Yura	1887824	-71.6140730	-16.1602144
Pusi	1913514	-69.9749807	-15.4561481
Bzou	2887243	-7.0499573	32.0932171
Calçada	4868888	-9.1550948	38.6351175
Okny	7407153	29.4695571	47.5462669
Taučiliškių ež.	3763795	25.1837968	54.8543073
Dębiaki	6991778	21.5568583	50.3469525
Metz	5524891	6.2128706	49.0887351
