Kyiv	421866	30.6146803	50.4020864
Lyon	120965	4.8298765	45.7577365
Guny	153002	3.2661254	49.5116330
Gizy	152986	3.7734320	49.6116900
Savy	153661	3.1974464	49.8350872
Urcy	138305	4.8455085	47.2647635
Ryes	279446	-0.6289507	49.3155071
Momy	2825803	-0.1015074	43.3887654
Oyeu	184521	5.4775484	45.4284529
Ugny	113069	5.7108394	49.4652665
Puxe	1440619	5.7834565	49.1513026
Mexy	113102	5.7900331	49.5026102
Bruz	107906	-1.7413420	48.0239541
Rumo	47201	10.9867109	46.4529596
Goux	124935	-0.0237873	43.6159162
Myon	453057	5.9394571	47.0079877
Pioz	347043	-3.1760547	40.4583056
Litz	898588	2.3161231	49.4278991
Konz	1255968	6.5993000	49.6791828
Lexy	113121	5.7280039	49.5017986
Pécsvárad	575323	18.4103752	46.1607518
Most	436570	13.6221620	50.5140342
Azur	75859	-1.2950221	43.7995847
Auty	133750	1.4674324	44.1897656
Busy	142074	5.9523727	47.1688644
Újdombrád	1453504	21.8724809	48.1849231
Äänekoski	1706579	26.0182193	62.7004933
Äänekoski	1200894	25.8225092	62.6995738
Słubice	2886252	14.5801982	52.3582606
Most	7304940	92.6060502	46.7437477
Duut	7304945	91.5179492	47.5169363
Yuki	2682937	139.8982887	36.1778015
Furu	4087789	140.2208088	43.1670344
Orlu	3717845	7.0409025	5.8178851
Olur	1832462	42.0953494	40.8487967
Osor	345514	2.5642988	41.9508308
Uzsa	1078477	17.3237955	46.9026979
Xove	340419	-7.5136878	43.6617092
Bubeneč	433262	14.4116809	50.1097624
Hudčice	441399	13.8999120	49.5311343
Szil	1483320	17.2395088	47.4882485
Visp	1685398	7.8672692	46.2869986
Solt	1130376	19.0520779	46.8055311
Bury	146927	-2.3268793	53.5895440
Yuki	2682923	139.8636723	36.2619385
West	1756045	4.8579406	52.3786174
Šitbořice	442307	16.7793460	49.0137193
Vomp	80241	11.5187842	47.4209064
Holedeč	439365	13.5691888	50.2767511
Puno	1907899	-70.0931931	-15.1497721
Yasu	812284	136.0267000	35.1077490
Moss	406087	10.6573032	59.4628882
Orlu	1837796	1.9476555	42.6581278
Hurt	206565	-79.2951287	37.0946509
Očelice	440079	16.0608293	50.2368456
Oetz	77815	10.9132094	47.2023838
Kübekháza	1025049	20.2992677	46.1593712
Avry	1683270	7.0597427	46.7898070
West	5400973	-9.1786393	39.3315978
Ptuj	1676350	15.8861078	46.4415680
Rohy	442174	16.0051084	49.3100163
Lyon	1663048	4.7359480	45.6963425
Yuli	3351539	121.3573443	23.3787703
Hory	436954	12.7841697	50.2070533
Silz	1424140	12.4621445	53.5224957
Suhr	1684435	8.0861482	47.3748210
Ñangapiré	3640604	-54.1313714	-32.5157572
Tsis	3821712	151.8244390	7.2982256
Ulul	3821715	149.6861922	8.5870243
Río Samalá	5311680	-91.7509549	14.2207940
Gouw	1161373	4.8327076	52.4463613
Zorg	4489766	7.4887122	35.8129860
Yoko	3820431	12.3324106	5.4448997
Wuni	4070573	-9.4047208	7.4134993
Skup	7248450	22.1425261	54.2276896
Limbé II	3834926	9.1441401	4.0351051
Bárgávrre	7183045	19.1030177	66.7585913
Luso	6021545	-8.3762707	40.3738396
Muro	5977690	-8.5936549	41.2959518
Marwałd	6856206	19.9694833	53.5009223
Stol	7226737	22.4744522	43.0372811
Sądrożyce	6240151	17.4455449	51.3380563
Zajączków	2847348	16.9423349	51.2318824
Uraz	2823048	16.8469919	51.2584787
Kiełcze	3525691	15.6448748	52.1997831
Działki	3804702	21.2123992	51.0382724
Poświętne	3193828	21.3538986	51.4732805
Daru-tó	3168510	21.3373899	47.5356242
Michały	5720549	19.2806571	52.1235195
Guwo	3721314	12.5078492	11.6336082
Rumo	3710697	8.8767310	11.4518289
Muku	3703480	8.9520724	12.5024370
Lott	113626	-97.0335493	31.2052405
Lac Ézémar	1468890	-74.1861780	47.1414023
개포동 (Gaepo-dong)	3880707	127.0614692	37.4820281
Suri	6744010	86.2674203	27.7217083
Qugu	2167756	103.4440589	31.8275147
Bumbăta	1661027	27.9563367	47.3393515
Rush	1210429	-2.3363030	50.9896909
Rifsæðavötn	7221585	-16.1244800	66.4323291
Oyri	2527982	-6.9585288	62.1899354
Olst	533780	6.1387039	52.3385605
Groß Düben	1310452	14.5787387	51.5553753
Černá Hora	438111	16.5783510	49.3943677
Symi	541610	27.8412352	36.5903748
Elías Piña	3420312	-71.7248933	18.9684756
Silz	77752	11.0096037	47.2264001
Bury	2989764	-0.5735717	50.9245101
Poświętne	6848034	23.0960997	53.5471143
Malá Víska	441866	13.8781217	49.7489882
Svet	3822948	37.6481866	45.0469380
Silz	1252775	7.9382031	49.1382810
Dłużniewo	7083457	21.9986247	53.1429836
Alakülä küla	352737	26.8669402	57.8686578
Kääraku küla	351587	27.0598548	57.6878431
Tupi	3028942	-47.5309090	-22.7328280
Vladiča	2321209	21.7868388	49.3218113
West	1395406	12.2669430	51.3183022
Konz	7166547	6.5917421	49.7001430
Aniołki	2642940	18.6289335	54.3646668
Nemčice	2209724	18.1266536	48.5484742
West	5623294	11.3255202	48.7636760
Ondrašová	2169474	18.7778636	48.9526919
Twin	110688	-87.8507677	34.0113785
Pahtpää küla	351356	27.3740572	58.0224713
Nová Ľubovňa	2276203	20.6843889	49.2677595
Ľutina	2277118	21.0512017	49.1682290
Luso	2260846	12.1705799	51.9500561
Počúvadlo	2257767	18.8417623	48.3767468
Runn	77643	15.6599141	60.5319804
Rosołówka	6529666	21.2505859	50.6271375
Bury	1835184	2.3588445	49.3127298
Wray	112381	-102.2203933	40.0824970
Głojsce	6323231	21.6170027	49.5717416
West	6584731	-97.0952505	31.8015309
West	5432694	6.9322198	49.2491677
Luhy	3656255	24.0255966	48.8368000
Sławiec	7082778	21.9168249	53.1747655
Visp	1686711	7.8664765	46.1175800
Poświętne	7093974	22.8310611	52.9222980
Černá Voda	438759	17.1518870	50.3077870
Rulo	169607	-95.4299151	40.0512565
Tuszów	6867311	22.5386596	51.0893402
Zajączków	7669126	22.0007053	51.1561804
West	6662080	5.2726517	51.6977352
Suszów	7046277	23.9492231	50.5312468
Oddział	4103890	20.6449206	52.0149208
West	6312404	10.5829489	5.5351270
Konz	721778	6.5589968	49.6674328
Nová Ľubovňa	2276178	20.6843889	49.2677595
Rush	5419983	-6.1097269	53.5243535
West	5776432	6.6126394	49.7522201
Konz	5781431	6.6026837	49.6921235
Roos	2310204	-7.6069172	53.7530549
Holedeč	425915	13.5762091	50.2682096
Šitbořice	432360	16.7793460	49.0137193
Ondrašová	2227587	18.7778636	48.9526919
West	2916667	6.8192951	51.2869682
Počúvadlo	2257752	18.8417623	48.3767468
Veľká Bara	2386214	21.7153701	48.4247164
Ruby	7430564	-59.4444037	13.1272552
Hudčice	425657	13.8999120	49.5311343
Tupi	3408976	-43.9255568	-19.8366335
Fafabhè	7657176	-12.2805537	11.2937662
Roos	5776571	-9.0471226	53.6243963
José Abrão	5539941	-54.6538008	-20.4204224
Erry	5535705	-7.8102644	52.5695068
Očelice	434910	16.0661864	50.2366744
Vladiča	2321157	21.7805651	49.2999880
Černá Voda	434216	17.1507768	50.3061921
Střevelná	430602	15.2819784	50.6549683
Luhy	435309	14.1897842	49.6661774
Ľutina	2277108	21.0512017	49.1682290
Działki	6891700	19.8232963	53.2488048
Sokolíčko	426354	15.6039415	49.3082652
Lobeček	428646	14.3174348	50.2547756
Rohy	428831	16.0051084	49.3100163
Domčice	432404	16.1748301	48.9445277
Černá Hora	428083	16.5783510	49.3943677
Malá Víska	425843	13.8753435	49.7780329
Kladná Žilín	429085	17.7997765	49.0907396
Chotěšiny	428378	16.2624730	49.9445315
Roos	582185	-0.0447372	53.7678229
Cury	5886014	-5.2483209	50.0557738
Nemčice	2209632	18.1266536	48.5484742
Beśnica	6891888	19.6871381	53.1337517
Zatt	3440354	-51.5126646	-29.1367576
Tupi	5216202	-46.4630960	-24.0200159
Lyon	109907	-90.5427927	34.2168815
Żuklin	6780729	22.4347427	49.9833178
Muro	73683	8.9149735	42.5455147
Górna Wieś	4239764	20.5435823	52.2182427
Zajączków	6243722	20.3487912	50.8501593
Zajączków	4398224	20.0495099	51.4164748
Puno	1913490	-70.0466348	-16.0669600
Kościejów	3504261	20.2710173	50.3343610
Poświętne	4144522	20.3629193	51.5363094
Ukum	3716098	9.6059233	7.6077265
Rzozów	3325997	19.7933117	49.9560516
Muro	342603	3.0918944	39.7588345
Górna Wieś	3290177	19.9310808	50.1609126
Ruth	176903	-81.9453126	35.3815660
Poświętne	3229436	15.3033650	51.4054223
Ruby	194055	-80.1777644	34.7445389
Zajączków	3780033	21.6668484	51.2414851
Sery	3283172	4.3658905	49.5904768
José Abrão	6190799	-54.6613826	-20.4175095
West	2401743	4.3865355	51.9118676
Muro	5768338	-8.3594855	42.0595617
Jarnołtów	2812438	16.8459310	51.1194402
Gałowie	5175016	20.0589508	49.3683798
Nyby	3082624	15.9957536	60.0285996
Zaxo	7462925	42.6932079	37.1529561
Usza	5760151	16.4315658	51.1388861
Orlu	1846709	1.9247338	48.3678849
Sery	3333585	3.6898527	47.6191228
Jarnołtów	3965025	17.2304079	50.3610082
Oiry	418196	4.0394610	49.0065429
Puno	1913513	-70.0414523	-15.8991653
Verbuškės	7035127	25.5272398	54.6550435
West	1426985	22.0886373	45.6325984
