Muzy	3310895	1.3296589	48.7763955
Féchain	56029	3.2104975	50.2698927
Éblange	115063	6.4861391	49.2211472
Youx	116490	2.8168943	46.1404196
Panchià	47044	11.5441249	46.2745049
Bélarga	163826	3.5002759	43.5545819
Bascapè	44604	9.3255888	45.2990623
Kočevje	1685728	14.8681494	45.6307761
Préporché	161135	3.8592230	46.9406899
Néfiach	274180	2.6588097	42.6960053
Araricá	242538	-50.9290785	-29.6439544
Báguena	339859	-1.3706321	41.0317118
Isábena	345764	0.5523399	42.2924312
Île-Molène	900558	-4.9599021	48.3963235
Vítějeves	441898	16.4656318	49.6119725
Lövőpetri	1452606	22.2007696	48.1801094
Kościan	2859128	16.6460888	52.0833694
Kościan	2715288	16.6460888	52.0833694
Ibicaré	296716	-51.3750632	-27.1155369
Uryu	4055640	141.9085137	43.8067090
Houéyogbé	2946425	1.8637310	6.5448685
Cercle de Settat دائرة سطات	5183474	-7.7538642	32.8833188
Emirdağ	1263757	31.3448550	39.0132627
Bálványos	1367844	17.9656330	46.7805850
Bakháza	1367978	17.3639326	46.1056271
Láncara	345249	-7.3855738	42.8503814
Rapšach	438441	14.9429291	48.8743128
Faraján	345408	-5.2040137	36.6136973
Ágfalva	1491394	16.5085647	47.6870300
Alsóújlak	1131460	16.8526388	47.0757819
La Brède	104341	-0.5325193	44.6773735
Oudoleň	440457	15.7590582	49.6647804
Cláudia	333678	-55.0666522	-11.4784465
Apiacás	333723	-58.0236926	-8.5799042
Kißlegg	2806740	9.8828791	47.7873999
Hostišová	440747	17.5912202	49.2514466
Uzyn	3811862	30.4322746	49.8295816
Luženičky	439202	12.8974408	49.4636652
Pačejov	438209	13.6164701	49.3751930
Vitčice	436814	17.2432199	49.3103040
Kelčany	441119	17.1775472	49.0071728
Großpösna	283733	12.4752084	51.2562197
Susz	2985059	19.3307021	53.7123023
Rychwał	2705480	18.1714624	52.0724412
Capiatá	3710869	-57.4432832	-25.3734604
Dajabón	7187300	-71.6223158	19.5709109
Uryu	4085230	141.8381770	43.6766100
Gädheim	387768	10.3902923	50.0302507
Hřivice	439363	13.7263508	50.2850074
Kőtelek	1325326	20.3903160	47.3355755
Reißeck	396668	13.2815068	46.8963936
Żukowo	3090305	18.3593937	54.3448054
Dajabón	3412367	-71.5713113	19.4376173
Bagamér	1452162	21.9765020	47.4622498
Choachí	1419938	-73.9205460	4.5775944
Oziabły	7006697	23.6740945	53.0154463
Vëndreshë	1252298	20.1207102	40.5241633
Malečov	440263	14.1680737	50.6167749
Lac Écho	931638	-78.5927856	46.6565477
Jämnesjön	4589290	12.9240602	58.1124752
Öradasjön	2296263	13.0579537	56.7850698
Bråtasjön	2349800	14.6614638	57.1205964
Skärgölen	910940	16.1305233	58.7214586
Jacareí	298234	-46.0044918	-23.2961665
Maracaí	298457	-50.7008410	-22.6565000
Älingsjön	2556463	15.9424527	58.9751119
Lajedão	362160	-40.3285966	-17.5630000
Zabłoto	5947280	16.6054397	51.0639929
La Tâche	1268205	0.3634197	45.8687047
Orošjávri	5343055	29.7062256	70.5586261
Zuwo	3710832	8.1862018	11.7679766
Tokombéré	3749359	14.1282404	10.8710365
망우동 (Mangu-dong)	3882921	127.1075935	37.6007912
Lac Écho	900097	-74.0226082	45.8870068
Žindulių ež.	7135004	25.0124247	54.9813361
Çalkara	1689031	30.3844976	39.9811804
Wisłoka	3540488	21.4062490	50.0662394
Wisłoka	3971596	21.3895355	50.0576755
Wisłoka	165321	21.3756755	50.0433596
Wisłoka	3540482	21.3497143	50.0241325
Wisłoka	165226	21.4244365	50.0865974
Embaúba	298491	-48.8381915	-20.9535001
Lac Élie	1503950	-72.3392490	47.5246835
Żyliny	6801454	22.7910023	54.0751237
Machalí	1664171	-70.2361099	-34.3564178
Torsanpää	7286421	29.0468775	61.4656520
Horní Meziříčko	437504	15.2435040	49.1646740
Staré Hutě	437028	17.2790478	49.1408940
Żukowo	7634304	17.8119485	53.7200150
Bašovce	2204223	17.8083441	48.6307480
Bicuíba	6130524	-42.3299367	-20.0945000
Heßloch	4519641	8.2930195	50.1088788
Jacareí	5349653	-46.0115059	-23.2858723
Caféier	4525195	-3.9715850	5.3949091
Jõeküla küla	354724	26.0552681	58.8613735
Jõeküla küla	355235	25.1236835	58.7936118
Embaúba	5683091	-48.8381915	-20.9535001
Pärnjõe küla	350618	24.9314206	58.6361526
Rajčany	2209698	18.2325557	48.6144394
Pühajõe küla	355478	27.5274599	59.3802984
Weißack	3562319	13.6826793	51.7464330
Kálnica	1558827	17.9660256	48.7497205
Kolačno	2186303	18.4116728	48.5822863
Súľov-Hradná	1857556	18.5822597	49.1507630
Jõeküla küla	355108	25.9082904	58.4100505
Jõeküla küla	352657	22.8760000	58.8432133
Ibirajá	5268353	-40.2270405	-17.0973694
Lajedão	6585834	-40.3285966	-17.5630000
Veľký Lipník	2276202	20.4968803	49.3543418
Caneças	6522462	-9.2213420	38.8165498
Maracaí	5684915	-50.6647715	-22.6158097
Sečovce	2386325	21.6644236	48.7033912
Chrámec	2274780	20.1729405	48.2720469
Järveküla	355101	26.1629158	58.3118488
Girėnai	6955558	23.0715699	54.9591555
Dąbrowo	6907341	20.0459414	53.5012802
Kiślaki	7091413	22.7082651	53.2216295
Małkowo	6908220	18.3409477	54.3704477
Mściwojów	5597926	16.2636397	51.0421657
Mālpils	2586880	24.9517566	57.0068299
Rencēni	1898607	25.4317222	57.7302002
Grywałd	4565831	20.3693156	49.4616883
Białuty	6637609	20.3699700	53.2070356
Xã Trung Lập Hạ	7629290	106.4616502	11.0204795
Bišumuiža	1726818	24.1378926	56.9052526
Iļģuciems	1208377	24.0619268	56.9672366
Capiatá	7284099	-36.6624022	-9.7413519
Bašovce	2204184	17.8083441	48.6307480
Caxangá	4274658	-34.9519348	-8.0286117
Mliečno	2206657	17.3515171	48.0041428
Rajčany	2209644	18.2325557	48.6144394
Kolačno	2225732	18.4116728	48.5822863
Súľov-Hradná	2226103	18.5822597	49.1507630
Chrámec	2274603	20.1729405	48.2720469
Vaňovka	2166340	19.3439714	49.3512715
Veľký Lipník	2276191	20.4968803	49.3543418
Žitná u Březové	424509	12.6245835	50.0643635
Chrámce	427027	13.7730381	50.4707939
Vědlice	427276	14.3577152	50.5309351
Sečovce	2386198	21.6644236	48.7033912
Malečov	423239	14.1173370	50.6319790
Dolní Chrášťany	436673	14.2096124	49.0090475
Oudoleň	433216	15.7590582	49.6647804
Pačejov	424146	13.6296322	49.3809058
Nový Vojířov	426356	15.0431125	49.0247319
Vítějeves	430521	16.4656318	49.6119725
Třenice	425793	13.8218746	49.8600678
Mýšlovice	423604	14.0522343	49.6131612
Mokřice	436419	14.2769343	49.5780816
Kelčany	429060	17.1775472	49.0071728
Hostišová	429692	17.5912202	49.2514466
Horní Meziříčko	426364	15.2435040	49.1646740
Luženičky	424602	12.9050759	49.4621034
Černé Budy	431869	14.8917352	49.8819050
Rapšach	427256	14.9509721	48.8621466
Hřivice	425750	13.7239299	50.2807560
Phường Hiệp Thành	6928156	106.6379922	10.8801057
Phường Đông Hưng Thuận	6928153	106.6303105	10.8406457
Loučka I	428096	17.8738680	49.1647466
Białuty	4239750	20.6024774	52.2227286
Baraguá	5887664	-78.5176804	21.7103886
Agerbæk	7006009	8.7965748	55.6016932
Mierzeń	3564029	20.1749969	49.8554419
Zuru	3707954	5.2311774	11.4367760
Rzemień	6994064	21.5380367	50.2371917
Pawłowa	6795954	22.7828199	50.2478104
Bägaren	6612184	16.1759129	58.5940564
PAROBA	5130990	120.6097560	14.9634631
Chełmińska	2347946	18.7409552	53.4703884
Połom Duży	6077804	20.4587182	49.8833763
Meškiai	3662942	23.1592537	55.8721113
Îlot Sacré	7058429	4.3543426	50.8481265
Girėnai	6958990	22.0188928	55.6291856
Girėnai	6954320	22.7386565	54.5225370
Raišiai	2983003	25.6235527	56.0894568
Raišiai	5403597	25.1698707	54.6898064
La Plaça	5900819	3.0671680	42.0891594
Šėkinukas	6740473	24.5883370	54.0164065
Lot 52	2256596	-62.6747131	46.2426405
Lot 61	2256605	-62.5382360	46.1100057
Lot 43	2256587	-62.3593105	46.3393499
Lot 42	2256586	-62.4870103	46.4239179
Lot 25	2256567	-63.6553927	46.3879012
Lot 16	2256557	-63.8571863	46.4871922
Lot 15	2256556	-64.0989783	46.4450526
Lot 51	2256595	-62.7260936	46.2263872
Lot 60	2256604	-62.8856534	46.0170547
Lot 34	2256575	-63.0959958	46.3559307
Lot 24	2256566	-63.2771109	46.4055124
Lot 33	2256574	-63.1946772	46.3982323
