Bahia	362413	-42.4331556	-13.4463967
Étaples	157543	1.6556268	50.5249216
Malloué	186960	-0.9514556	48.9448153
Espanès	160891	1.4897387	43.4514895
Élesmes	55148	4.0162421	50.3063349
Béguios	2646516	-1.0957018	43.3531989
Néville	157292	0.7093917	49.8277886
Bétheny	418697	4.0605703	49.2986325
Lucarré	2825664	-0.0886154	43.4021052
Égligny	1388171	3.1290575	48.4366257
Vendôme	276769	1.0541210	47.7996319
Carnoët	452522	-3.5176440	48.3569304
Étampes	1229908	2.1537351	48.4225128
Poligné	140819	-1.6923373	47.9000700
Gréalou	123061	1.8752298	44.5401429
Moléans	1753468	1.3938616	48.1143805
Crégols	122571	1.6722418	44.4303443
Thoigné	109621	0.2474438	48.2862445
Véranne	907051	4.6420005	45.3724477
Détrier	104435	6.1011878	45.4467149
Neuillé	905054	-0.0192329	47.3321346
Brûlain	146760	-0.3115811	46.2024187
Arrènes	118089	1.5732272	46.0714245
Ménoire	1108654	1.7924845	45.1059481
Domžale	1675866	14.6264771	46.1504919
Adana	167216	35.3467421	37.3344374
Niebüll	1428482	8.8057363	54.8003487
Gajac	111010	-0.1349002	44.4368294
Sástago	342082	-0.2456204	41.3514573
Messemé	146151	0.1697976	47.0098812
Aguilón	347581	-1.0165057	41.2903439
Astillé	1993523	-0.8498912	47.9593235
Lörrach	2787952	7.6845025	47.6346678
Aguatón	345069	-1.2280349	40.6615841
Mormaço	242769	-52.6549502	-28.6827422
Toéghin	5257772	-1.7094825	12.7828716
Valréas	181313	5.0071028	44.3786624
Masléon	116134	1.5759261	45.7686350
Estaràs	346867	1.3906894	41.7047591
Hodonín	442526	17.1189193	48.8582848
Hodonín	440223	15.7908355	49.8251028
Świecie	2616331	18.4253163	53.4034438
Baktüttös	1356969	16.8244684	46.6981576
Gémenos	93964	5.6427363	43.2970236
Molnári	1320765	16.8437832	46.3824254
Hüffler	1246481	7.3891128	49.4945405
Préjano	345666	-2.1839364	42.1639640
Banca	229832	-1.3695794	43.0915617
Börfink	1244277	7.0644990	49.6940883
Roßwein	415417	13.1868222	51.0801124
Temelín	437639	14.3757898	49.1804971
Šedivec	440530	16.5307087	50.0483679
Bièvres	150418	3.7141802	49.4925262
Totalán	347399	-4.2946168	36.7587289
Dombühl	534091	10.2970387	49.2568378
Çukurca	1776630	43.7204329	37.3518505
Yajalón	6000226	-92.3520906	17.1773814
Dadal	7304539	111.3863704	49.0335965
Paraíso	5961529	-93.1883587	18.3623055
Numarán	5606103	-101.9682452	20.2583311
Coveñas	2460349	-75.6397894	9.4114620
Bednáreček	437480	15.1445259	49.2052279
Frahelž	437309	14.7309667	49.1167854
Bedia	344678	-2.8155014	43.1996359
Aknīste	6881375	25.7448716	56.1601891
Kürnach	182347	10.0525698	49.8393941
Lankoué	5193116	-2.5830166	13.2480632
Währing	1990600	16.3216336	48.2340926
Děhylov	437691	18.1717817	49.8716567
Quípama	1344976	-74.1775416	5.5513298
Újszilvás	1323405	19.9375012	47.2642526
Brüheim	2818241	10.5747283	51.0089216
Bolívar	1316581	-74.2321923	8.9016458
Śmigiel	2715291	16.5184095	52.0103137
Volárna	441290	15.2355948	50.0906660
Janduís	301220	-37.4740780	-6.0021573
Kolešov	442379	13.5064675	50.1518447
Le Tâtre	127711	-0.2041063	45.3985479
Flüelen	1683072	8.6432326	46.9129722
Počedělice	439285	13.8858110	50.3885736
Šemnice	439523	12.9676419	50.2399990
Soběnov	438446	14.5471539	48.7657117
Übersee	941735	12.4744743	47.8279915
Lankoué	5193120	-2.5945347	13.2099900
Agüimes	345127	-15.4520104	27.8979354
Pöcking	932449	11.2805152	47.9736110
Újbarok	1370216	18.5541668	47.4824993
Nagysáp	1027784	18.6044372	47.6852982
Huánuco	1954493	-75.8050003	-9.4028878
Les Mées	1814990	5.9674335	43.9955443
Itaporã	333989	-54.8749601	-22.0016621
Tolmács	1322030	19.1077092	47.9290061
Urucará	332470	-58.7882777	-1.2498408
Cörmigk	2153092	11.8406232	51.7263966
Cörmigk	2338538	11.8407828	51.7271104
Banda	1959820	80.7204706	25.4045994
Savièse	1685372	7.3332725	46.3039001
Paraíso	296587	-53.6552285	-26.6646637
Lac Suré	2503709	-74.0844050	49.3214545
Lac Mésy	1594255	-71.6630896	48.2590694
Björken	2537802	17.3629156	58.8595109
Paraíso	298058	-48.7628824	-21.0185000
Sørtjønna	5711203	12.0854052	65.0779842
Björken	2598012	16.6154825	59.1722255
Dalsjön	6114107	16.7757698	59.0435070
Janówek	5344599	20.7211491	52.3481181
Genísio	5718277	-6.3770111	41.5661161
Abela	6445132	-8.5210232	37.9999126
Łogdowo	6856209	20.1402376	53.4528824
Manjärv	2341112	20.5847815	65.7703181
彩云湖 Caiyun Lake	6145715	106.4804477	29.5130605
Morpará	362188	-43.0389556	-11.7920001
Janówek	6376576	16.8399581	50.8437974
Dawidów	3200141	21.2643128	51.4230191
Chodków	3348547	21.3748981	51.6718014
Nagodów	5387527	19.3721031	52.1927968
Woźniaków	5722495	19.3132655	52.2202835
Hedsjön	5956006	17.2952133	58.9777550
Río Tafi	5393771	-65.7136618	-26.8533878
Świecie	6898799	19.5371986	53.2850901
Maresúa	4467993	-67.0608754	18.0801459
Gadai	3721274	12.9783412	12.4236508
Gadai	3722350	10.2783098	12.2644442
Gebbe	3708031	4.5749675	10.9811469
Damba	3707424	5.2254631	13.5819636
Gebe B	3707461	6.5920403	13.1742074
Paraíso	6282277	-83.8498215	9.8429862
Bolívar	6927069	-84.3014974	10.1344734
Nápoles	3488940	-75.1603040	9.4502725
Lake 8	7394024	-96.5846359	41.4501333
Uçhisar	1774228	34.7903607	38.6260765
Örencik	4099063	37.6965757	40.9153166
Gadha	7600523	86.4886290	26.6663123
Bolívar	1900629	-79.1715153	-6.9773456
Lake 9	3892012	-2.3982246	53.6166141
Maafa	5195796	5.8813930	35.2768523
Bièvres	29244	2.2070141	48.7565265
Pokośno	6847611	23.2012478	53.6031542
Étampes	1638672	2.1803266	48.4393295
Swołowo	6434263	16.8418493	54.4748710
Maxcanú	5961516	-90.0768895	20.5964732
Mażucie	7245698	22.1837661	54.3340453
Avrillé	179337	-0.6019801	47.5025353
Hodonín	438094	16.4111325	49.5017664
Vendôme	1664358	1.0008401	47.8660838
Lillöna	2248902	12.1158759	59.3758423
Helgøya	5432199	4.9478511	61.4975573
Helgøya	6840987	10.9731648	60.7365227
Austvågøy	4148161	14.5746821	68.3220983
Sørarnøya	4844632	13.9563502	67.1377855
Bergøya	7827648	9.1305035	58.6539266
Río Budi	6702766	-73.2749631	-38.8335727
Seidões	4174004	-8.1171921	41.4069189
Páramos	4719192	-3.8826782	42.7405698
Janówek	6826896	23.0404222	53.6898986
Comerío	4468406	-66.2184657	18.2250813
Maxcanú	6417273	-90.0002583	20.5850837
Belaa	1618501	5.8690571	36.2206940
Järve küla	355616	27.3117507	59.4064434
Järsi küla	353277	25.9977618	59.0681151
Boêmios	7337319	-51.0262528	-29.3500150
Bründel	2217105	11.6408713	51.7499217
Astráin	6289214	-1.7456668	42.7441068
Itaporã	6171755	-39.1345672	-12.6128641
Janduís	6236942	-37.4740780	-6.0021573
Põima küla	354883	26.0084550	59.3278836
Myśliszów	7690947	16.6430318	50.6660730
Kõola küla	352319	26.3190446	58.8331205
Läste küla	354498	25.8002234	59.2746494
Järve küla	354679	24.1525544	58.6197125
Subaúma	6156464	-37.8720535	-12.2886085
Adana	6882285	-2.4775860	42.8074675
Rogäsen	6085232	12.3574938	52.3236874
Aicha	1529970	11.6431665	46.7773649
Labrujó	5713312	-8.5387251	41.8527754
Järve küla	353527	22.2644771	58.1992610
Telgárt	2265943	20.1995231	48.8483800
Jõuga küla	355404	27.3940313	59.1536935
Järsi küla	351181	25.0380608	59.3594664
Põdra küla	351415	27.0723302	58.4904373
Urucará	6255488	-58.7882777	-1.2498408
Aturiaí	6437361	-46.5352628	-1.0891781
Itaporã	4111099	-54.7961151	-22.0766908
Välta küla	350954	23.1460035	58.4739584
Beňadiková	2169257	19.6867144	49.0812180
Paraíso	6021199	-8.3228038	41.0057701
Paraíso	5683206	-48.7628824	-21.0185000
Krškany	2217964	18.6809555	48.2209800
Milhosť	2384684	21.2790402	48.5334165
Łapiguz	7704605	15.6773802	50.9144154
Mögelin	6854387	12.3657709	52.5676954
Île Nord	5999236	-16.5045130	16.0322410
Põdra küla	354995	26.8162520	57.6679268
Bolívar	6882648	-2.6163458	42.8074334
Łapiguz	3851454	23.2826798	50.7571177
Südfall	3788047	8.7257352	54.4651095
Janówek	4254951	20.8168934	51.9957017
Annobór	7793325	22.5922643	51.4257873
Grechów	3778504	21.4489968	51.1035613
Huánuco	1954498	-76.2128771	-9.8122696
Aqaba	2926345	35.2055904	29.9750962
Czachów	6564186	21.7083159	50.9125880
Bièvres	3258254	5.2774350	49.5562655
Janówek	6866899	22.7876350	51.1613520
Sapiãos	4179938	-7.6242518	41.7131444
Les Mées	107638	0.2330526	48.3117971
Janówek	6630151	20.9002687	51.8754402
Düsedau	2843645	11.7951020	52.7688847
São Gens	4174016	-8.1147097	41.4437484
Závodie	1859534	18.7052163	49.2183061
Üfingen	3409905	10.4083394	52.2089410
Šķirotava	1143428	24.2115875	56.9187818
Paraíso	6563692	-44.1266508	-22.5501175
Šapinec	2321579	21.5224103	49.1982676
Jilmová	433127	13.2192193	50.5214560
Paraíso	5913768	-48.1752950	-18.6399886
Önnered	2075133	11.8701106	57.6409590
Düsedau	5444298	11.8044097	52.7598618
Hodonín	429484	17.1189193	48.8582848
Paraíso	3408901	-43.9048806	-19.9224534
Telgárt	2265932	20.1995231	48.8483800
Milhosť	2384596	21.2790402	48.5334165
Füchtel	1402763	8.3116628	52.7290192
São Ciro	7308907	-51.1409484	-29.1360369
Négueya	6245912	-13.4861525	9.7926544
Paraíso	3658741	-51.0175768	-26.7834871
Paraíso	7113992	-44.8671315	-20.1735631
Volárna	427337	15.2355948	50.0906660
Daliměřice	426890	15.1460494	50.6030976
Šemnice	424923	12.9807281	50.2336941
Paraíso	4231686	-56.0567009	-15.5437861
Mokřiny	431553	12.2172174	50.2072716
Passaré	5522175	-38.5295924	-3.8123154
Paraíso	4266567	-102.2219057	17.9894103
Počedělice	435609	13.8893211	50.3804719
Kolešov	425338	13.5064675	50.1518447
Pejškov	434479	15.1322077	49.4539710
Dolánky	434855	15.0006402	50.3916071
Staré Hraběcí	431208	14.4036529	50.9810182
Paraíso	5153935	-52.5844227	-27.0894823
Paraíso	5522041	-43.5927777	-22.8209978
Bolívar	5410122	-84.0891451	9.9283830
Děhylov	434586	18.1717817	49.8716567
Temelín	435021	14.3351303	49.1991399
Paraíso	1887706	-41.1238568	-20.8629297
Malonín	429966	16.6267863	49.6434613
Soběnov	435296	14.5471539	48.7657117
Hvožďany u Úněšova	424206	13.1292529	49.8747235
Chválov	434936	14.4552338	49.5490747
Åbylund	6315798	18.0977253	59.1315347
Šedivec	429066	16.5307087	50.0483679
Polínka	435200	13.0559598	49.9397590
Pohodlí	429982	16.2921983	49.8133345
Záhorie	2206946	17.2202672	48.5398739
Bednáreček	431046	15.1445259	49.2052279
Frahelž	432532	14.7309667	49.1167854
Beňadiková	2230921	19.6867144	49.0812180
Paraíso	7403428	-49.4034591	-28.6880947
Örencik	4073134	36.9079424	40.9575360
Koźlice	6105747	16.2268855	51.4506119
Berejów	7791442	22.7447190	51.5096935
Czachów	4477201	20.9227188	51.8302154
Gilówka	3887904	20.5216285	51.5652556
Jeßnitz	4576671	14.2717046	51.2519719
Bolívar	108899	-79.0576234	-1.6751891
Świecie	6075317	15.2901080	50.9822025
Avrillé	154339	-1.4965487	46.4743044
Trzeboś	6896686	22.1640205	50.2044541
Koźlice	6078431	14.9979366	51.1062876
Bolívar	1967968	-77.7328692	-7.3078021
Åsunden	6816	15.8166921	58.0262333
Bolívar	1461292	-76.3504161	4.3633748
Janówek	6863127	22.7433845	51.2618501
Bolívar	1554702	-76.9925140	1.8730109
Annówka	7816116	22.4841743	51.6681266
Janówek	3886987	20.5687716	51.4995580
Génesis	5307329	-55.9491811	-27.4262404
Rabuços	6304089	-8.4566070	41.4087888
Gördeln	6612185	16.1783740	58.5927875
Björken	6612181	16.1802400	58.5938427
Paraíso	5255614	-64.3151488	-33.1151923
Corsães	5756821	-8.2567794	42.1041238
Catriló	4029194	-63.4228982	-36.4089448
Bolívar	3410721	-61.1143730	-36.2326650
Janówek	2939557	15.7575038	50.9950652
Bolívar	1315085	-74.1858763	6.0550314
Koźlice	6099615	15.8929816	51.5987752
Paraíso	7394881	-71.2101684	18.0350910
Bözberg	2743442	8.1485826	47.4859175
Åsunden	3988320	13.3856365	57.7396649
Paraíso	2033920	-79.9235032	-2.1715944
Dörflas	3536233	11.6934270	50.5789546
Bolívar	4503237	-66.6355901	-18.0133407
Huánuco	1954532	-76.2880399	-9.9105821
Bolívar	2574702	-55.7290639	-34.2228524
El Peñol	1320710	-77.4245482	1.5241241
Córdova	1933587	-75.1578755	-14.0078360
Bolívar	2269155	-63.4467023	6.0302009
Cấm Sơn Lake	6606402	106.5591361	21.5316375
Bolívar	1967983	-77.7497983	-7.2597238
Gistaín	341527	0.3245119	42.6516884
Bolívar	114042	-77.9358506	0.4726349
