Lucca	42659	10.4630284	43.8589034
Résigny	150389	4.2093257	49.7410731
Lhasa	2745046	91.3873307	30.1498820
Étevaux	153151	5.3204194	47.3231690
Étormay	146143	4.5833662	47.5977744
Esténos	1452081	0.6369226	42.9424117
Ambax	1412652	0.9391801	43.3691348
Jayac	2574214	1.3507783	45.0292793
Écoyeux	138501	-0.5227294	45.8148812
Emden	62562	7.1969570	53.3645167
Ginai	3219846	0.2103084	48.7447131
Arbas	391172	0.9028116	42.9924910
Étrigny	3336330	4.7916600	46.5906589
Albay	1504625	123.8134696	13.2363068
Kasai	3652373	21.1234899	-4.8740863
Hadol	941014	6.4803600	48.0847183
Cachy	1734889	2.4808479	49.8562485
Dasle	122838	6.8990358	47.4824015
Cahon	421297	1.7231622	50.1219037
Cogna	960186	5.7728575	46.5866164
Aunac	1267795	0.2524194	45.9151667
Haget	125037	0.1640983	43.4164437
Lahas	228339	0.9046948	43.5645550
Fournès	384220	4.6040110	43.9366420
Aizac	2574554	4.3332226	44.7190856
Timóteo	314626	-42.6060717	-19.5539840
Chita	1846012	113.4050512	52.0279939
Aigre	111350	-0.0003517	45.8878564
Vélieux	123809	2.7452748	43.3929268
Cauna	75938	-0.6168244	43.7890217
Chisa	2109549	9.2652995	41.9130555
Lafat	118816	1.6054548	46.3382429
Baule	150877	1.6693152	47.8090884
Mende	287404	3.4584062	44.5346911
Luzillé	1580956	1.0571409	47.2656755
Afula	1380226	35.2859704	32.6087275
Shaka	3306774	35.4304974	7.5109452
Jiali	2374640	120.1820572	23.1647263
Ngara	1600821	30.7070193	-2.5695274
Ileje	1600772	33.3416338	-9.4323252
Urueñas	344787	-3.7589672	41.3595510
Alcoi	347424	-0.5288740	38.6815439
Crema	44777	9.6847676	45.3660026
Geria	344808	-4.8829784	41.5842120
Salce	342527	-6.2312378	41.2773029
Dogna	179123	13.3471486	46.4532381
Bogel	540446	7.7999447	50.1828887
Baren	1452240	0.6351903	42.8667096
Ofena	41941	13.7581148	42.3169732
Renac	961135	-1.9532799	47.7220068
Cagno	46189	8.9137618	45.8080188
Terezín	439230	14.1533750	50.5132839
Anoia	2808804	1.5745883	41.6149897
Vaale	448608	9.3562587	53.9984986
Torelló	343668	2.2679946	42.0365263
Aubel	2399277	5.8395055	50.6968124
Cserkút	575249	18.1302137	46.0672840
Vinaròs	346364	0.4310796	40.5131538
Molvány	575289	17.7471686	46.0286604
Hidas	575283	18.4990860	46.2716069
Pacsa	1358255	17.0254628	46.7143025
Mdina	5973479	14.4027386	35.8858588
Újudvar	1358075	16.9956746	46.5452044
Teana	40297	16.1420875	40.1249221
Sacco	40472	15.3938515	40.3827122
Guiba	5709311	-1.1750105	11.6287401
Hamme	3893768	4.1202841	51.0881544
Hamme	913860	4.1473630	51.0719627
Ubide	343781	-2.6912374	43.0302944
Piana	1112167	8.6303744	42.2231997
Erice	39450	12.5910938	38.0126120
Zülpich	158138	6.6585914	50.6931153
Jafre	340345	3.0123892	42.0737817
Blízkov	441683	15.9064076	49.4101878
Sazomín	441680	15.9688183	49.5070340
Zambrów	3091173	22.2372934	52.9758333
Zambrów	3091168	22.2372934	52.9758333
Lazníky	438376	17.4679490	49.5255042
Kaafu	6599423	73.5763666	4.3267478
Demen	449932	11.7195484	53.6356829
Cadix	1623756	2.4742070	43.9737892
Kröppen	1251155	7.5200373	49.1533380
Halen	1204552	5.0882128	50.9539269
Halen	4483551	5.1073913	50.9384339
Kaman	1830537	33.7246156	39.3254621
Sabra	3935866	34.4486275	31.5081171
Biger	7304796	97.1039624	45.7070488
Yolombó	1307275	-74.6304560	6.6685477
Patzité	377420	-91.1939516	14.9673748
Ataco	4047308	-75.4862913	3.4344676
Cobli	2845193	0.9364297	10.4791862
Ayala	5605566	-98.9799888	18.6968614
Jalpa	5605910	-103.0076986	21.6305514
Basco	1513433	122.0203030	20.4761532
Balya	1588165	27.5747663	39.7980315
Kasai	4068770	143.1513299	42.6463709
Sürmene	1236153	40.0595563	40.8091062
Kahta	1825793	38.7057911	37.8000336
Patca	1367942	17.7205204	46.2835146
Djibo	6195294	-1.6043950	14.1588629
Davie	117956	-80.2841090	26.0757290
Lucca	42614	10.4531518	44.0176138
Ahlen	152285	7.8933347	51.7655865
Geisa	2898842	9.9286013	50.6921290
Geisa	3516828	9.9505914	50.7203547
Aduna	347527	-2.0594042	43.2139854
Rajka	1492741	17.1847752	47.9849393
Neuquén	1606727	-69.5416632	-38.5753381
Oelde	151333	8.1434185	51.8289338
Jince	441426	13.9720262	49.7805811
Chaon	280547	2.1615853	47.6099333
Pasca	1413207	-74.2771412	4.2973966
Kella	2813148	10.0845770	51.2319119
Carme	344069	1.6300196	41.5314533
Božejov	441091	15.1579972	49.3538800
Döbritz	2179159	11.6434601	50.6919218
Rušinov	440449	15.6934985	49.7906363
Lanžhot	442285	16.9597965	48.6834235
Aiken	193854	-81.7521537	33.5308566
Anoia	39624	16.0610790	38.4486550
Liboc	428369	14.3157811	50.0927995
Barra	380646	-7.4694392	57.0016155
Wilanów	2536108	21.1090616	52.1512886
Grana	43952	8.2950646	45.0027001
Zsédeny	1131356	16.9069986	47.3332325
Keene	451336	-72.3043776	42.9521390
Splügen	1684172	9.3226177	46.5417225
Sobůlky	440861	17.0829042	49.0173644
Všenory	442231	14.3051830	49.9294292
Belau	310408	10.2452407	54.1144359
Craco	40462	16.4462169	40.3698592
Božanov	440660	16.3516904	50.5217969
Uniejów	2618456	18.8022467	51.9687715
Boedo	2222296	-58.4188669	-34.6304034
Kuf Ab	6565109	70.7460238	37.9272864
Awdal	1720051	43.5174292	10.6937247
Aybak	6582962	68.0228143	36.2140935
Arafo	345078	-16.4402663	28.3585712
Dohma	534519	13.9629765	50.9057332
Andau	105091	17.0406025	47.7688552
Allan	89391	4.8014439	44.4969174
Halki	5321667	27.5703654	36.2270785
Chita	4567404	136.8316379	34.9699510
Demen	5615382	110.0959833	-7.8879681
Sakai	358759	135.5066876	34.5192249
Kasai	900277	134.8482115	34.9291120
Sakai	4799798	136.0117025	36.2702939
Kanan	358776	135.6483128	34.4806349
Kikai	3983032	130.0217891	28.3284073
Odika	4010202	128.7979107	33.2448183
Kanie	4548234	136.7852357	35.1271314
Hamar	410882	11.1647963	61.0014936
Cigándi járás	2374641	21.8304340	48.2896701
Byala	1934660	27.7951056	42.8919238
Geisa	1268690	9.9864011	50.7045529
Halsa	406834	8.4513224	63.1028699
Haram	406856	6.1470960	62.7173517
Waake	1399077	10.0634969	51.5586534
Rhede	162717	6.6964546	51.8370901
Mehna	2778484	12.3095779	50.9652606
Rakai	3501890	31.4463525	-0.7134782
Heere	1432647	10.2367357	52.0548785
Banwa	2828094	-4.1913344	12.2265568
Cebiv	438868	12.9803048	49.8340805
Le Fel	1358788	2.5145347	44.6699849
Białowieża	6713413	23.8795016	52.7366651
Čavisov	437330	18.0860087	49.8198701
Crane	6587586	-102.3523326	31.3920849
Itabi	303921	-37.1407141	-10.1001938
Bikar	5386664	170.1328139	12.2381459
Dobra	2705471	18.6158975	51.9136367
Cabot	111240	-92.0191983	34.9798810
Kalek	439617	13.3314134	50.5764120
Piaam	2658386	5.4178743	53.0334595
Wamba	339978	-4.9120257	41.6798917
Pětipsy	439643	13.3450157	50.3199688
Donga	2845865	1.7172688	9.2676385
Arcen	2722677	6.1946996	51.4827285
Bardo	2903074	16.7394912	50.5007471
Esche	2014145	6.9687995	52.5318971
Dedza	7345523	34.3194013	-14.2374282
Globe	110723	-110.7357912	33.3841075
Basra	3244379	47.5675465	30.1993242
Libel	439896	16.2050999	50.1540762
Wamac	122998	-89.1464762	38.4970405
Gonda	1959699	82.0393710	27.1150532
Linda	6428267	-121.5547914	39.1187725
Vilémov	436820	16.9924078	49.6360897
Kanna	3557401	138.8710980	36.1008664
Allan	6429010	-106.0549962	51.8949613
Vilémov	436749	15.5323557	49.8090819
Acoua	3366520	45.0759724	-12.7249951
Akola	1991136	77.2541275	20.7669725
Loffa	3708319	-9.9921541	7.8838162
Loffa	3710925	-10.4056855	7.4924548
Loffa	3710926	-10.3121732	7.6027140
Loffa	3707707	-10.2663094	7.6285852
Loffa	3707706	-10.2136641	7.6641427
Loffa	3708269	-10.1419435	7.6989838
Loffa	3710924	-10.3473977	7.5564826
Chita	2637037	113.4779413	52.0418079
Tisjøen	2142002	11.1326848	60.4225364
Tjørnan	5838335	14.4088603	67.1262024
Ståvatn	5271846	7.1617321	59.8343165
Loffa	3711927	-10.4988037	7.3778380
Loffa	3708268	-10.0826476	7.7652111
Mdina	7510549	14.4049992	35.8870304
Vråvatn	33062	8.3204773	59.3388240
Czwórka	3687901	21.1013783	51.4961112
Inagi	3807613	139.4909451	35.6284693
Abras	4468360	-66.3191796	18.3574229
Gauja	1577035	24.3381408	57.1140950
Hissjön	6071540	15.1500016	58.9426053
Laxsjön	148376	12.2959887	58.9863416
Homsjön	3728744	16.1743528	57.9551477
Dubie	3217453	19.6870116	50.1580110
Magas	7202350	21.5889949	43.0237775
Rio Piuí	6700732	-46.0730242	-20.6227399
Dagon	5996595	96.1444874	16.7928981
Rensjön	2538383	17.4041647	58.9152758
Anjan	2373090	12.5197488	63.7217955
Lössnan	6147273	15.8866110	61.3235137
Laxsjön	2875276	14.8412401	63.8121961
Vansjön	7857280	16.9502726	59.9802624
Vansjön	2960575	16.2123294	60.0862699
Krasków	6055219	16.5809794	50.9101707
Muchnów	5730700	19.4350044	52.2823208
Iacri	298048	-50.6252178	-21.7958254
Riede	1182271	8.9377762	52.9684643
Sento Sé	362250	-41.7994680	-10.1388936
Conde	362372	-37.6684813	-11.8658508
Zagórze	2555323	19.3938008	50.0874793
Rgaje	7199671	21.4954467	43.1141870
Wymysły	2776707	20.6515744	52.4746640
Celas	5739330	-6.9366802	41.7054620
Edral	5739331	-7.1523232	41.8367468
Palja	6662888	22.4600670	42.7143503
Croca	5928130	-8.2378522	41.2190131
Pobórze	6836022	19.9343446	53.5967860
Bucje	6355073	22.1325589	43.6775100
Trätten	3080586	15.9400173	60.0361022
Barra	362370	-43.5248730	-11.0835000
Gatka	6205923	16.9687275	51.5357315
Bogunów	6374648	17.0242411	50.9422629
Zagórze	3524294	15.3334888	52.2654800
Tanda	6312215	22.1561772	44.2246987
Bucje	6354783	22.1460546	44.1374657
Zagórze	6244655	20.4731593	50.8585917
Neuquén	2684608	-68.1153265	-38.9384875
Dodel	3046925	-14.5183537	16.3289483
Bucje	6365685	19.4435404	43.4603315
Magas	4468315	-66.7760593	18.0263044
Cacos	4467671	-66.4952532	18.2286026
Dango	3722318	9.9835482	11.4965199
Dalwa	3721252	13.0131973	11.5559468
Yabal	3721484	13.4581672	11.5571802
Gaiwa	3711623	7.8894209	12.6417742
Dashi	3710421	8.2152594	11.7074693
Damau	3710403	8.3033212	11.6928589
Gwade	3708048	3.8451722	12.1708527
Gujba	3698658	11.9590299	11.4389824
Gasma	3698650	10.9780452	12.9067765
Asara	3707396	5.2867422	13.4681317
Hissjön	1134234	16.6034842	62.5957394
Lac Wa	1274768	-73.5235941	46.4141161
Bingi	3706983	6.3282884	11.9308926
Ebone	3834270	9.9309954	4.8532133
Renca	109577	-70.7310034	-33.4037669
Banwa	3837575	10.0624993	5.0850092
Mball	3722459	9.7944381	9.8127424
Ikara	3709464	8.2332061	11.1945381
Gamji	3711627	7.1230517	11.3641948
Mocha	2676919	-78.7005578	-1.4145909
Chuga	2660205	-77.8913438	0.3672674
León XIII	5415032	-84.1000943	9.9589404
Ajili	3722255	10.5613008	11.3525706
Okala	3822978	11.4035755	3.9951544
Damau	3709413	8.4684493	10.8350478
Chamo	3703303	9.3051167	11.9954697
Diman	7571227	86.8314960	26.5785930
Malma	5812747	83.3800593	28.2228199
Gauja	3544320	26.2466687	57.6381075
Japhe	6740100	86.0990009	27.5476510
Sabra	6666576	-1.5298601	34.8472514
Jalpa	5696628	83.7536708	27.7908802
Dhola	7716591	84.8286059	27.9142138
Baihu	7534593	117.4430776	31.2425665
Ayama	3703282	9.8771669	12.2644886
Hepka	4649178	81.8548559	30.0950767
Dhari	5903698	80.6259489	29.8729116
Shahe	5692262	108.3454929	30.8460484
Jomba	3972580	29.5769121	-1.7196380
Lahar	7186332	87.8455193	23.2540179
Gauja	2880225	25.3865616	57.5148957
Halen	6697	14.5019459	56.2720109
Dobra	3069306	15.3082723	53.5815328
Mende	1686607	3.4383336	44.6516908
Linda	2179190	11.7959167	50.6865407
Usaquén	2214885	-74.0277403	4.7447661
Dorożki	7106380	23.1513771	52.9365728
Agarn	1685264	7.6665994	46.2720743
Wedde	1434021	7.0616740	53.0795875
Kraja	2400597	10.5224279	51.4489331
Réaumur	167306	-0.8100997	46.7158020
Gödnitz	2262343	11.9292656	51.9918098
Mandi	364161	76.9952947	31.6451913
Vilémov	436946	13.3119488	50.3140274
Grana	2404541	12.0944328	51.0492828
Ajude	4170515	-8.2985972	41.6417192
Nalma	5293685	84.3068807	28.2089029
Rzepedź	6308730	22.0930821	49.3867228
Lepsøya	6163447	6.1832718	62.6158224
Lokøyna	5847322	4.9022129	60.4129952
Nordøya	6283442	9.0843270	63.9821337
Lundøya	6286402	9.4223742	64.1768680
Hestøya	6163445	6.2502710	62.6077080
Nordøya	5897539	7.1151874	62.8403370
Hestøya	5291736	12.2781587	66.0016013
Nordøya	7325727	11.9960165	65.8968793
Hestøya	5291735	12.2527212	65.9967723
Chili	1726382	24.1324700	38.6667499
Massøya	5432321	5.1892680	61.6228419
Saltøya	5166486	10.8854811	63.5531993
Hestøya	5123465	11.1271667	63.7346597
Botnøya	7795404	16.0644750	68.1917573
Lundøya	7668197	15.2191250	68.0050449
Plaka	532278	26.4877950	37.5167581
Kaiki	1545778	26.4359842	35.9945330
Hestøya	5576973	18.0715864	69.3710272
Dimna	6212059	5.8189198	62.3146377
Lokøyna	6361022	4.9683554	60.3280658
Ramsøya	6237251	10.4100420	64.3338160
Hidra	6148255	6.6042490	58.2187951
Nesøyna	6397994	4.8874820	61.0588018
Champ	139942	-90.4513548	38.7440297
Sadek	6848789	23.2521360	53.6501381
Skórzec	7044889	22.5937984	52.6142006
Etche	3720754	7.0926387	5.0765321
Baars	2695562	6.0964856	52.8135732
Terezín	442479	16.9464604	48.9687139
Dalin	2798138	120.4910400	23.5930211
Demen	1450559	5.6288770	51.8115357
Idzików	6423181	16.7290346	50.2735668
Orkanów	3661765	20.4227176	50.4185142
Rogożek	3348485	21.3558206	51.6382454
Porajów	6076228	14.8303558	50.8845219
Damoh	1982903	79.5363348	23.8038643
Crane	127471	-86.9015028	38.8938185
Rõssa küla	353939	27.4691329	57.9136330
Sooküla	351980	27.1788137	57.8171721
Gauja	7787302	24.3079529	57.1445830
Indal	2776726	17.1014550	62.5804111
Barra	5291105	-38.5182049	-12.9993409
Zona 1	3530456	-60.8116488	-32.9172661
Itabi	6170008	-37.1407141	-10.1001938
Kõrgu küla	350915	24.7244894	59.0108242
Iacri	5683121	-50.6437387	-21.8400001
Raben	5992148	12.5701989	52.0438384
Amaya	4764342	-67.8400283	-38.9828598
Častkov	2203821	17.3622106	48.7541064
Šintava	2205556	17.7724148	48.2858224
Súlovce	2209717	18.1804706	48.4646662
Topázio	6148799	-41.2229097	-17.5838263
Köppern	3342642	8.6243333	50.2788282
Ahlen	3336404	9.6574590	48.1283688
Amaya	4673972	-65.3493730	-43.2663238
Czyżkówko	6809234	17.9625845	53.1514009
Conde	6208934	-34.8588790	-7.3007504
Elima	5503022	27.4846729	-11.6865983
Carod	4803209	-67.9250317	-38.9532073
Aboim	5830069	-8.0686945	41.3290035
Brunhós	6553751	-8.6694223	40.1142939
Ilija	2257770	18.8962066	48.4103353
Herľany	2384705	21.4887042	48.7995282
Nemce	2265300	19.1665477	48.7763399
Uhorské	2273695	19.7529795	48.4752160
Elene	3395545	3.8169187	50.8951909
PEVEP I	5325200	-67.9673058	-46.7954119
Hrušovo	2274726	20.0442591	48.5139766
Cavan	5409748	-7.3634063	53.9910015
Dobra	6304933	21.9071324	44.5972589
Duagh	6855353	-9.3897849	52.4088532
Crean	6810846	-8.6049873	52.4908426
Sakai	2682903	139.8131477	36.1064025
Onach	1530156	11.8475796	46.7478422
Nõuni küla	350598	26.5199968	58.1399841
Nüpli küla	350951	26.4912342	58.0284593
Ferch	374692	12.9129943	52.3079047
Fonda	174374	-74.3730632	42.9539935
Mauda	6730359	22.7948076	54.3294531
Vilémov	436940	14.3317662	50.9933897
Zagórze	6843367	23.0931777	53.4802871
Ogema	137460	-95.9218472	47.1023900
Conde	4103597	-8.3325265	41.3931160
Dolia	3941986	37.7205983	47.8763761
Mende	1385344	19.4465461	47.4344326
Saara	2804575	11.9759746	50.8583183
Osnówka	6792660	22.5296357	52.5301730
Dobki	7091977	22.8623343	53.1955091
Elend	4008633	10.6813587	51.7331043
Barki	6837331	23.0896811	51.2599442
Basco	127057	-91.2016623	40.3276300
Casco	251643	-87.6178539	44.5545569
Cabot	3077080	-72.2929242	44.4049122
Łaś-Toczyłowo	7041968	22.5864380	53.1919677
Banes	5904269	-75.7406595	20.9429439
Conde	301285	-34.8588790	-7.3007504
Beggs	184198	-96.0573643	35.7295139
Dirah	3202071	3.7215177	36.0022631
Hatch	171259	-107.2016955	32.6481110
Bardo	4093588	17.5000419	52.2678130
Emden	126203	-89.4846664	40.2985634
Tagak	7642174	124.7124738	11.2903031
Schwärz	7510867	11.7061418	49.3332608
Gauja	6215410	24.6993497	57.1279045
Gajre	6928769	20.9343731	42.0123473
Cavan	5954126	148.7912262	-35.0073681
Paden	109859	-88.2611050	34.6601369
Slade	1788006	-4.1834706	51.5516603
Miernów	6463225	20.5858678	50.3385134
Dobra	6968949	22.3237597	49.6508073
Agelo	1517997	6.8939663	52.3847499
Eider	970762	9.1826387	54.2786391
Sadek	3440702	20.8853692	51.1877894
Keene	115259	-97.3271682	32.4010915
Salga	7540343	-25.2978693	37.8240705
Ragan	169654	-99.2896347	40.3111940
Bugaj	4536802	21.1535830	49.7396979
Kanam	3720618	10.1545301	9.4911380
Ramah	171589	-108.4796563	35.1439074
Arlee	142653	-114.0854269	47.1715024
Calio	181657	-98.9379632	48.6242639
Sobniów	6907382	21.4960222	49.7215362
Bugaj	6474348	20.4625186	50.4572991
Sadek	6474304	20.4393855	50.4272073
Dobra	6526912	21.1706850	50.5936293
Stabrów	6055427	23.3799795	50.7305585
Ammal	4273110	3.5859213	36.6187483
Wilanów	6151501	20.2884694	50.6641707
Zagórze	6431591	20.3693344	50.4321284
Dobra	6031393	20.2449672	49.7129256
Bugaj	6748862	17.1478682	52.4724408
Dulac	132263	-90.7045494	29.3626634
Aboim	4173990	-8.0878484	41.5364739
Boden	453829	7.8563036	50.4726399
Omega	119870	-83.5948763	31.3394795
Czarków	5604802	18.9152339	50.0326593
Aline	185259	-98.4490213	36.5101778
Hamme	1647625	7.1849805	51.4850159
Cooga	6187519	-9.0307888	52.9323627
Menah	6059137	149.5429507	-32.5378888
Leigh	5443498	-7.6727071	52.6735800
Brasa	1727756	24.1405447	56.9721184
Častkov	2203793	17.3622106	48.7541064
Crane	2573527	-6.5060213	52.5318070
Cavan	4486747	-8.0752274	54.1632852
Slade	5193031	-7.4099611	52.5409690
Bavan	4775129	-6.2287026	54.1904775
Grama	5522019	-43.4286052	-22.6987514
Cooga	4254185	-8.9905992	54.2505254
Larah	2247002	-6.7665393	52.7311458
Cavan	4671278	-7.3684258	54.5182787
Duagh	5651817	-7.1286729	52.2114544
Larah	5707320	-7.2192283	53.9987222
Larha	6268557	-9.5711148	52.5333769
Cregg	5761606	-9.1275345	53.8470522
Kolba	2927397	11.6736378	50.7235815
Cavan	5354631	-6.9432394	54.3700504
Effin	5344459	-8.6303766	52.3664459
Cregg	6094135	-8.9650038	53.3864284
Šintava	2205537	17.7724148	48.2858224
Mstišov	436227	13.7721434	50.6741870
Cregg	5473292	-8.4352177	53.0945935
Broad	4556453	-6.7823088	53.5678212
Crean	6041307	-8.6211308	52.4884591
Cooga	5240865	-9.0884668	52.7004040
Leigh	6951181	-1.9760521	52.9123021
Crane	7426576	-59.4486181	13.1062774
Cavan	5569166	-7.5032063	54.8627313
Cregg	6068001	-8.6855289	53.2537364
Cobbs	5438456	-7.7971480	52.8084298
Leigh	2890292	-0.2584373	51.2004323
Cavan	4457682	-6.5060436	55.1820128
Cavan	5504457	-8.1807329	54.4843864
Duagh	6316041	-9.3806335	52.4162592
Sékouya	7643759	-12.8545658	10.0454987
Cregg	5400852	-9.0777419	51.5603526
Cavan	5467117	-6.7006970	54.4970575
Yacka	6610406	138.4774609	-33.5635510
Bloc I	5762142	27.4681696	-11.6669649
Bloc I	5762143	27.4650554	-11.6700331
Bloc I	5804093	27.4475518	-11.6752056
Nemce	2265269	19.1665477	48.7763399
Coila	6079493	150.0996742	-36.0102122
Cudal	6057992	148.7336361	-33.3232664
Nubba	6074606	148.2522439	-34.5160832
Pimba	6249405	136.7947898	-31.2564235
Farna	6345483	-9.7256397	52.1948044
Uhorské	2273679	19.7529795	48.4752160
Herľany	2384569	21.5091839	48.8078990
Nižná Šebastová	2320140	21.2812049	49.0274300
Babky	2169226	19.6162524	49.1727722
Cregg	6205698	-8.3919952	52.9543892
Cavan	5612977	-8.3602272	54.6168064
Hrušovo	2274629	20.0475645	48.5237404
Cregg	3406100	-9.9410176	53.5039042
Megan	6063667	152.7858794	-30.2996534
Cavan	5484780	-7.1164115	54.3747146
Cavan	2310168	-7.6723930	53.7709658
Barne	2306163	-7.5992952	53.6754029
Barra	6660368	-48.5987359	-27.0070829
Cooga	5610957	-8.0385222	52.7012176
Arenc	6581661	5.3579063	43.3210808
Leigh	6013863	-2.1860243	51.9352400
Carra	6004625	-8.4962148	53.2605256
Gragh	2377239	-7.8291686	53.6914383
Leigh	5703875	-2.5410112	50.8666703
San Pío X	7231346	-1.1363587	37.9717322
Acaun	2305400	-6.6639695	52.8466827
Brean	2719028	-3.0161371	51.3062858
Leigh	1875248	-2.3372504	52.1677148
Leigh	5480921	-1.9150366	51.6309108
Cregg	5499355	-7.4042655	52.3697791
Cavan	5288868	-6.5588123	54.3903704
Mirotín	431881	14.9886446	49.3119874
Libel	428581	16.2050999	50.1540762
Šeberov	433568	14.5088584	50.0066927
Božanov	430312	16.3516904	50.5217969
Záluží u Čelákovic	433408	14.7524178	50.1433267
Ilija	2257748	18.8962066	48.4103353
Kalek	425740	13.3385239	50.5823676
Cregg	3630509	-9.3227749	53.4207661
Crean	6121299	-9.1050437	52.4212879
Dolní Malá Úpa	433224	15.8091176	50.7125688
Spyšova	427851	15.1925553	50.4495354
Cavan	4011399	-7.2146354	54.2095269
Linda	3243053	11.7895383	50.6833527
Cavan	2312769	-7.9144138	53.9350116
Birch	3252215	0.8092981	51.8441614
Slade	3390575	-6.9128363	52.1328411
Čejkovy	424083	13.5293520	49.2907009
Betal	4136561	-8.6708835	53.6891718
Pětipsy	424928	13.3450157	50.3199688
Terezín	429754	14.1578454	50.5116161
Pelec	434093	15.1422990	49.3213758
Blízkov	427437	15.9186209	49.4039719
Sadek	7760115	15.4157110	51.0147260
Batel	5621946	-49.2882777	-25.4410499
Cavan	6129669	-9.1868728	53.6184687
Cavan	5407275	-6.4435388	53.9677909
Crean	6271520	-8.6146098	52.7933761
Dolní Počátky	429491	15.6123036	49.8624453
Rušinov	429644	15.6812765	49.7955117
Bavan	5201430	-6.2776166	54.0801492
Bavan	5622461	-8.5433543	54.6320076
Čavisov	434221	18.0860087	49.8198701
Lazníky	433319	17.4679490	49.5255042
Všenory	429256	14.3051830	49.9294292
Trhonín	423325	13.8317702	49.0511905
Krušlov	423294	13.8049593	49.1426642
Sazomín	429847	15.9688183	49.5070340
Sobůlky	432563	17.0829042	49.0173644
Žebnice	425195	13.4016989	49.9575924
Jince	425844	13.9740279	49.7900444
Bahno	427716	15.2355382	49.8719094
Desná III	431689	15.3156454	50.7853286
Leigh	2301290	0.2011138	51.2026289
Cebiv	423467	12.9845695	49.8268900
Nové Sedliště	423295	12.6629819	49.7259851
Lanžhot	430956	16.9597965	48.6834235
Božejov	426470	15.1579972	49.3538800
Koníkov	428334	16.1367605	49.6036907
Osada	2167069	19.6052241	49.4043828
Cardo	5548917	-41.9068185	-18.8317720
Velvěty	428049	13.8942754	50.6088001
Bloc I	5762144	27.4586966	-11.6599939
Larha	6297151	-9.7810498	52.3396127
Keeas	6255102	-9.8449660	51.9769583
Súlovce	2209648	18.1804706	48.4646662
Feock	5822031	-5.0627369	50.2111170
Riede	3907160	8.9359184	52.9783086
Cregg	4726586	-6.7344873	53.8467652
Slade	4473207	-6.4436226	53.2697759
Danau	7411103	114.5808182	4.7553739
Cregg	3627372	-6.5036236	52.2406728
Bloc I	5762145	27.4667257	-11.6592175
Bloc I	5762146	27.4733905	-11.6658949
Carra	5904053	-8.4429276	53.2137717
Cregg	2956910	-8.5113018	54.3074244
Graan	3960468	-7.6877405	54.3626054
Balet	1520111	125.7546742	7.1562001
Cregg	5139493	-7.1682507	54.9170111
Gopoúva	2548918	-46.5452679	-23.4676220
Madre	7393443	-48.9423205	-28.5427458
Cavan	4678135	-6.1415443	54.2322166
Leode	4678504	-6.1876699	54.1940835
Carra	2105199	-7.2628804	54.1551758
Cavan	4603211	-7.6333046	54.7173611
Duagh	6149561	-9.9728305	52.2184579
Keera	6063605	150.7738633	-30.0283219
Białowieża	6132494	19.9751138	50.5443534
Bugaj	6132937	19.9691796	50.5702279
Kierżno	3222157	15.4395422	51.2641852
Świlcza	6878479	21.8964091	50.0731311
Bardo	6363086	21.0403130	50.7366419
Merad	2308455	2.3988776	36.4673958
Alder	142422	-112.1081674	45.3179754
Dobra	2835766	15.5136299	51.2778204
Aneta	181674	-97.9897177	47.6777210
Cavan	400218	-3.3555091	48.6832363
Zagórze	6837359	23.2081759	51.3411736
Crane	140683	-93.5690586	36.9010050
Hatch	198935	-112.4343031	37.6514855
Eleme	3720752	7.1484482	4.7861040
Czaczów	4559857	20.7926544	49.5212894
Allna	6054327	8.6650814	50.7684313
Sérigny	2755213	0.5937683	48.3765155
Ikara	3709358	8.1640684	11.3111221
Bugaj	3826245	20.8027592	51.1044595
Paden	184971	-96.5662841	35.5074745
Bugaj	6505805	20.8071616	50.5476598
Zagórze	3825875	20.7993575	51.1293053
Fonda	128757	-94.8458605	42.5820264
Arial	191991	-82.6415769	34.8441480
Kanie	4093431	20.7812993	52.1320719
Zagórze	5551747	21.3511776	52.2688042
Bugaj	3523817	19.6728525	49.8545032
Emden	3968924	11.2871838	52.2645082
Zagórze	7600642	22.2115750	51.1721514
Brudnów	3448042	20.8213370	51.3994858
Pio IX	302705	-40.7354535	-6.7640001
Zagórze	3466662	20.7265206	51.3886241
Leigh	169531	-97.2392939	41.7015065
Conde	194930	-98.0957601	45.1575946
Bugaj	6248711	20.5086259	50.9417233
Zagórze	3524299	19.6382769	49.8974838
Derma	2634695	-89.2841820	33.8579220
Donga	3720853	10.0812576	7.6647555
Gujba	3698572	11.9202735	11.3445849
Kanie	6851059	23.1399381	51.1368985
Ölsburg	4456134	10.2032370	52.2604246
Zagórze	6155753	20.1770566	50.6116842
Zagórze	6261572	20.8158709	50.9730099
Nervión	4740273	-5.9649565	37.3817832
Wróblew	3695290	18.4018574	51.1361060
Sadek	6029915	20.2659888	49.7917641
Wamba	3720508	8.7170567	9.0034175
Chita	1315430	-72.4315575	6.0653730
Nervión	4728832	-5.9736178	37.3833173
Hamme	7177575	7.1906036	51.4918928
Nagar	6594935	95.1712961	20.3975449
Amate	5762535	-5.9574755	37.3785565
Rio Côvo	5768342	-8.3673034	42.0592646
Allif	7419220	-90.9963388	38.5499738
Bahno	7635662	29.2348329	50.7543565
Marga	5755434	-8.1993104	42.1246600
Sacco	7802698	11.2226504	45.6173539
Aasen	5681631	8.5529070	47.9815803
Neumühl	3618746	7.8430507	48.5710010
Boden	1805256	9.8448160	47.2092198
Bubek	3187729	21.5215597	51.4994758
Laičių I tv.	5139047	23.8706381	55.9205092
Cosquín	2284272	-64.4719095	-31.2183111
Mandi	3555940	77.1441228	28.4401467
Da Ong	6608535	106.0543847	21.4761913
Białowieża	4141947	17.1455920	50.5251350
Dobra	6795716	22.6932130	50.2005363
Raila	3404653	11.7850860	50.5184287
Bilme	2572946	8.0175808	51.5179625
Zagórze	3331783	20.1896219	49.9893979
Hamme	3465466	4.2772250	50.9155848
Zagórze	3536192	19.5524428	49.8310940
Nosówka	7109624	21.8796821	50.0257598
Bierzów	6256599	17.3384319	50.8177958
Farum Sø	4728960	12.3632649	55.8027656
Sérigny	144887	0.3200843	46.9296811
Kanna	6119425	20.8729565	50.2779042
Zagórze	6785369	22.3426407	49.9185552
Hasla	3014945	11.8364448	50.7595199
Dubei	7640453	114.4457730	38.1317593
Zagórze	6882899	21.2982630	49.9234458
Bugaj	3373773	18.5604450	51.2253029
Wedag	7182775	7.2065992	51.5028292
Borre Sø	1352741	9.6144761	56.1302492
Rakai	7493677	24.7082676	53.9823424
Zaida	2826588	-4.9689588	32.8016336
Laria	1933606	-75.0734263	-12.5545700
Cocas	1933582	-75.3580028	-13.2743068
Cumba	1973494	-78.6106087	-5.8924903
Magra	6547249	5.1340834	35.6105990
Dobra	6252442	17.3145201	51.2442720
Coata	1913499	-69.9655625	-15.5623257
Ibias	345572	-6.8220147	43.0003862
Calpi	3728584	-78.7439951	-1.6106423
Ciria	345790	-1.9630135	41.6382519
ež. Alaušai	3371781	25.0884088	55.3018506
Neila	344156	-2.9560989	42.0407076
Mataf	6399063	39.8261114	21.4227533
Cajay	1953216	-77.1165653	-9.2744259
Cohan	6828989	3.6421804	49.2110620
Grümpen	3650168	11.0371672	50.3965010
Varniškių ež.	5206236	25.3818221	54.9722566
Pölstal	3889848	14.4632916	47.3288530
Eddir	2835860	-9.2499264	30.5573987
