Benin	192784	2.3100672	9.2231104
Hubei	913106	112.8772519	31.1568628
Shiga	357800	136.1094916	35.2470274
Prémont	153494	3.3955112	50.0148773
Miami	1216769	-80.2225644	25.7820042
Ablon	126401	0.2876245	49.4006177
Dohem	1298370	2.1725832	50.6276391
Waben	156826	1.6495395	50.3798565
Dechy	56125	3.1294387	50.3516400
Aydie	2317364	-0.1129710	43.5711679
Agnin	168174	4.8612003	45.3347754
Vaasa	1855926	21.4798123	63.0818209
Vaasa	2752783	21.4798123	63.0818209
Blaye	1664257	-0.6570167	45.1298024
Airel	384005	-1.0749354	49.2153394
Équilly	721572	-1.3868392	48.8332942
Nibas	1245011	1.5851860	50.0965979
Maing	53805	3.4890343	50.3041357
Clais	3020742	1.4714262	49.8135636
Aubas	2549937	1.2083457	45.0803151
Bairo	44807	7.7476779	45.3752612
Lemie	44435	7.2855710	45.2294674
Fulda	454863	9.6504926	50.5644691
Hanau	535895	8.9181285	50.1355075
Adast	2333262	-0.0789146	42.9762114
Laire	1022240	6.7327431	47.5512026
Sévigny	401963	-0.0199464	48.7724732
Vidai	1774554	0.3735245	48.4600340
Kerch	2865045	36.4439897	45.3040429
Taden	377027	-2.0629775	48.4867650
Genod	1530464	5.5307914	46.3590395
Faule	43633	7.5686612	44.7960291
Seich	166364	0.5057870	43.0013090
Diges	2353969	3.3869894	47.7194145
Sahel	2754035	-6.0590219	35.2430262
Bieno	46900	11.5686912	46.0998281
Fiefs	2917753	2.3219619	50.4987632
Mourèze	270517	3.3548228	43.6173529
Aynac	121805	1.8577912	44.7889213
Ramla	1381458	34.8672022	31.9259410
Reiff	1113744	6.2205185	50.1064314
Arbin	111494	6.0752187	45.5114098
Bayel	2996569	4.7873257	48.1949190
Scata	2862797	9.4024541	42.4227888
Molac	146615	-2.4420539	47.7350203
Augan	146187	-2.2715255	47.9111340
Rosnoën	296071	-4.2122685	48.2730445
Aurouër	116595	3.2978577	46.6872941
Lages	296771	-50.3030000	-28.0025000
Fiano	44421	7.5299803	45.2120499
Melfi	40961	15.6484330	41.0245431
Binas	269711	1.4700919	47.9021167
Caspe	341956	-0.0114468	41.2587200
Bidon	2573035	4.5386584	44.3583496
Bione	45667	10.3314761	45.6738321
Zone 1	3292905	34.1378427	8.1591669
Zone 1	3293600	41.3617337	11.9397995
Zone 0	3292904	34.5223430	7.5376750
Annan	2417094	120.1480178	23.0443319
Éourres	1365439	5.7334367	44.2113733
Lapan	388758	2.3031973	46.9217835
Burujón	340651	-4.2963152	39.8800648
Bloke	1681539	14.4986029	45.7868987
Hörsten	548580	9.5905954	54.2191314
Gelsa	341110	-0.4080082	41.4268639
Ciran	422641	0.8770801	47.0503147
Seara	296525	-52.3705883	-27.1319045
Barni	46452	9.2647882	45.9079908
Detek	1317794	21.0104704	48.3269982
Hemme	949289	9.0053790	54.2749327
Cogne	45209	7.3817473	45.5898948
Hernádcéce	1280986	21.1869523	48.3497083
Chaix	164552	-0.8613281	46.4240222
Ogden	198889	-111.9664521	41.2230120
Komae	1759475	139.5757149	35.6345945
Vocca	46093	8.1674583	45.8114325
Omice	442080	16.4396919	49.1750058
Biran	128232	0.3927184	43.6909331
Kröslin	1432700	13.7393889	54.1243009
Atina	41404	13.7946020	41.6219462
Dassa	5705221	-2.6972208	12.4158999
Brain	144673	4.5060820	47.4634234
Kamen	158453	7.6702364	51.5816254
Recco	43081	9.1498638	44.3684488
Kraam	418136	7.5405419	50.6922892
Einig	543118	7.2688662	50.2829263
Artea	339516	-2.7973556	43.1256233
Ebern	388838	10.7141897	50.0925234
Apodi	301112	-37.8584756	-5.6230977
Giave	40540	8.7424124	40.4630863
Serba	2778412	11.8187651	50.9450532
Salla	2528664	28.7790277	67.0988726
Rauda	2778400	11.9446269	50.9551281
Galax	206942	-80.9275182	36.6600270
Nampa	121342	-116.5676360	43.5789200
Hacıbektaş	281228	34.6426996	39.0013349
Abuta	4085828	140.7793483	42.6925965
Charo	5605643	-101.0032174	19.6691789
Demre	1727262	29.9519976	36.2935407
Gebze	1211496	29.5158586	40.9046151
Banaz	1609673	29.8173277	38.7458528
Praia	4021586	-23.5201602	14.9483085
Luperón	7380629	-70.9552539	19.8431056
Brava	3830196	-24.7086940	14.8519426
Chone	112904	-80.0522681	-0.3866368
Seben	1795635	31.6034930	40.4506338
Özvatan	1798521	35.7315201	39.1333795
Sérsekszőlős	1367864	18.0153926	46.7644243
Lamar	6924978	-102.6195597	38.0748650
Čečelovice	438126	13.8027259	49.3683875
Odate	4107552	140.5683107	40.2676780
Fisch	1256028	6.4966236	49.6150236
Bains	118589	3.7547615	44.9914798
Klang	2429183	6.3736024	49.3173411
Croce	2754586	9.3521394	42.4081304
Ferna	2393748	10.3016953	51.4518857
Paola	39899	16.0625511	39.3617404
Kelbo	6199320	-1.0995348	13.8742197
Grado	179148	13.3805600	45.7154485
Csehi	1131398	16.9216438	47.0460971
Adorf	443610	12.2601559	50.3259897
Crain	3333681	3.5632898	47.5402522
Biecz	2888453	21.2583791	49.7322631
Gröditz	551077	13.3829884	51.4237822
Fatih	1766104	28.9545842	41.0144701
Bedum	404130	6.6030909	53.2983685
Rösrath	173102	7.1819290	50.9048276
Deuna	2395041	10.4873184	51.3618315
Haeju	5469296	125.7432990	38.0414050
Tiana	343671	2.2669691	41.4877149
Quilpué	110807	-71.3669945	-33.1235534
Buhla	2395783	10.4945794	51.4349939
Žihobce	438290	13.6129747	49.2167428
Davle	442240	14.3789270	49.8890003
Fjell	404158	4.8087944	60.3578910
Pesca	1351879	-73.0933794	5.4969428
Nagua	7386616	-70.0034352	19.3501788
Lipec	441250	15.3494957	50.0883759
Nepoměřice	441822	15.1519247	49.8796580
Gaoua	6195295	-3.2193217	10.3434452
Stárkov	439932	16.1448884	50.5278230
Stęszew	3008940	16.7059366	52.2826601
Albon	71692	4.8591451	45.2394806
Svrkyně	442218	14.2832669	50.1766421
Plech	1070988	11.4606549	49.6586335
Zawidów	3150677	15.0451500	51.0244974
Zawidów	454619	15.0451500	51.0244974
Chora	6596071	66.1536737	32.8844162
Zebak	6564074	71.3745432	36.4464118
Gizab	6545748	66.3577047	33.3670995
Ariel	2468931	35.1965128	32.1042165
Almar	6578893	64.2485146	35.9520993
Berra	43831	12.0627525	44.9543684
Engen	1104293	8.7765570	47.8675521
Jinja	3498111	33.2248168	0.5465468
Saifi	3074300	35.5086844	33.8928947
Ebino	3989605	130.8203505	32.0337690
Atami	4674617	139.2176766	35.0530700
Ansai	4548196	136.6895506	35.1757575
Nanao	4800065	137.0565757	37.0629880
Cerme	5615548	110.1713539	-7.8952023
Awaji	901535	134.8817373	34.5058175
Awara	4799746	136.2125806	36.2790875
Bener	5615351	110.3523933	-7.7761315
Grane	408209	13.4083317	65.4429994
Natah	5615642	110.6557861	-7.8429644
Seika	358647	135.7775160	34.7566310
Ancol	5802121	106.8243014	-6.1229333
Kawai	3240385	135.7329055	34.5755220
Anita	4222160	-68.0440310	-46.6872705
Yamae	3994413	130.7635537	32.3103775
Ginan	4716679	136.7922682	35.3865719
Soeda	4008419	130.8790191	33.5193955
Hemne	406438	9.0733696	63.2974613
Sør-Odal	412535	11.7481379	60.2122969
Obira	4069269	141.7357870	44.0701549
Chidu	4110877	134.2589273	35.2416264
Opaka	1933104	26.1268461	43.4699575
Helsa	1115033	9.6593157	51.2418798
Penha	296549	-48.6443431	-26.8040437
Cedro	302625	-39.0905953	-6.5750000
Selah	237294	-120.5288569	46.6484205
Pader	3497167	32.8961763	2.8896583
Cieza	340280	-1.4613282	38.2690096
Ködnitz	1022760	11.5098677	50.1009641
Ambon	161218	-2.5419349	47.5603591
Ladis	77356	10.6472458	47.0826454
Le Fau	447648	2.5999335	45.1108214
Biggs	112159	-121.7101252	39.4129764
Tropojë	1248565	20.1297465	42.4469998
Cumbe	303942	-37.2079321	-10.3289386
Miami	6595922	-100.6386539	35.6904674
Siddi	40030	8.8864858	39.6741761
Miami	184168	-94.8754085	36.8813520
Ogata	4118112	140.0062695	40.0073904
Berne	532787	8.4851432	53.1729760
Sasad	2714372	19.0073157	47.4743818
Budel	2181699	5.5830792	51.2748691
Joane	3737315	-8.4254299	41.4440443
Hasel	1130273	7.8946954	47.6656282
Bet El	2265371	35.2233646	31.9415265
Clark	194892	-97.7367753	44.8803770
Pedra	303602	-36.9165292	-8.6530000
Bładnice	3635309	18.7878380	49.7651592
Bodio	1684631	8.9203077	46.3876357
Barre	1844155	-72.1062426	42.4193490
Ikawa	4118394	140.1241019	39.8937619
Dulag	5426225	125.0722655	10.9295300
Lamar	140152	-94.2697616	37.4940719
Žampach	440505	16.4254778	50.0363728
Eiken	1684301	7.9899470	47.5387139
Löbnitz	445992	12.4357924	51.5792409
Canby	186584	-122.6923458	45.2710257
Bondi	3044806	151.2635824	-33.8931147
Rocha	1653142	-54.0052228	-33.9762990
Fatih	7786497	28.7694208	40.9911804
Rocha	2615970	-54.3342370	-34.4795387
Fatqa	7319814	35.6659714	34.0359374
Basin	3815210	110.5618245	-7.7068592
Leeds	110139	-86.5563810	33.5352880
Malem	3819491	163.0813823	5.1840000
Ndego	1715240	30.7385066	-1.9956250
Rogsjön	3608903	13.5599801	60.9860141
Donge	1289959	4.9811302	51.5962889
Donge	1179526	4.9853903	51.5861998
Donge	1386793	4.8686903	51.6816921
Vraca	6969258	18.3955127	43.8439435
Bitam	5177042	5.3496358	35.1770581
Teich	3726965	9.9991172	50.9798784
Frontón	4468499	-66.5457777	18.3042274
Cedro	4468313	-66.7505972	18.0275217
Pool 3	376599	-92.6521634	44.6180128
Västra sjö	2739544	13.7466257	56.2933684
Teich	4484253	7.9713354	52.6694349
Vatjønn	4039096	6.7642836	58.5907708
Datas	314596	-43.6402728	-18.4765000
De Wal	2270225	3.9115653	50.8917208
Plana	6334428	21.5454219	43.8198997
Cubra	1706484	22.4730569	44.1814479
Lebet	7220782	22.2028234	42.7821475
Leira	5665331	8.2092833	61.5783697
Butjønn	5400231	8.4522959	59.9436551
Bursjön	3580115	21.1256834	64.6282335
Krzyżanów	5389163	19.4533384	52.1916060
Janki	2959837	24.0756576	50.8735956
Lissjön	6010555	15.1447077	58.9720843
Itiruçu	362283	-40.1445645	-13.5113625
Plana	7480969	19.8175849	43.1526966
Anais	5713272	-8.5333732	41.7009762
Seara	5713297	-8.6127780	41.7335012
Minde	6457904	-8.6676253	39.5334694
Abiul	6548139	-8.5132979	39.8737429
Kamik	5364218	22.5761760	43.0491115
Pększyn	6208174	16.8766945	51.4072680
Pilce	6407733	16.8276182	50.5203895
Nzaba	6081623	23.5682994	-6.1361995
Alojzów	2728432	23.5525385	50.9995617
Semce	7256180	22.1779143	43.1099909
Gozdków	5707398	19.2432182	52.1648801
Leman	6895427	21.6584066	53.4612198
Lomsjön	2071278	18.6595061	63.3336750
Saani	36073	25.6046687	63.4116249
Säynäjälampi	129467	29.0382500	65.9556250
Selce	6420125	21.5806754	41.3271330
Stáhkkájávri	7207763	23.5484563	69.1545960
Stáhkkájávri	7193524	23.1260015	69.0110464
Stáhkkájávri	7189269	22.9974610	68.8042627
Cedro	4468005	-65.9188737	18.2871826
Eneas	4468477	-66.9327555	18.3274128
Rocha	4468379	-67.0497034	18.4049675
Teich	2162295	8.7411402	52.2038486
Teich	241541	9.9034083	50.8077100
Leine	6435578	9.5692781	52.5804363
Dubbo	5807047	148.6174697	-32.2808353
Hồ Sông Quao	4235440	108.1257504	11.1812365
Ajiwa	3711520	7.6969602	12.9718515
Maska	3711758	7.3183583	11.3613610
Ranka	3710682	8.3123870	11.5471019
Bital	3709401	8.2709576	10.1613953
Bangu	3707976	4.6490647	11.6423597
Zone 1	7641187	-8.1288957	6.0715073
Zone 1	7679415	-9.4733954	6.9798155
Cumbe	3693190	-79.0185258	-3.1065144
Karfi	3711681	7.4929890	11.7254474
Zone 1	7679791	-8.9785525	7.2274686
Damri	3706995	5.8238398	12.4359102
Kakau	3709483	7.4322637	10.3386016
Dekwa	3698629	12.1846949	13.0434472
Yabo B	3707637	4.9890081	12.7206250
Yabo A	3707636	5.0251877	12.7057505
Binji	3707412	4.9223988	13.2119211
Kudu 3	3711697	7.6023917	12.9678570
Karfi	3710591	9.1540082	11.4465147
Río Azul	5690860	-84.0228051	9.8872617
Barva	5653850	-84.1244682	10.0192984
Allen	3450279	-75.4782657	40.7006440
Tegge	31276	6.6733424	51.4057340
Mboma	3820352	12.9192327	4.1954160
Bansi	5881310	81.6703177	28.9069041
Kubi A	3722423	10.1884912	10.6292253
Kubi B	3722424	10.2864777	10.6093391
Karfi	3710592	8.4800058	11.8208677
Afogo	3709380	7.8347385	10.2842934
Chula	3710389	8.9797667	11.9892010
Jalli	3710553	8.4757439	12.1941091
Daura	3710422	7.9517895	11.7648438
Yanda	3722536	10.7469539	11.5003091
Siddi	6087354	84.6461163	27.7043325
Gumba	6780012	85.8305145	28.0508286
Sanai	6059757	83.6329591	27.4836076
Laird	7590374	-84.0682872	46.3927463
Allen	6579686	-96.6767146	33.1110157
Dayan	2172875	104.8028966	31.7014117
Xicha	6887825	103.7602091	36.5205717
Rakam	5961329	82.0088380	28.5216020
Baixi	2167746	103.5816124	31.8862488
Khawa	6693754	86.9542360	27.1768182
Hepan	6776067	104.9315684	36.1052647
Sadki	3984448	35.6895132	65.0361492
Gwadi	5754747	83.4494992	27.9710683
Wagla	5775631	83.1189202	28.1616475
Damri	5867912	82.8728904	28.2387226
Ramdi	5874190	82.8069988	28.0462845
Ngera	3963676	29.7030450	-2.7069805
D Lock	4073344	-1.1033878	50.8085465
C Lock	4073343	-1.1034043	50.8077523
Sobha	5832845	82.6049110	28.5949521
Malen	2694575	14.6535166	59.6236677
Leeds	118362	-1.5073630	53.8223974
Bokel	548554	9.7862399	54.2230727
Megen	1450785	5.5662824	51.8171656
Adnet	86363	13.1523070	47.7204798
Melan	1249559	20.4834824	41.6754718
Kanem	3106623	15.0396371	14.9979600
Czaje	6797498	22.7141462	52.6483514
Fosca	1345093	-73.9524388	4.3172372
Carmi	126034	-88.1690227	38.0856670
Igalo	2187905	18.4996437	42.4434672
Löbnitz	374305	12.7365750	54.2988385
Bedum	2518265	6.6034729	53.3002205
Midar	2425002	-3.5296975	34.9301820
Barre	1453125	2.8170365	43.7421291
Lanco	1771698	-72.5707329	-39.5256434
Barre	199040	-72.5066233	44.1980289
el Gòtic	4127655	2.1774179	41.3815052
Sosnová	437348	17.6606249	49.9991426
Radim	439871	15.4310711	50.4599212
Berne	127757	-84.9547182	40.6576550
Golaj	1248551	20.3754399	42.2440788
Allen	130782	-82.7286035	37.6097495
Dolní Břežany	442232	14.4341421	49.9607216
Idsal	3184827	5.9869080	58.9804807
Lauvøya	6323778	10.8686512	64.5179782
Nautøya	6193982	5.0988289	60.1285175
Goddo	7668079	5.1214447	59.8487520
Lauvøya	6345167	8.2151767	63.3365657
Lauvøya	6345159	7.9070654	63.3418174
Lauvøya	6219213	9.9325801	63.9277319
Nautøya	6383102	5.6988379	62.3102135
Svanøya	5432303	5.0901332	61.4902761
Sauøyna	4784920	4.8510971	60.5902097
Gialo	1116601	27.1481433	36.9216547
Drima	530781	25.6685387	36.8398159
Renga	7668202	13.1119852	66.6076650
Kaibu	3536816	-179.4880488	-17.2561885
Lamen	4674027	168.1337794	-16.5858147
Bokel	444184	9.7470200	53.8694173
Clark	170786	-74.3080488	40.6217755
Kolea	2280931	2.7858517	36.6275482
Brera	6648223	9.1874629	45.4703940
Witówka	6805557	22.7519627	53.9567537
Sabin	7631278	-122.6499395	45.5514592
Radim	441278	15.0091812	50.0707076
Shabo	3121420	30.3887220	46.1269134
Ogden	126123	-87.9570208	40.1153985
Sabin	137254	-96.6520916	46.7811249
Warba	137599	-93.2655467	47.1379195
Grand	935078	5.4740715	48.3948266
Almen	2714150	6.2937956	52.1631078
Sadki	6135483	20.2814709	50.4738001
Anger	3875091	15.6590333	47.2966680
Łopusze	6790518	22.7210122	52.5040200
Võlsi küla	354725	26.9834115	57.8224761
Hürsi küla	353366	27.2173624	57.6606215
Pogórze	2606799	18.4813112	54.5579564
구로2동 (Guro2-dong )	3880471	126.8832174	37.4970249
Oarai	2682905	140.6377917	36.2793709
Betel	2227950	-47.1120070	-22.7732247
São Luiz	7309209	-53.1729715	-29.2590479
Penha	3049506	-46.5262489	-23.5211485
Zona 4	3530459	-60.7830747	-32.9268894
Cumbe	6170296	-37.2079321	-10.3289386
Pedra	6199613	-36.9455640	-8.5720712
Dallo	6880411	-2.4638408	42.8732891
Gauna	6882173	-2.4959806	42.8112462
Vance	110791	-87.2467063	33.1646530
Godar	7667452	86.1442797	26.9521019
Apodi	6236982	-37.8584756	-5.6230977
Cedro	6205032	-39.2013611	-7.7276100
São Luiz	7603742	-51.5590734	-28.3585261
Lavia	2506782	22.4916580	61.6023725
Bahro	3517189	14.5614978	52.0540957
Pae küla	355590	24.8960892	58.9962105
Põllu küla	353892	24.9738277	58.8507699
São Luiz	7567144	-60.1440689	0.8471131
Ühtri küla	352315	22.6447755	58.8181355
Liden	2776640	16.8019836	62.6975470
Ilava	1557317	18.2514765	48.9730800
Mostová	2205584	17.6875851	48.1385399
Salka	2218537	18.7417569	47.9423794
Kosorín	2261474	18.8027586	48.6745143
Selec	1799065	18.0004445	48.7780668
Dulag	6160959	125.0326034	10.9550577
Harle	5503447	9.3888002	51.0994616
Izeda	5803820	-6.7114249	41.5665682
Uličské Krivé	2324024	22.4450873	49.0005511
São Luiz	7375792	-53.1005536	-27.2968498
도곡2동 (Dogok2-dong)	3880719	127.0526426	37.4879477
Izeda	5803767	-6.7114249	41.5665682
Põrgu küla	350870	27.0325455	58.4638312
Pae küla	354663	24.0342451	59.1911375
Kadom	7571349	42.4611697	54.5662744
Bujic	6654197	21.6016752	42.3359847
Trstené	2169296	19.6279242	49.1153925
Zona 5	3365079	-60.8105465	-32.9023932
Demarcação	7567288	-62.6323048	-8.4414457
Honce	2381102	20.4079525	48.6727751
Nýrovce	2217965	18.5663944	48.0188988
Ruská Kajňa	2322651	21.8255963	49.1255336
Selce	2265341	19.1856387	48.7856966
Jakub	3507140	19.1480804	48.7723005
Selce	2273690	19.8708668	48.4824803
Budhi	5984232	83.0108662	27.6525200
Dhaku	5956085	81.3255847	29.0658581
Makar	6075062	83.8014890	27.5477443
Selce	2266194	19.0371057	48.2465585
Stará Halič	2273318	19.5650174	48.3728996
Stöckey	2807314	10.4822279	51.5336153
Praha	2273338	19.4973869	48.3708814
Clogh	6524970	-7.1898600	52.8577801
Itiruçu	6542880	-40.1445645	-13.5113625
Guazupí	6759918	-55.8511839	-27.4664916
Grean	6807533	-8.3512577	52.5570257
Dolla	6778951	-8.1438916	52.7504357
Boola	6833587	-8.9963376	52.3150049
Kanra	5322710	138.9147418	36.2131259
Marka	1279950	10.6710051	60.0402616
Zone 1	2973624	120.9905296	14.5581296
Hanau	3336035	8.9318405	50.1357436
Eidengesäß	3316324	9.2278947	50.1818482
Gobeo	6407690	-2.7203876	42.8677036
Bohas	6800773	5.3819565	46.1599220
Blaye	1665394	-0.5263329	45.1491552
Niedziółka	7409946	16.0925624	52.6675254
Elsah	126616	-90.3547706	38.9527845
Bears	2656131	5.7436097	53.1563084
Helen	119754	-83.7125307	34.7067525
Linde	2681225	6.4683555	52.6333922
Kamas	198959	-111.2808884	40.6416120
Lehen	1956121	7.7923152	48.0223826
Sosnová	439006	14.5330762	50.6508163
Leeds	181599	-99.4391884	48.2888105
Eleva	251765	-91.4714321	44.5752964
Clefs	1249408	-0.0639506	47.6266543
Dolní Bečva	437174	18.2117912	49.4694768
Bümpliz	6390197	7.3879678	46.9367942
Daura	3711491	8.2731086	12.9825538
Dulce	171161	-107.0042296	36.9257623
Haler	2181956	5.7717815	51.1883427
Basin	252283	-108.0456450	44.3805455
Paola	130269	-94.8687061	38.5795825
Paine	1557208	-70.7394555	-33.8624901
Podgórz	4187078	18.5849695	52.9879639
Lacon	125898	-89.4050936	41.0227530
Canby	137540	-96.2712073	44.7144660
Anger	941791	12.8328829	47.7956795
Bukówno	3581402	20.8515189	51.5448917
Pleak	6586808	-95.8037726	29.4866715
Otfinów	6117184	20.8128316	50.1930243
Fulda	137020	-95.6025684	43.8655385
Chone	2660290	-79.7235709	-0.6370634
Clark	187226	-80.4127601	41.2837359
Anita	129031	-94.7652141	41.4428499
Niebo	4455155	20.4096498	51.1441093
Pogórze	3635099	18.8305060	49.7982945
Opaka	4556008	23.2895028	49.2830082
Salla	4571529	14.9734889	47.1083927
Lipec	6854810	22.5467739	41.8451405
Selce	6791500	22.1745515	41.6391482
Selce	6890874	20.7185388	41.5868488
Jagol	6431229	20.9962093	41.6249567
Patec	6429040	21.1185848	41.5425929
Selce	6928766	20.9249185	42.0603178
Vejce	6928767	20.9175873	42.0972581
Ratae	6936396	21.0386091	42.0308226
Ogden	3822096	-75.4577967	39.8280034
Karma	5598624	30.8052176	53.1328987
Gango	3283277	122.3191519	14.6336980
Aradu	2645988	41.4673042	42.7795440
Seara	5753294	-8.1232517	42.0224580
Hetka	5519310	41.6197138	64.1971920
Lages	5762631	-8.3226967	42.0792816
Maude	5740939	144.1860165	-34.4933732
Ogden	128522	-94.0280219	42.0395503
Ogden	177403	-77.7976893	34.2641780
Janki	4100750	20.8971900	52.1327378
Faith	194939	-102.0356497	45.0247905
Sahel	1159873	-0.7717776	14.0279165
Ucisków	6487596	20.7973632	50.3245830
Samak	198806	-111.2409690	40.6328560
Cieza	344569	-4.1248734	43.2230442
Kappa	125963	-89.0049472	40.6745580
Głobikówka	6880717	21.4353398	49.9429397
Leeds	198916	-113.3539149	37.2464929
Borówno	6891698	19.7935591	53.2215609
Udziców	6384432	21.2940428	50.9435810
Zawalów	7147112	23.5571464	50.7420755
Małacentów	6354980	21.0445195	50.8193466
Regan	181646	-100.5273466	47.1567740
Leeds	175576	-73.8886607	42.2520844
Basin	142564	-112.2910580	46.2810560
Iatan	141421	-94.9833822	39.4768530
Wojanów	2937406	15.8255247	50.8823230
Gligi	3661377	18.7604014	51.0833754
Allen	184288	-96.4128129	34.8771101
Janki	3380421	21.1431892	51.5408110
Faith	180316	-80.4623628	35.5896020
Alojzów	3435128	21.2596224	51.2203852
Rhame	181403	-103.6551142	46.2310195
Bujak	3420357	21.2574540	51.2436739
Allen	135014	-84.7670026	41.9591510
Janki	5554131	23.8169000	50.8716011
Nazca	1899016	-75.0581301	-14.9940235
Anais	117882	-0.9035527	46.1773933
Adorf	4147688	8.8212919	51.3656497
Obira	7173836	127.7166846	-1.5343352
Enoch	198658	-113.0218623	37.7652584
Tarda	6853341	19.8892694	53.7819365
Sobha	4822051	1.0312960	36.1064561
Mardi	6037065	151.4026044	-33.2920991
Skala	1799436	18.0656115	48.9210610
Clogh	3637904	-8.3894624	54.3878467
Garra	2459518	-6.3875447	52.4966047
Praha	2273264	19.4973869	48.3708814
Clogh	4710696	-7.1634891	52.8559836
Selce	2273675	19.8708668	48.4824803
Serrões	6041889	-8.5281135	41.4148401
Boola	5321381	-8.9659858	52.3277481
Leeds	4276008	-9.3605965	52.8680227
Ahaun	5689720	-9.2414801	52.2962201
Penha	4142011	-41.2883619	-21.7961533
Clogh	4245699	-7.6701264	53.1141477
Prílepy	2209870	18.4351424	48.3663719
Honce	2381017	20.4079525	48.6727751
Clady	4260191	-5.9398303	54.9186077
Boola	5337090	-7.8384246	52.9102704
Fedoo	5653182	-6.9003843	54.2539959
Ogham	3296159	-8.5901115	54.0200166
Lažteky	2264989	19.2067125	48.3885290
Onagh	5336550	-8.1477434	53.4159351
São Luiz	6191257	-36.6478860	-9.7680188
São Luiz	6192881	-36.6276773	-9.4126017
Onagh	3906288	-6.2035160	53.1736144
Rocha	5520357	-43.2489276	-22.8997069
Clogh	2295429	-7.5170256	53.7976324
Ruská Kajňa	2322569	21.8255963	49.1255336
Clogh	2438865	-7.7931375	53.6057932
Clogh	2363663	-6.3475937	52.6376109
Noßwitz	2753868	12.7732895	51.0318036
Selec	2219792	18.0004445	48.7780668
Penha	3062952	-34.7989841	-7.1635114
Penha	5520345	-43.2718594	-22.8358770
Breen	4295425	-6.2398760	55.1296165
Haugh	5628374	-8.0985406	54.6739319
Dargo	2643790	147.4862318	-37.4736000
Selce	2265280	19.1856387	48.7856966
Ilava	1554610	18.2646941	48.9730219
Garra	6058007	148.7599876	-33.1227568
Cargo	6057987	148.8589562	-33.4607959
Boree	6057974	148.8354189	-33.2510017
Lacht	4546035	-7.4234166	54.6223088
Moana	7265238	138.4742830	-35.2074089
Kooba	5825180	146.0988933	-34.4258095
Allen	5453140	-6.8524008	54.5874921
Marla	6195204	133.6224423	-27.2997052
Clady	5482063	-7.5337400	54.7910089
Breen	5410404	-7.4636706	54.7598504
Tiche	3849918	15.2672488	37.0946336
Magho	3619630	-7.8846324	54.4687138
Keko B	6525251	39.2752037	-6.8434289
Cloan	5825294	-10.0386753	51.6453179
Stará Halič	2273271	19.5650174	48.3728996
Selce	2272496	19.3775878	48.2249759
Trstené	2230959	19.6279242	49.1153925
Maude	6487422	139.4418976	-33.8960890
Omagh	5323188	-7.3022725	54.6002766
Corah	2556838	-6.5607534	52.5901540
São Luiz	4104950	-48.9143747	-27.0842940
Salka	2218496	18.7361450	47.8893961
Madri	3408855	-43.9366917	-19.8147366
Penha	3408906	-43.9129061	-19.8755005
Ogham	4230061	-8.4100973	54.1195605
Clogh	5845840	-7.8023644	52.0840257
Gasel	6547600	7.4140910	46.8958645
Clady	4285624	-6.0826537	55.1267392
Garra	4087932	-8.7702047	53.4596410
Hales	1022348	1.5080426	52.5134459
Betel	2373554	-47.1180963	-22.8063103
Dalby	1850936	0.1166685	53.2165220
Haugh	1855530	0.1216332	53.2624446
Mostová	2205511	17.6875851	48.1385399
Fearn	5610740	-7.5567242	54.7512222
Bangu	5518414	-43.4832462	-22.8642938
Šlotava	427478	15.0938639	50.2002858
Stárkov	428329	16.1495372	50.5341054
São Luiz	7346107	-44.8677975	-20.1426728
Selce	2266174	19.0371057	48.2465585
Šerchov	429253	13.3904959	50.5096445
Adorf	544558	12.8802067	50.7532016
Telce	434235	13.9609457	50.3141930
Korunní	424952	13.0752967	50.3491090
Corga	5550096	-8.5975137	41.3746534
Kakau	1327704	12.4507043	51.7997180
Clyda	5855879	-8.6779475	52.1278184
Boola	6163651	-8.7339244	52.0347160
Boola	6231344	-10.2448384	51.9066171
Výhledy	424555	12.2699662	50.1893987
Sadki	7470930	22.0306732	50.8374689
Deuna	3667342	10.4748379	51.3618750
Bokel	5289467	8.3635241	51.7973976
Ahaun	5876533	-7.6664047	52.0196697
Clogh	6193015	-8.6341127	53.3476256
Číhaná u Javorné	425729	12.9816644	50.1276442
Hrozová	432719	17.7067170	50.2027937
Svrkyně	428585	14.2909349	50.1754441
São Luiz	7212275	-51.4228899	-29.4084224
Atuba	6236293	-49.2057764	-25.3850129
Nalpa	7096335	139.3211385	-35.3703166
Oliga	2759849	11.4962215	3.8897600
Boola	5897028	-7.9161744	52.0140492
Kosorín	2261429	18.8027586	48.6745143
Jakub	427487	15.3485095	49.9562469
Dolní Bečva	431441	18.2117912	49.4694768
Úborsko	432269	13.1591665	49.3307451
Čečelovice	425477	13.8027259	49.3683875
Žihobce	423724	13.6313762	49.2210967
Davle	434993	14.3789270	49.8890003
Lipec	432705	15.3494957	50.0883759
Uličské Krivé	2323988	22.4450873	49.0005511
Serrões	6041890	-8.5314089	41.4137945
Omice	435426	16.4396919	49.1750058
Korýtka	427401	13.3275802	49.9398309
Dolní Břežany	430190	14.4573809	49.9607216
Sosnová	433754	17.6606249	49.9991426
Žampach	428512	16.4254778	50.0363728
Leeds	2370545	0.6065163	51.2472034
Zürchau	3610590	12.4311495	50.9209495
Radim	428313	16.0122504	49.9034500
Pekla	428013	16.2146979	49.9170868
Dobříč u Prahy	428994	14.2604810	50.0123830
Ékounou	3093696	11.5342050	3.8422256
Nepoměřice	434061	15.1468264	49.8796580
Nyen 2	5579270	-8.8190527	7.7695817
Penha	5548958	-41.9905230	-18.8849088
Zbýšov v Čechách	427938	15.3550872	49.8090739
Engar	6133156	9.1040330	51.5504054
Welda	6479639	9.1043791	51.4591420
Farra	5258568	-6.5040261	54.4445990
São Luiz	6954885	-48.6316147	-27.5967599
Colan	5893770	-5.0079981	50.4176974
Keave	6194385	-8.3639740	53.4404529
Lieme	3975825	8.8251453	52.0335471
Şeyhler	4076903	35.8832756	41.1904779
Phường Tân Chánh Hiệp	6928154	106.6251654	10.8640347
Röttgen	272271	7.0650715	50.6604744
Halse	2648550	-3.2304478	51.0499944
Penha	6484612	-46.6242282	-20.7198199
São Luiz	7401761	-49.3709938	-28.6958171
Boola	5759995	-7.8539255	52.1701356
Regan	3551669	-6.5859795	52.2671665
Brigh	5397989	-6.6540169	54.5942944
Fatih	7666487	29.2758165	40.9560711
Ahaun	5515426	-8.0197865	52.1588019
Cedro	6755196	-48.6500571	-27.0422524
Oyaca	3644124	32.6107672	39.5381918
Boola	5642035	-7.6243269	52.3243977
Nýrovce	2217859	18.5663944	48.0188988
São Luiz	7206283	-52.8414445	-27.6129266
Bulee	6074492	150.1415689	-35.0231096
Breen	5583888	-7.7581825	54.8794569
Maude	2463140	144.1969757	-37.9449516
São Luiz	7339056	-51.1210949	-29.1641211
Ibeno	3715367	8.0900688	4.5646111
Hoeke	2247172	3.3302839	51.2936953
Minde	6496473	5.3422922	60.3571005
Janki	7046556	22.5225377	52.7336267
Vance	193817	-80.4196103	33.4372015
Ogden	129864	-96.6923259	39.1146915
Allen	169419	-96.8429357	42.4143095
Bauta	2576648	-82.5391838	22.9975489
Narka	130223	-97.4268137	39.9597489
Parczów	4459427	20.3201822	51.3199048
Podgórz	3964185	19.4244889	53.2281812
Sobolów	4753023	20.3439921	49.8980482
Lehen	7489983	13.0312977	47.8171395
Anais	111308	0.2069186	45.7695515
São Luiz	326295	-60.1440689	0.8471131
Kozi Róg	3964391	19.4377282	53.1937964
Alojzów	7127180	23.7909672	50.7613343
Dobre	7671408	21.9087820	51.2753231
Lamar	193943	-80.0659445	34.1688020
Tuczępy	6504005	20.9859193	50.5103681
Leola	195176	-98.9393339	45.7212240
Gutanów	7633256	22.2816589	51.3337826
Janik	3816743	21.3263653	50.9945802
La Sal	198844	-109.2832607	38.3018310
Banfu	5668287	113.3277244	22.3858149
Jakin	119927	-84.9822750	31.0917840
Boria	3799884	21.5392002	50.9784191
Cisie	5551730	21.3855335	52.2163094
Podgórz	7671406	21.8965372	51.2935647
Miami	140852	-93.2283686	39.3209550
Engen	6492164	5.3193367	60.3920237
Opaka	6901231	23.0773092	50.1251785
Ehlen	4155934	9.3163843	51.3213760
Carva	2209354	-7.5577056	41.4196134
Binji	3707369	4.7694358	13.2095386
Cudhi	1249887	19.8517929	41.5256477
Tuczępy	7091113	23.5179032	50.8745898
Hamer	121304	-112.1971452	43.9152965
Lamar	111209	-93.3871287	35.4363075
Cisie	3481931	20.0747836	50.4096046
Chula	141133	-93.4782578	39.9225765
Dante	194883	-98.1873831	43.0405944
Zdrójno	7627133	18.2657447	53.7546905
Basin	4105152	20.5024433	52.1413730
Allen	129672	-96.1696543	38.6564264
Lipce	5967264	16.1018488	51.2105031
Allen	195239	-101.9288433	43.2800870
Bokel	1528299	8.7642834	53.3972227
Sadki	6921374	21.5615979	49.6314105
Gozdków	3423335	20.8695278	51.3254492
La Mar	1930906	-73.7947162	-13.0034905
Lamar	184281	-96.1238417	35.0953394
Pandi	1354768	-74.4587636	4.1661161
Sadki	5943140	39.9131316	48.6009284
Clark	140818	-92.3420246	39.2803055
Cedro	303724	-39.2013611	-7.7276100
Wyżnica	7641765	22.1491574	50.9336930
Bałuty-Doły	2375010	19.4779045	51.7895935
Dünzlau	5623288	11.3300873	48.7727839
Lehen	1107804	9.1743967	48.7654074
São Luiz	3408967	-43.9789153	-19.8610354
Tröskan	6610699	16.1513619	58.6059393
Rakan	6611169	16.1599610	58.5712601
Praia	5536753	-43.8056813	-20.2479003
Vive-Ève	5378811	-1.5343019	47.4114271
Veiga	5765407	-8.3837869	42.0498147
Lios Mór	3902480	-9.1287136	53.2626877
Aeule	4557249	9.0805049	48.5230826
Veiga	5997652	-8.4146774	42.0714688
Dalby	5553499	-1.5301635	47.2231055
Bione	3537442	-60.8757374	-33.0283562
Ibaro	7081867	-74.0643174	4.8587828
Guazupí	4830154	-55.9342126	-27.3989746
Viega	6303562	-8.4798664	41.4384700
Pedra	6303551	-8.4645916	41.4442104
Eiral	6041885	-8.5388492	41.4150368
Serrões	6041893	-8.5314247	41.4138484
Veiga	5998891	-8.4940527	42.0608774
Pedra	5998643	-8.4555571	42.0609564
Veiga	6595166	-8.6808556	41.9593036
Corga	5763179	-8.3206569	42.0369389
Skala	4651087	18.2371096	48.9947519
Harbo	3175528	15.9423717	60.0917806
Raadt	4620794	6.9340413	51.4050916
Staad	2909170	7.4073847	47.1655869
Fiais	6595262	-8.6661098	41.9063655
Veiga	6011951	-8.4663146	42.0446957
Rua R 3	4220384	-49.3760417	-16.7259691
Lehen	6575669	11.0593849	47.3234026
Rävhult	6012332	15.1085052	59.0286530
Sjöstan	3714874	15.6131208	60.4135826
Kulików	7426264	22.9897969	50.7721363
Grane	87151	4.9050115	44.7168286
Horba	3579764	11.1222800	50.6811956
Lamar	169457	-101.9790732	40.5721900
Buczków	6075969	20.5663748	50.0446354
Ströhen	2239958	8.7003293	52.5467646
Pūstapėdžiai	6883946	23.0712153	54.5972245
Löbnitz	2250837	11.6650598	51.8667275
Ramka	6559415	1.3219322	35.8528145
Aplao	1891400	-72.5307194	-16.0170279
Gemen	7529193	6.8576006	51.8681771
Moche	1968022	-79.0027089	-8.1630344
Borówno	5918335	16.0995053	50.7777083
Ldzaa	2625164	40.3649623	43.1789466
Cayna	1954512	-76.3823772	-10.2109160
Uraca	1891411	-72.5116591	-16.2604648
Valai	6705064	25.0660264	54.7069864
Rogsjön	6146744	15.5816433	60.7280914
Jabuk	6697473	140.0592670	-35.4086932
Nazca	1899037	-75.1048498	-14.8535484
Phara	1919881	-69.5693561	-14.0769356
Bützsee	22134	12.9012429	52.8324476
Arróniz	346190	-2.1138879	42.5539499
Anger	2431021	11.0343692	50.9761523
Cisla	343847	-5.0181254	40.9718686
Krzyżanów	6410835	16.2875884	50.3940074
Choco	1891404	-72.0809074	-15.4235110
Anjra	2752881	-5.5246601	35.6914347
Ighil	3535491	-8.3555682	31.0059209
Paico	1930979	-73.6621206	-14.0156228
