Klaipėda	1713458	21.1497974	55.7042643
Leury	74042	3.3391106	49.4248943
Guisy	1164734	2.0024741	50.3880131
Kursk	1646090	36.1922479	51.7270356
Moloy	149997	4.9317433	47.5392400
Issor	2144405	-0.6584372	43.0892665
Juxue	1553165	-1.0423109	43.2286160
Lessy	120706	6.1034452	49.1260268
Ars-en-Ré	112859	-1.5256482	46.2120999
Songy	1739982	4.4627306	48.7919795
Juzes	1228855	1.7957274	43.4460282
Ommoy	3317621	-0.0223674	48.8548525
Parux	2845807	6.9206872	48.5429295
Val-d'Épy	140210	5.3893213	46.3767981
Lizos	2444586	0.1443187	43.2590449
Oroix	1813195	-0.0212603	43.2948331
Sazos	2323271	-0.0440298	42.8614686
Muron	1086607	-0.8690585	46.0070025
Izaux	2302320	0.3774730	43.0566715
Lonny	3286375	4.5875216	49.8149603
Quers	1654502	6.4237000	47.7272173
Venoy	957738	3.6486480	47.8079044
Bréhéville	916194	5.3358308	49.3827887
Duzey	2980627	5.6143635	49.3596408
Jully	3216755	4.2956655	47.7730480
Rosis	270006	2.9843398	43.6296575
Ussat	1336038	1.6216026	42.8337763
Tuzie	396771	0.1502709	45.9712882
Suzan	1958337	1.4340268	43.0291566
Orist	116823	-1.1838460	43.6328259
Dégagnac	122582	1.3327536	44.6719991
Taizy	3257997	4.2624892	49.5117838
Hours	167697	-0.1705549	43.2235254
Lanvénégen	122796	-3.5379553	48.0047583
Tychy	2812252	19.0067845	50.1264980
Tychy	2426002	19.0067845	50.1264980
Nevoy	164538	2.5916446	47.7333999
Tiros	314583	-45.8083379	-18.8367729
Moisy	270477	1.3197033	47.9191519
Oisly	570215	1.3793618	47.3954574
Moult	195300	-0.1700332	49.1129918
Tyler	6603689	-95.3073811	32.3304455
Royer	1171159	4.8273024	46.5561072
Lozza	46077	8.8607379	45.7745071
Renwu	2106956	120.3619877	22.7054474
Saizy	161907	3.7046419	47.3571845
Brouy	1227942	2.2911789	48.3267414
Villabáñez	344090	-4.5078610	41.6256741
Siros	2195055	-0.4889583	43.3435729
Kutno	2929612	19.3875950	52.2220021
Kutno	2929611	19.3875950	52.2220021
Ivančice	442061	16.3673437	49.0904314
Krnov	439377	17.6705517	50.0953671
Murom	7236155	42.0203776	55.5630606
Reußenköge	1416815	8.9194551	54.6054054
Sajóivánka	1428427	20.5869795	48.2582489
Outes	341667	-8.9140705	42.8456681
Messy	954158	2.7029227	48.9662553
Trazo	343883	-8.5292952	43.0109245
Lioux	149394	5.3113067	43.9783801
Alibánfa	1357192	16.9225626	46.8958810
Tarzo	46563	12.2220271	45.9654706
Gours	89252	0.0266742	44.9999993
Semjénháza	1320766	16.8515769	46.4038351
Pompu	40051	8.7940946	39.7296242
Fruiz	343974	-2.7895023	43.3277038
Wuwei	165830	102.8282646	38.1088402
Nurri	40015	9.2094723	39.7019494
Kretz	544321	7.3620467	50.3974684
Pesoz	346393	-6.8618793	43.2733847
Ourol	344816	-7.6382448	43.5542456
Quins	1362005	2.3751793	44.2333007
Tosya	1781114	34.0922676	41.0210103
Tsogt	7304782	96.5579114	44.2605424
Tuzla	1276010	29.3721729	40.8926516
Tewor	4001374	-11.3502406	6.9412572
Conwy	297287	-3.7591347	53.1464250
Tepus	5615298	110.6567662	-8.1195232
Souya	4053918	142.2493856	45.2638330
Pachalik de Tahannaout باشوية تحناوت	5177082	-7.9485689	31.3556030
Savur	1849197	40.9009420	37.5888138
Lugus	3813850	120.7851866	5.6995688
Lalapaşa	1833421	26.7690452	41.8797363
Vieux	279191	-0.4423813	49.1130572
Ločenice	437685	14.5394601	48.8211128
Hegyhátsál	1131409	16.6489261	46.9561407
Sezze	41316	13.0448971	41.4936347
Brebì/Belvì	40173	9.1600200	39.9723042
Libějice	438656	14.6213593	49.3758423
Pratz	1540757	5.7547063	46.3834925
Tomor	1317809	20.8860290	48.3272174
Útěchovice	436892	15.1190782	49.4765038
Kobeřice	437664	18.0602048	49.9863604
Sluis	295460	3.5166294	51.3256628
Trins	78333	11.3939628	47.0622031
Plazy	441927	14.9656830	50.4187176
Rudow	55757	13.4945923	52.4193821
Hulst	2715231	4.0374177	51.2910079
Galgahévíz	1390979	19.5680687	47.6292541
Maňovice	438270	13.6508715	49.3892794
Haßleben	2411243	11.0023205	51.1170824
Loyew	5598630	30.7889792	51.9437909
Odzun	2398673	44.6123886	41.0514089
Poway	2296284	-117.0113019	32.9960910
Paběnice	441856	15.3015263	49.8427228
Urgun	6598770	69.2166611	32.9874313
Mařenice	440186	14.6669627	50.8202738
Zator	2763176	19.4246000	49.9860378
Vaulx	2918425	2.1033400	50.2713391
Usuki	4004829	131.7482149	33.0791685
Unzen	4010087	130.2153509	32.8064210
Hurum	412364	10.5243691	59.5727831
Tepus	5615616	110.6449306	-8.1303746
Vecsési járás	2376243	19.2871040	47.4041787
Rausu	4069623	145.4193050	44.1893479
Tervo	2433381	26.7470328	62.9602151
Sluis	2714658	3.3950423	51.2953965
Kőszárhegy	1361445	18.3380221	47.0941952
Csákberény	1321966	18.3282253	47.3518070
Thurn	1020827	12.7732202	46.8704523
Moros	340802	-1.8322172	41.3978681
Azrou	2819460	-5.2222658	33.4391063
Tirns	2658805	5.6266321	53.0611494
Issum	167991	6.4225208	51.5212177
Kusey	3693969	11.0755162	52.5509698
Tower	136850	-92.2844436	47.8093385
Steyl	1411823	6.1258155	51.3349709
Ulmiz	1683414	7.1997754	46.9298350
Pirow	1289817	11.9191208	53.2153881
Torcy	402764	2.6461001	48.8534021
Rytel	7634315	17.7796323	53.7794291
Skalička	436803	17.7907157	49.5198079
Putre	406176	-69.3412553	-18.4902225
Torcy	1208541	2.0170274	50.4862019
Skalička	436857	16.5185989	49.3644135
Zvole	442570	16.1695677	49.5055365
Muqui	1828252	-41.3621531	-20.9328847
Lukov	442661	15.8227086	49.0736800
Sruni	3814964	110.5235514	-7.5607135
Lac Adèle	1864697	-67.6676352	48.6718941
Svart	5361467	9.1515635	58.8150350
Wotho	3825995	165.9777825	10.1000000
Zauro	3708175	4.2823785	12.5009553
Iłownica	4847929	18.8531598	49.8658526
Iwiny	6374575	17.0735532	51.0465271
Tartu	2153396	26.7309094	58.3748447
Gubławki	6831938	19.6556342	53.7415753
Sampława	6832976	19.6761110	53.5021196
Trzek	7803994	17.1738879	52.3591574
Lutom	7634302	17.8024657	53.7109724
Vinto	4505700	-66.3710732	-17.3409844
Kähkijärvi	6797494	24.1652094	63.0827698
Busur	6314214	21.3919515	44.2330863
Kociołki	3200888	21.5499181	51.5445000
Einárjávri	5358424	28.4236957	70.1711927
Gállojávri	7202142	23.6952301	69.0932353
Váriláddot	7193535	23.1008841	69.0481784
Lávkajávri	7189254	22.9967336	68.8168818
Atuwo	3707965	4.7090587	11.3733097
Kursk	3348896	36.1922479	51.7270356
Syuna	4666771	81.6500820	29.2618106
Gurun	3710530	8.0200277	12.3541833
Znaur	2027317	43.7354118	42.2288324
Bahçecik	1761474	27.9079243	38.4384274
Yixin	2172904	104.8946755	31.7335104
Mukot	5819650	83.2267802	28.8947382
Mosso	45642	8.1071079	45.6690619
Horst	1418615	6.0505841	51.4573370
Hulst	296119	4.0876998	51.3315365
Grešlové Mýto	437151	15.8911485	48.9822455
Horst	1473805	10.7688664	53.6202390
Lukov	438726	15.9060578	48.8589784
Krásná Hora	440670	15.4638789	49.6021880
Louro	3955667	-8.5443966	41.4326708
Yutan	169578	-96.3949780	41.2435905
Horst	447194	9.6137554	53.8060038
Xiluo	3630192	120.4502291	23.7796967
Kluky	442559	14.7165795	50.4297784
Motul	5961519	-89.3372987	21.1653843
Modrá Hůrka	437730	14.5217653	49.1754876
Isla Añihué	6587917	-73.2655657	-42.3300769
Ko Tun	5734216	102.3918810	11.7746388
Zhuqi	2794566	120.5984457	23.5012501
Lukov	440894	17.7373392	49.2996240
Tetiz	5961564	-90.0519343	20.9562793
Kluky	442602	15.3092040	49.8988731
Munro	1282753	-58.5191839	-34.5277024
Kociołki	6803058	23.0721850	54.2782683
Horyn	7525836	29.1342552	50.7290838
Passy	75343	6.7176467	45.9578420
Moiry	3258669	5.2826431	49.6000518
Zvole	441724	14.4139245	49.9327377
Zvole	439428	16.9063374	49.8413825
Kluky	437382	14.2481268	49.3159002
Pisky	3239058	25.1255255	50.3497710
Kryve	3167107	25.0888775	49.4118747
Horní Kalná	440235	15.6145908	50.5690858
Givry	2092701	4.7496116	46.7688760
Kühmamäe küla	355128	27.2093939	57.8723835
Ejiri Chō	2935622	133.8757016	34.3198631
Šterusy	2204221	17.6751492	48.6085066
Temma Chō	5899082	133.7789815	34.2835928
Buryn	2407685	33.8224387	51.1963770
Kõrgemäe küla	350499	26.2663410	59.3412845
Stoszów	7696978	16.7253086	50.7827197
Rybky	2203803	17.3351983	48.7166213
Atzum	1729690	10.5804890	52.1762320
Jardín II	6120466	-63.0258245	-40.8099883
Lukov	2277777	21.0888799	49.2839560
Livov	2277833	21.0849849	49.2385810
Lityn	405056	28.0720754	49.3295596
Coupy	6802059	5.8455866	46.1116521
Miory	1180081	27.6300682	55.6233857
Luoxi	1226765	114.7663477	26.8767134
Luzim	5928149	-8.2475788	41.1542903
Ward 12	5755916	81.6233508	28.0474368
Ward 11	5755915	81.6238556	28.0553523
Gemerček	2274770	19.9961693	48.3271516
Nozay	112493	-1.5993360	47.5728818
Nyvra	3167272	26.2151270	48.7168132
Vuren	301909	5.0609242	51.8431607
Białutki	4239749	20.6282227	52.2408643
Wiercień	6900658	23.0440135	52.6869593
Moiry	1685050	6.4515006	46.6543921
Wynne	111421	-90.7881248	35.2306565
Satus	237292	-120.0883501	46.2320455
Vėžaičių seniūnija	3613230	21.5006675	55.7192321
Torcy	1641413	2.6349902	48.7988110
Venus	114466	-97.1018036	32.4276645
Xikou	2848252	120.3944314	23.5973415
Kryve	3167106	25.9723666	49.4093569
Xinyi	3585236	121.7736505	25.1275127
Watou	2241305	2.6449117	50.8451864
Murom	6609208	36.7056272	50.3109683
Holtz	4036348	-76.6039860	39.9421408
Oxley	5761356	147.6151793	-30.9931387
Rossi	6068721	149.4921377	-35.4895731
Yasky	4660809	30.0780951	46.5164458
Oxley	5739935	144.0313701	-34.0486423
Olost	6269040	2.0948856	41.9850754
Zubiv	3167018	25.6205434	49.3016751
Buzuk	4032836	71.1439993	41.5121352
Tymin	7064483	23.4707046	50.5343357
Nozay	34057	2.2375730	48.6594627
Orolu	3718749	4.4743955	7.9024198
Nowosiółki	7008559	23.4960162	53.1775020
Pisky	2524617	37.6695155	48.0619544
Photu	4822685	82.0333702	29.6941536
Tyler	137317	-96.1310130	44.2767480
Monts	85771	0.6446062	47.2720841
Sarry	417950	4.4066041	48.9263883
Lukov	439350	13.8787027	50.5188517
Nowosiółki	6847207	23.3346946	51.1827993
Okoyo	3221350	14.7584951	-1.5377780
Nowosiółki	6783195	23.1790966	52.5433388
Suiku	3374100	34.7093178	64.7442965
Kłodobok	4200015	17.2090489	50.5644425
Nowosiółki	5553962	23.8359374	50.8470441
Wiercień	6105790	16.1119119	51.2994025
Dorsy	5267118	-6.5532915	54.1200173
Cabuís II	5535099	-43.4003572	-22.8080579
Trevo	7037667	-44.0899376	-20.0240247
Horst	54029	7.0330449	51.5332285
Sauyo	1751070	121.0495068	14.6940209
Quint	5775485	6.7046883	49.8252795
Livov	2277706	21.0849849	49.2385810
Lukov	2277710	21.1035606	49.2838802
Posey	2844369	-6.9543385	52.5705842
Straw	4821263	-6.9336403	54.9755217
Kélégougan	6614632	1.2433460	6.1978739
Straw	5011761	-6.8023079	54.7801558
Šterusy	2204214	17.6751492	48.6085066
Uwazi	7703021	39.2463488	-6.8833221
Kusey	5308033	11.1019509	52.5520509
Munro	2612450	147.1945308	-37.8622800
Nivky	2206928	17.0611249	48.5064016
Ward 12	2778324	106.7052278	10.7659598
Ward 12	3610170	107.1675450	10.4264359
Ward 11	3610169	107.1321131	10.3962954
Ponto	6059207	148.7882497	-32.4817215
Yunta	6370454	139.5298997	-32.5996768
Ward 11	6227927	106.6624475	10.7542184
Ward 12	6228788	106.6713442	10.7740973
Ward 11	6228787	106.6788176	10.7736689
Ward 12	3797308	106.6997152	10.8129542
Ward 11	3797309	106.6935153	10.8157293
Ward 12	3849099	106.6736738	10.7882327
Ward 11	6227865	106.6747394	10.7932517
Ward 12	6227866	106.6784325	10.7926868
Ward 12	6227928	106.6610638	10.7568653
Gemerček	2274617	19.9961693	48.3271516
Grunt	1692742	21.2132558	48.7155304
Nurom	6610529	138.0963650	-33.3177621
Short	6719257	140.5837862	-37.3700185
Sotby	1861829	-0.1989672	53.2904379
Tumby	1840737	-0.1351331	53.1122654
Conwy	5214736	-3.8532955	53.2849093
6e Bélair	409292	-74.3861750	18.3912677
Ovest	6642358	10.9321986	45.4516773
Zvole	431414	15.9802341	50.3624790
Mařenice	433763	14.6816342	50.8036130
Horní Kalná	431581	15.6145908	50.5690858
Lukov	431110	14.0586015	50.3352916
Cumry	5683804	-6.9397427	54.1139039
Wrose	7187838	-1.7495638	53.8271658
Rybky	2203786	17.3351983	48.7166213
Vrcov	429911	14.6646024	48.9163926
Kluky	434534	15.8453052	50.1736259
Velký Uhřínov	428179	16.3724141	50.2687607
Stará Hlína	425894	14.7952890	49.0413979
Krnov	434595	17.2076481	49.6973591
Spyta	428736	16.0457900	50.3809923
Horní Roveň	429098	15.9956384	50.0256546
Plazy	434847	14.9656830	50.4187176
Ward 11	3849098	106.6697785	10.7866883
Rudov	429655	15.5893912	49.8899765
Středolesí	432100	17.6335659	49.6026014
Paběnice	427637	15.3015263	49.8427228
Komárov u Štědré	425614	13.0633803	50.0299500
Modrá Hůrka	427284	14.5217653	49.1754876
Kroměždice	432252	13.4047373	49.4084518
Maňovice	424101	13.6028770	49.4487162
Dobešice	432812	14.2577971	49.3288390
Kobeřice	433750	17.1156885	49.3675779
Ločenice	436363	14.5359017	48.8244372
Lhoty	431746	15.9555244	49.7139821
Lobzy	425353	13.4162014	49.7419716
Ivančice	427621	16.3712427	49.1146154
Butov	432332	13.0531210	49.7718283
Krásná Hora	435953	15.4756205	49.6031254
Daměnice	434913	14.8917525	49.5782875
Libějice	434691	14.6213593	49.3758423
Mračnice	424672	12.9004126	49.4981332
Grešlové Mýto	434272	15.8911485	48.9822455
Ward 12	6893431	106.6505422	10.8001302
Ward 11	6893386	106.6474416	10.7892160
Ward 11	6909605	106.6614773	10.8389364
Ward 12	6909606	106.6408989	10.8364658
Hocapaşa	7648854	28.9772563	41.0142108
Oppum	6047238	6.6149453	51.3217620
Caracará	6829146	-38.2671405	-4.0092772
Stook	5445281	-7.9897447	52.8298517
Oxley	2562057	146.3737653	-36.4449501
Ouyen	3112546	142.3128044	-35.0688001
Tłustoręby	5624245	17.4986989	50.6513389
Pyote	6587598	-103.1224797	31.5378355
Vaulx	75705	5.9978151	45.9257645
Vieux	1468058	1.8662898	44.0008282
Torcy	78000	4.4530478	46.7650215
Nunez	119655	-82.3444537	32.4924015
Lutoryż	7109619	21.9036354	49.9640831
Nowosiółki	7096932	22.9305645	53.2572647
Nowosiółki	7046276	23.9067705	50.5285057
Uvwie	3716972	5.7934849	5.5646946
Smyer	6595944	-102.1630630	33.5903775
Selty	6824260	52.1390143	57.3076448
Loisy	1771027	5.0072945	46.5938249
Nowosiółki	6950723	22.2871243	49.4005606
Thors	154520	-0.3157691	45.8253342
Ars-en-Ré	2500712	-1.4415185	46.2212158
Nguru	3698578	10.3685154	12.9848287
Bzowo	6917097	16.4757884	52.8549742
Passy	1492907	3.3031369	48.1134550
Riyom	3720626	8.7049250	9.5564637
Vynen	5688421	6.4109689	51.7078062
Sowin	4156643	17.6185363	50.5495618
Givry	3287782	4.5330294	49.4881027
Villy	3259369	5.2262737	49.5925871
Givry	3342852	3.7931739	47.5119636
Iwiny	6055823	15.7181986	51.2164992
Nozay	2635664	4.0793410	48.4981826
Loisy	113051	6.1011351	48.8693684
Sarry	3333445	4.1094032	46.3115128
Sarry	3345658	4.0790983	47.6645633
Trevo	3408975	-44.0110767	-19.8340597
Kusey	2505069	11.0968409	52.5827006
Tower	6167858	-8.6098516	51.9237428
Iwiny	3256910	19.8253572	50.1796974
Risso	3289343	-57.5721292	-33.6237637
Thors	3003417	4.8077037	48.3037172
Surin	169906	0.3745021	46.0822151
Villy	899209	3.7500145	47.8637061
Passy	3337530	4.5353706	46.5400578
Surin	154183	-0.4595582	46.4656864
Monts	531629	2.0011071	49.2195093
Oxley	6838179	149.0789746	-35.4092614
Piątnica	5896065	16.1749897	51.2177176
Horst	7474575	9.5346578	52.4431514
Maldėnai	6843522	22.9403122	54.6467951
Villabáñez	2374267	-3.9483831	43.3133434
Mierčiai	6945571	22.9390641	54.7338126
Kutuh	7760983	115.1857892	-8.8268182
Encañada	1896124	-78.4079552	-6.9816201
Tetiz	6431000	-89.9335302	20.9626476
Shuxi	6790598	119.8225946	28.8310354
Urpay	1968059	-77.3701031	-8.3255753
Olost	345997	2.0896049	42.0020875
Šiurpys	2716318	26.1486931	55.6436989
ež. Lukštas	1721512	25.2781989	55.3794485
ež. Lukštas	1724631	26.1996664	55.8431276
Muqui	1948334	-75.4356978	-11.8377581
Pratz	6820314	4.9137167	48.2340708
Kociołki	7244965	22.4605984	54.2950757
Onuškio ež.	2841562	24.5938619	54.4928517
Horst	3190458	7.1067043	51.4376903
Sugul	6530603	86.2724179	51.9464509
