Turku	399906	22.3299162	60.5354051
Tyrol	52343	11.1625679	47.2530545
Luppy	120832	6.3436860	48.9805318
Vizos	2332920	-0.0067207	42.8929783
Tarzy	2005914	4.2939128	49.8749535
Douzy	5710693	5.0335853	49.6660205
Turgy	2677904	4.0578642	48.0333578
Sfruz	47130	11.1759806	46.3406951
Sissy	153680	3.4167292	49.8088147
Trovo	44607	9.0445163	45.2885308
Carandaí	315438	-43.8390001	-20.9950000
Surgy	161910	3.5060588	47.5170057
Fussy	191432	2.4199117	47.1436435
Arándiga	342655	-1.4831681	41.5293760
Loury	148203	2.0951469	48.0046033
Cheneché	1245703	0.2697224	46.7473344
Cavaglià	44912	8.0999714	45.3999038
Celldömölk	1132249	17.1585034	47.2361562
Oleśnica	3148794	17.3829470	51.2102428
Oleśnica	2942230	17.3829470	51.2102428
Poljčane	1676317	15.6006857	46.3042816
Migueláñez	341489	-4.3845780	41.1396557
Carambeí	297817	-50.1710714	-24.8906880
Rumst	58824	4.4186171	51.0953870
Stryi	2518594	23.8391362	49.2554159
La Flèche	107550	-0.0572653	47.6911814
Gouvy	2442852	5.9132967	50.1908916
Jabloňov	441723	16.0869075	49.3225310
Alaşehir	1822974	28.4849259	38.3212012
Karapürçek	1252531	30.5115578	40.6218823
Libětice	438831	13.8611422	49.2158560
Scheeßel	357189	9.4859085	53.1779542
Alcalalí	347418	-0.0418534	38.7503467
Rezzo	42787	7.8638630	44.0129532
Břevnice	440501	15.6095993	49.6406969
La Prétière	111417	6.6135299	47.4494264
Palmácia	302631	-38.8048313	-4.1235001
Dětenice	440043	15.1582404	50.3613592
Beřovice	440945	14.1293123	50.2657081
Marcaltő	1078542	17.4184817	47.4110540
Libčeves	439297	13.8335765	50.4530918
Żuromin	3030246	19.9148214	53.0609484
Lenešice	439298	13.7464399	50.3805271
Muqur	6602919	67.7687541	32.9398331
Muqur	6560685	63.0953536	35.1836465
Pravčice	437374	17.4947837	49.3330068
Setzu	40057	8.9449286	39.7368104
Zduny	2705303	17.3755882	51.6460310
Otoyo	4034644	133.7420395	33.7835230
Csurgói járás	2376274	17.0599749	46.2867933
Mátranovák	1372092	19.9761286	48.0504339
Sámsonháza	1370528	19.7281157	47.9916492
Pełczyce	3009001	15.2966522	53.0464121
Uzwil	1683954	9.1207638	47.4442688
Tully	1243882	1.5151244	50.0822728
Outiz	3955909	-8.5579593	41.4126090
Křižovatka	439463	12.4104434	50.1815928
Đại Từ District	7113512	105.6111750	21.6040334
Lac Dième	3132128	-74.2349461	48.9566398
Leppäjärvi	4785392	23.7179704	61.8552344
Möllerödssjö	2739526	13.7243195	56.2768557
Sugry	6786136	23.6054543	51.8760796
Pöllälampi	7264814	29.0920275	61.3410047
Malý Jordán	7388392	14.6689971	49.4364438
Izvor	6334529	21.6350510	43.8641853
Amenábar	7327832	-62.4237722	-34.1319063
Gåstjärnen	6845102	15.6751696	60.2204427
Lægetjørna	6331166	5.3009975	61.1487240
Ibicaraí	362342	-39.5570000	-14.8500000
Słupnica	6876396	19.2903734	53.5141644
Izvor	6649291	22.5203551	42.5062004
Ščitarjevo	5996921	16.1273376	45.7658072
Prątnica	6832986	19.8088121	53.4756364
Izvor	5351695	22.6505596	43.1565424
Izvor	7226813	22.3877097	43.0749931
Pełczyce	6373120	17.2131608	50.9056783
Pełczyce	6374750	16.9619116	50.9644357
Nietążkowo	3507654	16.5133992	51.9949899
Dębowiec	6318168	17.0947862	50.5995373
Säkkijärvi	296396	22.5516150	62.3159931
Köyliönjärvi	163429	22.3435328	61.1187938
Leppäjärvi	4756466	23.6848636	61.7430647
Izvor	6970364	21.7268521	43.2095101
Måkatjørna	2513113	5.9052534	58.9150587
Sáltejávri	7221987	23.9989149	68.8203723
Wurno	3703531	9.6352227	11.3073994
Kusur	3698697	12.0393444	12.6045081
Pozos	5657135	-84.1971037	9.9537842
Wiltz	1357531	5.9447795	49.9834864
R.Ngọn Tri	1335252	106.7985447	10.7984885
Lac Râble	196786	-76.5764413	47.0718910
Souto	6427539	-7.3540632	41.0319439
La Flèche	1659954	-0.1276262	47.8203679
Twist	1815278	7.1207649	52.6744704
Červený Újezd	440726	14.6187208	49.5686080
Wezup	1381316	6.7133206	52.8196865
Wyzgi	6833276	23.6030564	53.5346482
Radětice	442494	14.0777236	49.6410218
Kisiołki	7083485	22.0153084	53.1105426
Radětice	438732	14.4315129	49.3218061
Kjølsøyvågen	7827349	8.8810601	63.6344850
Tully	175862	-76.1081604	42.7993509
Troup	6603688	-95.1233885	32.1453684
Angélica	334047	-53.8900645	-22.0557667
Červený Újezd	442485	14.1772014	50.0772500
Serwy	6822721	23.1641602	53.9100659
Strum	1251486	19.7218052	40.7725127
Mikłasze	6898294	23.3145170	52.7268572
Krupy	7795267	22.3684353	51.5776981
Łoje-Gręzko	6862224	22.4378423	53.3660536
Urros	5717593	-7.0272915	41.0759260
Zeust	3541442	14.2767921	52.1341546
Catuçaba	7609325	-54.1231038	-30.0712451
Albardão	7341073	-52.6326235	-29.8696125
Catuçaba	3028713	-45.2106751	-23.2916226
Angélica	4111076	-53.8236103	-22.0709814
Letničie	2193414	17.1862025	48.7048291
Etzen-Gesäß	2129877	8.9913871	49.7633445
Ibicaraí	6618388	-39.5570000	-14.8500000
Sääritsa küla	354850	27.0741828	58.7480256
Gafanhão	6338932	-8.0267533	40.9010194
Malé Borové	2169287	19.5419134	49.2263799
Zona 11	6179965	-60.8242264	-32.9262544
Zona 12	6179966	-60.8322227	-32.9269411
Souto	6022214	-8.5596495	40.8932640
Souto	6457254	-8.2400274	39.5662175
Teplička	2381995	20.5824230	48.9036088
Agha ED	2337496	-6.9081531	52.7372064
Rumst	58864	4.4392418	51.0857933
Buzzo	4683291	-69.0586461	-45.5900212
Dolní Zimoř	442338	14.5034639	50.4314439
Dębowiec	6915018	21.4529937	49.6817397
Kozyn	6299477	26.4148572	50.1453416
Wuqiu	3339702	119.4726408	24.9829884
Strum	251771	-91.3873581	44.5523895
Teplička	439448	12.8536772	50.1448823
Oleśnica	6519329	21.0705899	50.4455204
Oleśnica	2939987	19.0819583	51.8368137
Uktur	4175088	138.4780692	50.3440307
Caffière	4002376	3.4010221	46.2266394
Izvor	6806491	21.7134460	41.5520446
Izvor	6438054	20.8271582	41.4844284
Izvor	6959468	21.5797437	42.2000064
Douzy	3266644	5.0356518	49.6746828
Souto	5636309	-8.4434004	41.8172542
Dębowiec	5641954	18.7151754	49.8244960
Będziaki	6427025	20.5922281	50.3272515
Łatanice	6477185	20.6950509	50.4115678
Dębowiec	6891680	19.7188327	53.2517367
Purgałki	6637619	20.3141797	53.2222383
Gluzy	6477341	20.7181095	50.4009493
Serwy	2386137	23.2127500	53.9185484
Pełczyce	6530243	21.3770142	50.6451211
Dębowiec	6431093	20.3675626	50.3967866
Bęczarka	3547170	19.8607927	49.8782371
Tully	5422791	-6.6061006	53.9437506
Tully	5479640	-7.8414627	54.0332370
Summy	5601307	-8.4624983	54.8192052
Tully	4200328	-6.1776955	54.6519229
Tully	4122903	-7.6377493	53.3845403
Urros	3856960	-7.7954761	54.4323437
Malá Paka	2206646	17.3813398	48.0459096
Tully	2981847	-7.5909752	54.2844411
Tully	5461077	-6.9721392	54.4063382
Tully	4871883	-6.9906713	55.0448773
Tully	5505062	-8.0354725	53.9358812
Tully	5367604	-6.9514531	54.3269513
Tully	5373191	-7.0097628	54.2844785
Tully	5658932	-6.9752812	54.2411583
Tully	4260288	-5.9793075	54.9593622
Tully	5602004	-8.1541109	53.1935370
Tully	4864568	-8.0174785	53.8823971
Tully	5140394	-7.2013932	55.0264417
Tully	2338575	-7.8500332	53.7374799
Tully	5485882	-7.1282506	54.4354664
Tully	4246073	-7.2093646	53.7724248
Souto	5551631	-8.5405482	41.3488637
Tully	4184569	-7.8449600	53.4141578
Adakpamé	6615991	1.2869931	6.1761109
Tully	3842262	-7.7125674	54.2613386
Tully	5504461	-8.1738903	54.4929980
Tully	5119896	-8.0247806	53.7932515
Högsbohöjd	2075096	11.9154285	57.6719705
Tully	3569158	-7.6762456	54.4356368
Letničie	2193392	17.1862025	48.7048291
Fončorda	4244148	19.1154610	48.7306067
Tully	2392473	-7.6603238	53.6248584
Tully	4602128	-7.5890179	54.5948980
Tully	6033911	-9.2491302	53.8159338
Tully	6186456	-9.7857124	53.7366283
Teplička	2381978	20.5824230	48.9036088
Malé Borové	2230950	19.5419134	49.2263799
Tully	2921788	-7.6436999	54.1848221
Tully	3587740	-8.3857537	54.2730908
Tully	2300995	-7.5613950	53.7381005
Tully	4248457	-8.3080292	54.0970658
Tully	4210319	-7.3516264	54.6363984
Tully	5430621	-7.8006553	54.0484304
Tully	5636845	-8.2659937	54.3449903
Madočany	2168190	19.4051551	49.1128223
Tully	4761723	-8.7172398	53.8077032
Tully	5546681	-8.2849182	54.2130314
Wylye	5573946	-1.9947449	51.1488682
Pkt -IV	3803060	77.2923672	28.6021801
Tully	1606651	-7.3270103	54.2449792
Dětenice	428187	15.1436768	50.3609442
Jabloňov	431246	16.2557932	49.4618782
Tully	5633022	-8.0778383	54.6467901
Březenec	429171	13.4137915	50.4971658
Tully	5452594	-6.7948766	54.5913487
Tully	5758039	-7.4732134	54.0412827
Tully	4221220	-8.4002445	54.0454065
Beřovice	426340	14.1294588	50.2652580
Žďár u Staré Paky	430206	15.5099708	50.5365531
Tully	4122902	-7.6294784	53.3861169
Loyst	5687452	-6.9820484	54.1642973
Swyre	5672125	-2.6780047	50.6938391
Tully	5342505	-7.5311742	53.9771424
Tully	4783116	-8.4288896	53.8124347
Milíře u Rovné	425789	12.7158611	50.1296157
Křižovatka	424430	12.3939742	50.1969938
Tully	3437438	-9.4881639	53.2433525
Tully	2963267	-8.5694871	54.2724010
Hohegeiß	4774801	10.6575730	51.6693096
Lenešice	433450	13.7464399	50.3805271
Teplička	425693	12.8536772	50.1448823
Libčeves	435995	13.8358296	50.4445182
Denětice	425222	13.4791015	50.3808642
Tuhaň u Dubé	425876	14.4577478	50.5403119
Dolní Zimoř	425992	14.5034639	50.4314439
Istvánmező	3233768	19.0954867	47.5064730
Tully	3632015	-9.3355307	53.8503315
Tully	4042296	-8.4772623	53.5091003
Tully	5231198	-8.3002081	53.5194146
Červený Újezd	428890	14.1772014	50.0772500
Nemějice	427060	14.3615276	49.3213089
Břevnice	429625	15.6095993	49.6406969
Libětice	423304	13.8611422	49.2158560
Dolní Rudná	429981	16.5684341	49.6508998
Souto	5552013	-8.5125815	41.3773842
Velká Víska	434508	13.9192444	49.8376091
Radětice	436226	14.0777236	49.6410218
Stará Rudná	434487	17.3785076	50.0184536
Tully	5165833	-8.1608901	53.7254349
Pravčice	433289	17.4947837	49.3330068
Tully	5404203	-6.6558093	53.9008724
Hostěrádky	433071	16.7797973	49.1195586
Želeč u Tábora	435595	14.6526146	49.3200626
Tully	5554567	-7.6482587	54.9140615
Tully	4201007	-8.0919396	53.3275468
Tully	5385441	-7.7416088	55.2021460
Tully	4272924	-6.0780054	55.0750414
Tully	3631266	-7.6197615	54.2991149
Groß Köhren	3900540	8.5729877	52.8803801
Tully	3629782	-8.4721376	54.3120063
Tully	5311676	-7.4250123	53.9970804
Dolné Sľažany	2209837	18.3229471	48.3829215
Tully	4165855	-6.1996517	54.8356327
Upwey	2423691	145.3241873	-37.9039107
Tully	3619633	-7.8122037	54.4554702
Dębowiec	6854062	23.1504884	51.3911477
Zduny	3999938	18.1596336	51.7378407
Dębowiec	4029352	17.9434402	53.8735152
Chacayán	1948456	-76.4314537	-10.4717700
Vougy	75359	6.4863051	46.0662429
Małków Nowy	7116737	24.0180546	50.6430895
Oleśnica	3713498	18.6067426	51.3743155
Voort	5658915	5.3110409	50.7917237
Wurno	3707390	5.4760516	13.2428503
Souto	4168834	-8.3474157	41.6908691
Gogołowa	3850286	18.5901256	49.9872892
Yorro	3720865	11.5067843	8.8803048
Dębowiec	5563159	17.5227634	50.2846529
Vougy	901119	4.1236821	46.0967865
Souto	6304246	-8.4499941	41.4179256
Souto	6015641	-8.4953644	42.0398513
Souto	5765210	-8.3767912	42.0292244
Oituz	1268673	26.6470693	46.2366270
Souto	6015726	-8.5227801	42.0548309
Uyuni	4446307	-66.1881449	-17.4018627
Souto	5997649	-8.3950701	42.0594078
Souto	6301067	-8.5343910	41.4390290
Souto	6303667	-8.4585321	41.4568928
Souto	6301491	-8.5312861	41.4457262
Souto	5760826	-8.2915625	42.1041525
Souto	6015351	-8.4735881	42.0123977
Souto	6013890	-8.4962949	41.9978722
Angélica	5608548	-61.5458203	-31.5504931
Macachín	3902600	-63.6669293	-37.1359348
Sabandía	1887811	-71.4598871	-16.4522286
Oleśnica	6123048	20.9394949	50.1754347
Angélica	4162940	-61.4929836	-31.5290739
Turpo	1929605	-73.4776746	-13.7842297
Zduny	7212294	19.7572844	53.9653637
Dębowiec	7090822	23.3296531	50.8007704
Kalnynų ež.	4083979	23.7076121	54.5002559
ež. Kania	6061633	25.7510437	55.1290900
