Chambéry	74386	5.9019881	45.5821861
Épaignes	3327639	0.4561774	49.2725269
Darnétal	136392	1.1574923	49.4463762
Écorches	3319381	0.0841336	48.8715648
Craménil	1103088	-0.3671007	48.7437539
Sallèdes	362642	3.3270845	45.6459904
Gardères	398772	-0.1148996	43.2814387
Lairière	2753120	2.4804832	43.0280207
Chêne-Sec	147907	5.4450708	46.8564405
Briançon	85421	6.6549128	44.8993963
Collinée	358252	-2.5260126	48.2899303
Sécheval	3259089	4.6629295	49.8612386
Québriac	144975	-1.8111748	48.3578802
Lanhélin	134217	-1.8293940	48.4547693
Tresbœuf	909651	-1.5562628	47.8948109
Crécy-Couvé	71564	1.2832113	48.6776000
Chevillé	107483	-0.2229730	47.9441742
Pomarède	124615	1.1735926	44.5595217
Sébrazac	115822	2.6560923	44.5357449
Guérande	181145	-2.4106744	47.3358009
Sérilhac	121667	1.7286039	45.0960498
Passabém	315363	-43.1855001	-19.3595000
Magallón	340455	-1.3582431	41.8236879
Chédigny	1245534	0.9899670	47.2179215
Biéville	401799	-0.8881986	49.0738145
Méailles	2145020	6.6473988	44.0426539
Champéon	1804732	-0.5181737	48.3588765
Pejuçara	242624	-53.6216119	-28.4447030
Villahán	346171	-4.1418676	42.0519635
Laguépie	136598	1.9483686	44.1638757
Gönnebek	405630	10.1723343	54.0499212
Zájezdec	440229	15.9300239	49.9283220
Kunětice	439975	15.8310733	50.0736995
Gargždai	2632639	21.3840573	55.7117379
Vrchlabí	440100	15.5992748	50.6367149
Apartadó	1324918	-76.5307229	7.9220226
Dapélogo	6168127	-1.5887855	12.7394223
Tecpatán	6000172	-93.5532446	17.1901230
Céspedes	5892221	-78.2748697	21.6627917
Amatitán	5605504	-103.7105200	20.8443487
Nallıhan	1738279	31.3144685	40.1885314
Nišovice	438806	13.8832502	49.1494230
Itaboraí	2220784	-42.8894097	-22.7543181
Hrabůvka	438581	17.6878980	49.5803609
Habrůvka	438090	16.7097548	49.3113694
Megyehíd	1131475	16.8455189	47.2061867
Belle-Île	2500332	-3.1969273	47.3340324
Nagykáta	1323458	19.7807516	47.4182372
Parnaguá	302821	-44.5451356	-10.3120000
Fertőboz	1491337	16.7126509	47.6574799
Kokemäki	2508074	22.4040977	61.3292760
Ellbögen	78337	11.4819659	47.1871427
Strumień	2912175	18.7552065	49.9186974
Chocontá	1346479	-73.6865782	5.1159683
La Vídola	340353	-6.4775254	41.1538911
Květnice	437965	14.6814037	50.0582408
Irauçuba	302507	-39.8296677	-3.8905000
Vácegres	1390689	19.3683125	47.6700696
Čehovice	438588	17.1753473	49.4298866
Nevězice	437336	14.1455203	49.4707403
Mišovice	437338	13.9890820	49.4956571
Pajęczno	2911374	19.0018766	51.1360964
Boharyně	439084	15.6183621	50.1979464
Csikéria	1130331	19.4835370	46.1327146
Lejšovka	439094	15.9366258	50.2988965
Weißdorf	1021698	11.8581708	50.1793132
Alsópetény	1373920	19.2345320	47.8730194
Skånland	407766	17.0266113	68.6183907
Lenti járás	2377063	16.5509530	46.6555003
Bušovice	439821	13.5463098	49.7954647
Görsbach	2399484	10.9406191	51.4584623
Abbega	2659304	5.5719485	53.0197592
Sarraméa	378406	165.8360143	-21.6151745
Thanh Hóa	7124593	105.7898915	19.8066519
Měrunice	439339	13.8035165	50.4851887
Intibucá	4627391	-88.2361875	14.2535017
Ribeirão	2709594	-35.3500152	-8.5196696
Droßdorf	2404539	12.1385438	51.0114621
Chambéry	1670129	5.9633904	45.6457420
Tandjilé	3218254	16.6523622	9.6476149
St. Ann	139976	-90.3880108	38.7270500
McAdoo	188908	-75.9907071	40.8996524
Greshicë	1251477	19.7820452	40.5587122
Lázně Bělohrad	440011	15.5824172	50.4379146
Lac Héron	7000371	-70.1269827	49.2302677
Lac Pépin	1516217	-76.1689574	48.2161459
Lac Bélus	3103104	-73.6165397	48.7742663
Bjørnsjøen	5228408	12.0022762	64.2116908
Bjørnsjøen	5228407	12.0098131	64.2131647
Fillière	6838452	6.2749540	46.0057263
Caín Alto	4467984	-67.0185420	18.1180683
Mongaguá	297939	-46.6755060	-24.0699471
Pio XII	332921	-45.0823855	-3.8635000
Miąskowo	4005394	17.3838700	52.1621833
Logärden	77695	16.0060398	60.6216284
Kjøltjønna	4728482	9.6968862	63.4885003
Čorotjávri	4515874	24.4075508	69.5004166
Bieganów	2882696	20.4919784	52.0460069
Ibirapuã	362400	-40.0338792	-17.7413795
Babica	6949363	20.9944250	43.2330841
Samodães	6354518	-7.8267755	41.1389454
Målingen	2375586	14.6627746	61.9596126
Wierśnie	6813689	23.3084570	54.0287403
Rakołupy	2729438	23.4353468	50.9890159
Troåtjønna	5876798	14.7390491	66.9296398
Lövtjärnen	3533539	19.2878324	63.9950547
Saadjärv	4567875	26.6528521	58.5408174
U jezu	363800	17.5085049	49.1294418
사근동 (Sageun-dong)	3882065	127.0451173	37.5599467
Peñalisa	5268622	-75.8701470	5.9425036
Bjørnsjøen	36213	10.6748479	60.0638505
Babala	5948479	81.2414972	29.3202524
Ebebda	3823019	11.3507608	4.4057420
Lake 114	5810326	-93.7550175	49.6726403
Lake 302	5810349	-93.7628733	49.6755497
Lake 221	5816950	-93.7268296	49.7016396
Lake 240	5816929	-93.7258613	49.6539651
Karaburç	1773707	34.4315632	38.9051381
Lac Santé	6036760	-111.5457514	53.8413270
Ondřejov	436115	14.7766323	49.9128788
Ondřejov	436922	15.1854590	49.3945203
Żyrwiny	6803526	23.1165777	54.2578201
Engativá	2214883	-74.1061905	4.6966276
Śledzianów	6790370	22.5638210	52.4985841
Bożenica	7083389	21.9667763	53.1873557
Podhradí	436770	15.3212595	50.4221841
Ołtarzew	4234716	20.7601708	52.2132423
Ribeirão	5550975	-8.5560655	41.3591813
Ribeirão	3626758	-8.5588510	41.3616137
Tłoczewo	7058493	22.6784060	52.8770371
Podhradí	435553	17.7755000	49.1476669
St. Joe	127763	-84.9041436	41.3142717
Kąsinowo	5421761	16.6249137	52.5713822
대치4동 (Daechi4-dong)	3880717	127.0548629	37.5016473
Mägise küla	353090	25.7322608	59.1416173
Tepličky	2205342	17.8501911	48.4701391
Rübenach	1111002	7.5143670	50.3564800
Cañuelas	3443239	-58.7514900	-35.0492171
PEVEP II	5325206	-67.9687450	-46.8006140
Päidre küla	351092	25.5204093	58.2633966
Kerimäki	2522461	29.2754137	61.9810901
Ribeirão	6192457	-35.3644257	-8.5276037
Kõnnujõe küla	354983	26.4550554	58.5543246
Jüriküla küla	355635	26.1850334	58.5237324
Mähkli küla	352992	26.4843622	57.7312033
Kōnan Chō Oka	5681055	134.0261254	34.2243303
Tõrvajõe küla	355442	28.0975524	59.4054735
Mongaguá	5349676	-46.6755060	-24.0699471
Hõreda küla	351751	24.9071389	59.0232880
Jõgela küla	350753	21.9894289	58.2547156
Ascensão	5197511	-44.5523736	-19.8061454
Nemešany	2275761	20.6799641	49.0149950
Ibirapuã	6585826	-40.0338792	-17.7413795
Sedliská	2322398	21.7224601	48.9088144
Henclová	2382084	20.5691188	48.7695271
Markuška	2381128	20.3148696	48.7279381
Carrière	5805818	27.5068954	-11.6081285
Hillevåg	1312723	5.7310459	58.9448671
고산3동 (Gosan 3-dong)	3960533	128.7126921	35.8485036
Podhradí	436593	12.1985509	50.2562969
La Pernía	341402	-4.5051134	43.0034955
Rębowola	6634285	20.7511319	51.8144048
Pocześle	7646319	21.8658016	50.9957590
Briançon	1686355	6.6722988	44.8317851
Międzygórz	6567193	21.5592679	50.7375111
Zvozy	3603462	25.4093669	50.9202313
Mbopicuá	5166524	-57.1605804	-24.3501779
Ćwiklice	5604781	18.9947760	49.9785558
Łubienko	6910215	21.5650257	49.6513016
Achada	7540347	-25.2606823	37.8302233
Carrière	2749627	11.4868320	3.8791147
Sedliská	2322313	21.7224601	48.9088144
Högaborg	5525161	12.7124390	56.0390769
Markuška	2381035	20.3148696	48.7279381
Bloc II	5762150	27.4660807	-11.6633147
Bloc II	5762151	27.4589830	-11.6648775
Bloc II	5804094	27.4440020	-11.6744382
Henclová	2382052	20.5691188	48.7695271
Nemešany	2275726	20.6799641	49.0149950
St. Day	5875731	-5.1896764	50.2401249
Tepličky	2205335	17.8501911	48.4701391
Boharyně	431490	15.6262412	50.2036949
Krásnice	428800	15.7254779	50.1423818
Dolní Chřibská	432235	14.4583806	50.8650337
Čakovice	427359	14.5203602	50.1497030
Lejšovka	425998	15.9366258	50.2988965
Měrunice	427050	13.8139355	50.4853728
Vrchlabí	430188	15.6111971	50.6228369
Lázně Bělohrad	428766	15.5765237	50.4289128
Těchanov	432522	17.2485721	49.8733839
Krasoňov	429792	15.4018495	49.5036912
Hůrka u Libé	424572	12.2566369	50.1232421
Genipabú	5556917	-38.7258222	-3.7320661
Chudobín	432440	17.0277049	49.6898897
Čehovice	432564	17.1753473	49.4298866
Přebudov	433219	13.6996181	49.4972262
Lhota u Dřís	426526	14.6665827	50.2300285
Prkenný Důl	434175	15.9051569	50.6445429
Pio XII	5536870	-44.5795348	-20.0866283
Élig-Éssono	3095543	11.5229539	3.8775532
Carrière	2759515	11.4909923	3.8863404
Zájezdec	427911	15.9300239	49.9283220
Dvory u Lažišť	423779	13.9439085	49.0423547
Nišovice	423926	13.8832502	49.1494230
Ingá Alto	5418174	-44.1923481	-19.9579279
Hrabůvka	430970	18.2656217	49.7886419
Pernárec	435314	15.2533281	48.9801730
Nevězice	425952	14.1455203	49.4707403
Mišovice	425493	14.0016194	49.4942091
Bušovice	425419	13.5429759	49.7903368
Dunávice	432870	14.5450983	49.8113276
Střížov u Chotěboře	428384	15.7245277	49.6780138
Habrůvka	429267	16.7097548	49.3113694
Květnice	427769	14.6814037	50.0582408
Dolní Hraničná	424631	12.2841246	50.0703810
Pláně u Plas	424969	13.3097188	49.9489010
Lanšperk	428467	16.4589092	49.9922502
Kunětice	436389	15.8310733	50.0736995
Zlámanka	434491	17.3764718	49.2399753
Laugarás	2583082	-21.8653259	64.1442024
Krabonoš	427999	14.9488262	48.8224686
Koléyeba	5579265	-8.8166600	7.7593645
Bloc II	5762147	27.4517771	-11.6586368
Bloc II	5762149	27.4630559	-11.6580051
Bloc II	5762148	27.4713653	-11.6720635
Maśluchy	7776482	22.9625228	51.4507472
Börnecke	4008392	11.0191228	51.8205620
Babica	6933760	21.8847793	49.9428639
Babica	3530928	19.5532881	49.9064953
Bieganów	6410511	16.5001184	50.5575487
Bieganów	6210874	19.9095439	50.7032219
Villahán	3217551	-4.1310642	42.0508618
Droßdorf	2655443	12.1208477	51.0082547
SHCGN 708	3351334	-47.8924831	-15.7654090
Hörfelde	1813275	8.8827028	53.7693948
Cedar 4	5405459	121.0479121	14.2911856
Acadia	6604856	-82.4538988	34.7541264
Cedar 3	4567785	121.0465438	14.2879880
Edén Rock	2453206	-54.7559925	-34.8633528
Sérignac	123553	1.0876109	44.4300916
Sérignac	145037	1.0291712	43.9277004
El Jagüel	2546834	-58.4928934	-34.8298536
Báguanos	5904270	-76.0359953	20.7855903
Aïn Fares	4595944	0.2455869	35.4771078
Garrigàs	343537	2.9441190	42.1789142
Aïn Fares	5538988	4.4838307	34.7428187
Curimaná	1922004	-75.2312159	-8.4253052
Tahuanía	1922017	-73.8384946	-9.9531121
Sękowice	3962934	17.3113704	50.5071151
Geležiai	6817496	25.1574093	54.7357508
Pio XII	4515336	-1.7964179	43.3386403
Väätsa vald	350638	25.4075042	58.9365286
ež. Luoka	5835644	21.9552403	55.9996914
ež. Lovka	6025797	24.9270981	54.6304685
Llacllín	1953280	-77.5639828	-10.1367553
ež. Samis	2836809	24.6866173	54.4754204
Karaciškių ež.	4145686	24.8275349	54.6369884
Širmuko ež.	6025804	24.9326711	54.6151987
