Écoivres	2259407	2.2848778	50.3242281
Amécourt	3159767	1.7322895	49.3762620
Bolbec	107008	0.4815632	49.5751482
Ménonval	3019964	1.4800599	49.7605449
Jurançon	166806	-0.4046202	43.2719358
Yébleron	3007393	0.5378546	49.6295533
Castétis	2515282	-0.7232284	43.4771251
Caujac	1401694	1.4605366	43.2963181
Fameck	1539723	6.1003646	49.2975230
Daglan	3241960	1.1867366	44.7450404
Prémanon	73944	6.0349243	46.4527744
Ravières	2885204	4.2373122	47.7385474
Séligney	147966	5.5437917	46.9449731
Étrelles	111054	-1.2027416	48.0697788
Gahard	116110	-1.5401968	48.2850149
Viéville	3195469	5.1583556	48.2396997
Gumières	1047052	3.9867677	45.5295079
Bataan	1504680	120.4362034	14.6083674
Črnomelj	1685747	15.2105760	45.5251249
Beddes	1450161	2.2021918	46.6077154
Navardún	346642	-1.1618751	42.5066683
Thorigné	154824	-0.2552108	46.2824158
Bafing	1609815	-7.4228369	8.4579859
Pouançay	140669	-0.0828099	47.0879930
Mérobert	1223208	2.0005059	48.4198691
Affile	41621	13.0860317	41.8904677
Sebúlcor	346135	-3.8718890	41.2838533
Csenyéte	1317770	21.0484353	48.4408898
Gerace	39596	16.1805293	38.2912140
Monbéqui	144916	1.2280360	43.8906747
Baelen	2400888	6.0572947	50.5843627
Edegem	58565	4.4339491	51.1588004
Fityeház	1320770	16.9082079	46.3792057
Río Verde	113241	-79.3421622	0.8997591
Titiribí	1307285	-75.8029460	6.0655773
Chanal	5999527	-92.2572643	16.6026265
Zináparo	5606675	-102.0114581	20.1783127
Amadeo	1491147	120.9258216	14.1858649
Dilovası	1211488	29.5862758	40.8345538
Valdíkov	442132	15.9830100	49.2474994
Chodzież	2718274	16.9199256	52.9949977
Chodzież	2858872	16.9199256	52.9949977
Stäbelow	394346	12.0199120	54.0527699
Hradce	436123	14.3592049	48.9339831
Baturité	302605	-38.8884182	-4.3750000
Zachotín	441084	15.3470166	49.4630380
Lourinhã	2898723	-9.2713388	39.2460331
Müllheim	311922	7.7420221	47.8007177
Laaber	965015	11.8742431	49.0741805
Calden	455491	9.3753490	51.4091991
Fascia	43287	9.2381227	44.5693813
Agaete	345124	-15.6867772	28.0725121
Makala	388133	15.3087037	-4.3837491
Kawaba	5322850	139.1392586	36.7337990
Wakaba	2679955	140.2078270	35.6074930
Iganga	3498110	33.5522380	0.6782173
Mülligen	1684377	8.2404457	47.4525814
Garcia	341698	0.6535111	41.1448774
Aranda	6631680	-1.6780374	41.5833709
Günsberg	1683515	7.5719273	47.2628213
Jerada	2435196	-2.1828431	34.3060996
Maldah	1791397	88.1177466	25.0962500
Cobbel	3651890	11.8592508	52.3907695
Los Baños	1416931	121.2250134	14.1555036
Velipojë	1248297	19.4129369	41.8984338
Bafing	2317875	-10.2933845	12.8723620
Lac Bat	932886	-79.0108370	47.0466268
Lac Sac	1523565	-76.5074033	48.0467066
Måvatnet	5180209	6.2051590	60.1470287
Maiana	3830771	173.0185866	0.9019999
Vinndøla	4241940	9.3048664	62.6124902
Kagara	3707496	5.6402885	13.3676367
Recica	7202356	21.6533334	43.0185260
Såg-tjärnen	7267593	16.8837825	60.8858428
Vinndøla	4234117	9.2164737	62.6649044
Vinndøla	4241939	9.2693751	62.6596925
Vinndøla	4241938	9.3030571	62.6279694
Vinndøla	4241941	9.3388456	62.5918045
Åsvannet	6377754	9.8935243	59.4665221
Smørtjørna	4839721	5.8614792	60.4801585
Marcinów	5389029	19.4159301	52.1580799
Damtjønn	7293174	8.5733625	59.3234666
Liceia	6553455	-8.7193979	40.2548683
Branca	6458376	-8.5560586	38.8268727
Cambas	5520524	-7.8547800	40.0198547
Alfena	5987080	-8.5243307	41.2393982
Branca	6018071	-8.4906746	40.7467373
Ayacha	2563436	-5.8429344	35.3877023
Makala	6084058	23.5517796	-6.1026447
Leonówka	6847584	23.2741794	51.2805821
Iisjärvi	91562	25.7262375	62.8681250
Björkern	1388189	15.9328796	58.0150106
Recica	7193196	21.6778526	43.1813241
Lebane	7207476	21.7411781	42.9224938
Vanjärvi	78882	24.2333114	60.4449485
Jagüeyes	4468218	-66.0804055	18.2839240
Gangai	3722359	10.4997723	11.5137682
Kagara	3707035	6.0905940	12.3017664
Ngalda	3698726	11.4479234	11.1018419
Lumbaquí	3726360	-77.4418315	0.0520550
Río Verde	1980437	-72.6512719	-52.9455499
Cruzești	1759154	28.9688712	47.0886143
Río Verde	3824034	-78.2999199	-1.3690262
Dilala	3698630	11.6562238	13.1496157
Yamma 2	3711852	7.5724416	12.9757241
Andara	3721208	14.2724303	11.3655630
Chirripó	6282050	-83.5037995	9.7354567
Asunción	3719470	-78.2598332	-2.5144590
Damtjønn	5400240	8.5213706	59.9017016
Kagara	3707034	6.6749284	12.3693994
Asunción	3727193	-79.0548631	-1.6440160
Labani	3707534	4.8452175	12.9229763
Balare	3710370	8.9290796	12.0046333
Labani	5986072	83.2090292	27.5084700
Lac Fob	1519186	-73.8455253	47.3431272
Ignace	7678625	-91.6778013	49.4092465
Hebian	6677838	104.5384383	31.4683389
Mjóavatn	7221482	-16.0062761	66.3702768
Vaskjõgi	3968438	24.6411959	58.2870233
Mjóavatn	50576	-21.2882128	64.2239063
Bugeac	2869563	27.4339532	44.0789531
La Jana	340492	0.2373022	40.5022798
Blécourt	56006	3.2148560	50.2175388
Banepa	3566353	85.5284850	27.6339316
Hradec	436740	15.2984936	49.7118548
Staré Hradiště	440310	15.7849598	50.0737235
Vollèges	1685400	7.1496116	46.0969887
Hasselön	3147291	11.2325713	58.3674872
Turøyvågen	6187559	4.9248363	60.4490152
Île Poule	7805227	72.2209907	-5.3586381
Chebli	3827714	3.0157960	36.5681054
Hradec	436212	13.1287747	49.6357391
Kalama	237697	-122.8318267	46.0026209
Nõrava küla	353392	25.0155303	59.1512933
Pitelová	2261467	18.9215840	48.6008535
Alto Porã	3019304	-47.4971159	-20.0582185
Alto Porã	1708018	-51.7078882	-24.3481142
Gamboa	5291547	-38.9402969	-13.4758462
Sõmera küla	353143	22.1980869	58.2991500
Pindurão	6230149	-36.6527866	-7.9148652
Imbiruçu	6142400	-41.4006902	-20.1281842
Gamboa	6181080	-38.4812395	-12.7320089
Abbey D	7003369	-8.6102584	52.6628414
Las Viñas	4764369	-67.8492136	-38.9746273
Asunción	6376743	-58.9706003	-27.4479504
Eva Perón	4813338	-72.3392752	-51.5325025
Recica	5925956	22.5408314	44.5718524
Kuijõe küla	350818	24.0026511	59.0977622
Las Viñas	4781035	-68.0069018	-38.9436906
Garcia	4223084	-48.9917947	-27.4871511
Imbiruçu	5418299	-44.1253889	-19.9416444
Las Viñas	4803200	-67.9440257	-38.9553283
Las Viñas	4756117	-67.5571942	-39.0259374
Yende 2	7824065	18.5182632	3.0792267
Asunción	4759420	-68.0508065	-38.8354231
Lourinhã	2898725	-9.2904944	39.2534842
Monsarás	6426117	-48.5520726	-0.9107734
Ardagh	6849036	-9.0780630	52.4913962
Il’inskiy	2548434	38.1054269	55.6252311
Ardagh	6926338	-7.9787691	52.0025246
Ardagh	6855352	-9.6973857	52.4619047
Ardagh	6967500	-6.7444370	53.8839138
Müllheim	311981	7.6133059	47.8091125
Recica	6305528	21.3228235	44.7795334
Milaca	137700	-93.6485035	45.7600740
Oceana	239897	-81.6268351	37.6933174
Kalinków	4604481	19.9918308	51.2889112
Olenówka	7144637	23.6212457	51.1401062
Jeżowice	6224191	19.8592451	50.8526879
Marcinów	2583748	19.1300617	51.9057029
Zręczyce	3335126	20.2158660	49.8875034
Dünnwald	2613725	7.0437682	51.0035192
Bleich	7387140	12.2581885	49.2121362
Laaber	7474625	11.5616043	49.3135596
Dedeli	6882549	22.6052635	41.2878682
Chajle	6449666	20.9633452	41.7932414
Arable	6064038	148.9868911	-36.3781524
Agarak	2401618	44.4667589	41.0105136
Bilche	5351625	23.8272566	49.4046435
Kalników	6796014	23.0263133	49.9143867
Łamane Grądy	6859858	22.5725210	53.6282170
Müllheim	1684544	8.9991536	47.6008368
Lasochów	6163166	20.1746795	50.7856014
Dubach	131955	-92.6590243	32.7008055
Berala	5558579	151.0336634	-33.8744626
Płowizny	7600637	22.1644951	51.1772649
Edgard	131726	-90.5676602	30.0249574
Bijela	2187903	18.6457318	42.4553168
Dalang	5665660	113.9614888	22.9050826
Gackle	181465	-99.1420061	46.6242460
Marcinów	6418656	16.6850518	50.3913789
Šančių seniūnija	1069506	23.9446201	54.8784822
Aranda	6805548	149.0809500	-35.2577343
Ellaha	6149966	-9.0578074	52.5827023
Ardagh	5486713	-7.8196859	54.0129743
Ardagh	5560332	-7.5354200	54.9358332
Fedian	3856950	-7.7708025	54.4159569
Tabagh	3625719	-7.7768188	54.4243935
Dalgan	4203722	-7.3210942	53.2410097
Ardagh	4294725	-6.2216018	55.1309640
Ardagh	5912358	-9.6106272	53.8903554
Nahana	4230371	-7.1159172	53.2287148
Ardagh	5152519	-6.4593646	53.7361077
Ardagh	6129201	-9.0634512	52.4937349
Hradec	1557486	18.6905587	48.7543422
Las Viñas	4781030	-68.0065863	-38.9287601
Ardagh	6362743	-9.4834444	52.0360714
Ardagh	6320348	-9.5332098	52.1135668
Ardagh	4223068	-8.3538844	54.1178818
Ardagh	3359271	-9.9993584	53.4692362
Dražovce	2210065	18.0743511	48.3584219
Pitelová	2261443	18.9215840	48.6008535
Ardagh	6284188	-9.7310034	52.4473631
Cazeca	5267625	-48.2660038	-18.9151322
Ardagh	4693870	-8.3338516	53.8785941
Asunción	5374835	-84.1201818	9.9428377
Ardagh	4726619	-6.7374122	53.8986464
Pavlišov	431250	16.1692906	50.4490197
Ardagh	5509899	-7.3940155	55.2869318
Hoon CP	4100905	-1.6642611	52.8762041
Aldham	3253338	0.7768737	51.8963794
Aldham	4638995	0.9776891	52.0658021
Banham	1022392	1.0334940	52.4517404
Ardagh	5813028	-9.8396137	51.6355412
Ardagh	4055823	-8.4779947	53.6581474
Garcia	4681254	-49.0696112	-26.9428046
Ardagh	4814544	-6.5639067	54.6617132
Koukolná	435696	18.4899703	49.8837812
Valdíkov	429967	15.9830100	49.2474994
Ardagh	5863918	-9.4079961	51.5044748
Čenkov u Příbramě	425755	14.0221916	49.7791024
Staré Hradiště	430128	15.7760294	50.0675912
Lískovec	428850	17.2016112	49.1227853
Dalham	4466305	0.5330361	52.2255990
Zachotín	428024	15.3466830	49.4664138
Ohrazení	435279	14.5887499	48.9475074
Feeard	4163814	-9.8204371	52.5906408
Ardagh	5141069	-9.2280675	54.0991725
Ardagh	5477253	-8.7878484	52.2920773
Gamboa	5520310	-43.1924491	-22.8978234
Emboca	4601801	-35.5995145	-7.2926397
Ardagh	5885245	-9.1456563	51.5653892
Jeżowiec	4628610	19.9338557	51.0024613
Recica	3444924	21.0963296	51.5820084
Sichów Duży	6522268	21.1375707	50.4869084
Calima	1472569	-76.6429340	3.9556526
Asunción	1953173	-77.3997301	-9.1904482
Geidam	3698571	12.1515198	12.6984638
Albertów	6862433	23.0603732	51.2999739
Arbela	141152	-92.0156088	40.4639474
Żabianka	6636726	22.0892810	51.5927778
La Cima	4822011	-55.9530450	-27.4114548
Bifang	6835807	8.2227120	47.3891215
Vaxbönan	6678109	16.1332990	58.6004528
Gladan	6678161	16.1871299	58.5816917
Vodní nádrž Baška	5340671	18.3797528	49.6500149
Söllheim	2152429	13.0796634	47.8404976
La Cima	4102570	-100.4117789	20.6187043
Klinówka	3295421	20.0298431	50.1507699
Galoca	5535330	-44.0796606	-19.9363357
Eva Perón	5900590	-57.9956766	-30.7382907
Karpówka	3193791	21.3646669	51.4939751
Žibulių tv.	2109727	23.5152480	55.3824588
Cardal	3224748	-56.3947136	-34.2923823
Blécourt	3173678	5.0754422	48.3812495
Marcinów	7804464	22.2930506	51.4742517
Asunción	1973474	-77.7544069	-5.9950059
Gilužiai	6305243	25.1678105	54.7498844
Achaya	1918543	-70.1728865	-15.2371133
ež. Žvernas	3860131	25.5081686	55.0683092
Asunción	1896115	-78.5356840	-7.3353463
La Brea	1986189	-81.0856269	-4.7068224
Lanaja	341124	-0.3717340	41.7336332
Viekšnalių ež.	6589736	22.4979283	55.8490837
Abiego	344120	-0.0701279	42.1430959
