Alsace	8636	7.4074699	48.2491764
São Paulo	298204	-49.0780620	-22.6326761
São Paulo	298285	-46.7164988	-23.6815905
Bilbao	339549	-2.9353881	43.2521707
Thérines	901577	1.8938348	49.6034757
Carema	45401	7.8243056	45.5838609
Rubempré	910714	2.3568060	50.0176714
Agonac	3251562	0.7545734	45.2786026
Épeugney	453038	6.0197916	47.1289724
Jalapa	214706	-89.9229656	14.6508958
Palaja	302231	2.3896759	43.1687841
Amange	148686	5.5654565	47.1690598
Sembouès	125026	0.1742293	43.4673416
Berche	124143	6.7470268	47.4663942
Guéreins	142221	4.7858354	46.1059773
Biella	45293	8.0217413	45.5912453
Amagne	3287704	4.5003852	49.5132581
Escala	2302697	0.4112146	43.0878040
Nonières	2458859	4.4808986	44.9325590
Écrosnes	1859178	1.7359720	48.5525170
Ploërmel	145105	-2.3785067	47.9264123
Plouénan	420903	-3.9789122	48.6182361
Lavérune	28728	3.8037870	43.5847320
Baldim	314751	-43.8476786	-19.2460000
Fertrève	1246224	3.5906010	46.9616896
Scalea	40079	15.8053376	39.8008303
Barghe	45719	10.4117950	45.6801076
Réalmont	1460223	2.1921493	43.7793765
Albeta	342957	-1.5051870	41.8248851
Binche	2077347	4.1832557	50.3981423
Darnac	277457	0.9563860	46.2388324
Danang	1891418	108.2188737	16.1259901
Dörpling	965579	9.3191282	54.2603678
l'Albagés	348143	0.7425285	41.4435509
Gerényes	575103	18.1882085	46.3121899
Navarrés	347868	-0.7058944	39.0972421
Thörnich	1255911	6.8457016	49.8373476
Haacht	120261	4.6407965	50.9596505
Andali	39753	16.8081274	38.9912455
Chueca	341677	-3.9410843	39.7296473
Eldena	1451573	11.4279246	53.2305339
Arahal	341174	-5.5944732	37.1735531
Tortellà	343310	2.6177754	42.2441132
Yapraklı	1647149	33.8740784	40.7540555
Mandah	7304612	108.4313382	44.2015813
Jalapa	5961500	-92.8021516	17.7708077
Jalapa	4490158	-90.0403986	14.6139974
Balkan	1606207	29.5890292	38.0245013
Río Hondo	4559588	-89.6026469	15.0904665
Kpomassè	2946426	2.0439104	6.4804764
Bleebo	4001257	-7.9538210	4.7448940
Cardan	1928227	-0.3234958	44.6827495
Tejada	343704	-3.5463622	41.9525359
Biella	44913	8.0869120	45.5669538
Offida	42229	13.7174961	42.9386073
Laußnitz	913785	13.8569612	51.2375889
Karcag	1325376	20.8903619	47.3121655
Neudörfl	109359	16.3068120	47.7865107
Řimovice	441499	14.9438341	49.6974967
Chella	343969	-0.6620026	39.0460823
Puxinanã	301280	-35.9697116	-7.1489331
Eggstätt	2186918	12.3886441	47.9308454
Barchi	6841834	12.9280590	43.6829198
Sünching	966628	12.3571077	48.8718443
Longèves	339147	-0.9708013	46.2407898
Le Soulié	167419	2.6979834	43.5401355
Nad Ali	6590508	63.8404135	31.5845029
Gignac	164267	3.5699206	43.6411546
Alsótold	1370520	19.5955887	47.9558251
Manica	2908440	33.3649214	-19.0007461
Bedano	1684622	8.9205512	46.0550079
Quissamã	2212561	-41.4457285	-22.1026016
Nakama	4008406	130.7030711	33.8216175
Canden	5615509	110.3598957	-7.9284327
Høyanger	409073	5.8144148	61.1237539
gmina Nałęczów	3125307	22.2308396	51.3087404
gmina Jeżów	1616464	19.9380301	51.7891061
Velike Lašče	1681538	14.5685093	45.8501553
A Merca	344536	-7.8846033	42.2102883
Amelia	42062	12.4083833	42.5579482
Përparim	1250600	19.7904927	41.0814361
Vĩnh Long	7151388	105.9412424	10.2522827
Gignac	77074	5.5211859	43.9283071
Dique 1	2364286	-58.3637400	-34.6202204
Arraba	1392179	35.3405058	32.8560157
Lac Jan	910355	-77.8878903	47.2118111
Gingsjön	2387800	12.4376509	57.6269627
Välivesi	5341845	30.1630900	62.7699246
"Štěrkovna ""Páté"""	2706424	17.0467933	48.7898044
Manage	2153703	4.2432263	50.4943873
Parada	6949472	21.0716279	43.1500205
Macina	7199518	21.6281569	43.0874917
Parada	5627856	-8.5144720	41.9183785
Valada	6458243	-8.7424625	39.1231879
Parada	6334877	-8.0411646	40.4021750
Flensjön	2592052	16.4151738	59.1833215
Wysoki Kościół	6209547	17.0508905	51.2670489
Sobaniów	7211758	16.5814046	50.5314264
Río Hondo	4468401	-66.2494981	18.2053893
San Antón	4468013	-65.9905323	18.3880680
San Antón	4467902	-66.5995711	18.0073784
Río Hondo	4467813	-67.1251056	18.1667083
Magaji	3707058	5.9522931	12.0753291
Gafaya	3703346	9.9655429	12.0742093
Dapchi	3698621	11.5135238	12.5032725
Bhraka	5268129	84.0577907	28.6535354
Shaffa	3721449	12.3657236	10.5130908
Falali	3710461	9.0813488	11.4806540
홍은동 (Hongeun-dong)	3887535	126.9380957	37.5937095
Dan Ali	3711563	7.4894740	12.1362255
Kadawa	3710576	8.4880017	12.0706270
Bilbao	3728518	-78.4878542	-1.4611376
Magaji	3707059	5.1377986	12.0539404
Kadawa	3710575	8.4340146	11.6331619
Kanama	2281189	29.3905079	-1.7038926
Macuba	3973100	29.1912650	-2.3075169
Lac Fra	196895	-75.2913030	47.5017640
Ölper See	5369	10.5051395	52.2886093
Gaguda	5946692	81.0441635	29.1320353
Jalapa	6695365	86.7779320	27.3029925
Kabaya	2853861	29.5444927	-1.7824173
Río Maior	2620520	-8.9808451	42.7963499
Bobang	5818675	83.0493918	28.5005720
Hvítanes	2098980	-6.7707348	62.0421060
Mezilesí	440692	16.2161202	50.3599737
Möringen	3651554	11.7364416	52.5958093
Montréal	2573177	4.3025584	44.5129061
Gruemirë	1248299	19.5113603	42.1717371
Jeeben	3694136	11.0959200	52.6756570
Orchówek	7820062	23.5768241	51.5165172
Iballe	1248291	19.9585404	42.1831231
Maalma	241459	2.8784092	36.6701774
Echuca	2517602	144.7470245	-36.1531728
Velká Lečice	441406	14.3160523	49.8131174
Mezilesí	442408	14.9462893	49.5423172
São Paulo	6520080	-9.1478348	38.7075949
Fareja	4173996	-8.2275401	41.4146325
Sandøyna	7668099	4.9932075	60.8971759
Île du Bic	5228940	-68.8593852	48.4015749
Icaria	3304440	26.1516877	37.5999294
Shënkoll	1248939	19.6305679	41.7044355
Dieden	1450558	5.6061483	51.8170255
Nová Role	439475	12.8080243	50.2686310
Baggio	6680330	9.0870796	45.4608805
Horná Ves	2261490	18.9053711	48.6747243
Bieber	3339792	8.8159515	50.0864038
Parada	5989567	-8.6323776	41.3654952
Puxinanã	6232186	-35.9697116	-7.1489331
Bieber	3336032	9.3519901	50.1542094
Horná Ves	2187757	18.5267245	48.5935658
Parada	5729046	-6.8804310	41.2852507
Barcel	5735875	-7.2412599	41.3736319
Parada	5803770	-6.6906052	41.6746328
Parada	5803823	-6.6906052	41.6746328
FONAVI 42	4775877	-64.3003891	-36.6425919
Parada	5643382	-8.4654734	42.0216828
Jõesse küla	353593	23.7229907	58.8613454
Chacay	4773064	-68.2406494	-38.9664830
Arkaia	6882671	-2.6325820	42.8374179
Ousilhão	5739353	-6.9546857	41.7924988
Haacht	3082037	4.6324995	50.9785116
Parada	6368329	-7.0307844	40.5389384
Boecke	6085168	12.4084527	52.2920186
Paluküla	355543	26.9452086	58.2622301
Bilboa	6807543	-8.2431014	52.6425435
Dangan	6927397	-8.0428933	51.9851004
Dangan	7000836	-9.0727081	53.2861617
Dangan	6800564	-8.7897310	52.8225043
Neubrück	3388673	14.2821117	52.2655017
Mehama	186857	-122.6313689	44.7915000
Góraszka	5555389	21.2868681	52.1889704
Kaliga	4638230	20.2967055	51.0457184
Idaerd	2661886	5.8172224	53.1155459
Montréal	299719	0.2052557	43.9609861
Rogóziec	6797820	22.5857228	52.1878658
Montréal	1993944	2.1354788	43.1967910
Montréal	945567	4.0517836	47.5468902
Baroda	135062	-86.4873702	41.9548485
Sebgag	6546029	1.9739796	34.0559092
Górczyca	6061387	15.6792048	51.0649422
Włostowo	3994841	17.3106225	52.1998794
El Dara	127011	-90.9912254	39.6227155
Amelia	182736	-84.2141975	39.0243710
Bathia	2742409	1.7923295	35.9222900
Daarle	161002	6.5390714	52.4248901
Charef	6533507	2.7281732	34.5704673
Aghlal	6535195	-1.0817803	35.2024598
Hriada	4615835	24.0433774	49.9361716
Janche	6891030	20.6343933	41.5872019
Iecava	1837853	24.2118232	56.5978111
La Seca	343458	-4.9074308	41.4364352
Soblówka	5651234	19.1244488	49.4353871
Parada	5636304	-8.4366449	41.8551377
Dojazdów	3307791	20.1105338	50.1251323
Angaco	3581513	-68.1067388	-31.2066889
Neubrück	2613761	7.0623635	50.9354516
Thaiba	4816717	85.3505394	27.6210667
Beigem	3479540	4.3628821	50.9569538
Szczęsna	6630466	20.8664617	51.8915875
De Heen	165288	4.2373497	51.6148375
Sídlisko	3521014	19.3827587	48.5631532
Leckee	5668314	-9.1102424	53.9638543
Bilboa	5981097	-8.2889716	52.6250153
Fenagh	5549010	-8.2314947	54.2303592
Fenagh	5494181	-8.2544796	54.3308291
Anakie	2460768	144.2950427	-37.9472466
Dangan	4622799	-6.5360300	53.3163837
Calesa	4078127	-100.3742050	20.6008245
Sídlisko	7227065	21.1072726	49.0947633
Fenagh	4197392	-6.3236231	54.9072655
São Paulo	5548975	-41.9561106	-18.8756102
Breagh	5338685	-6.4128826	54.4157865
Dangan	4741236	-8.0245749	53.9029271
Eldena	3686863	13.4628903	54.0775447
Rabane	5705788	-6.9472522	53.9727443
Cregga	5193810	-8.1366958	53.8187018
Fodagh	2698381	-6.2154572	52.5402608
Attiégou	6614630	1.2633856	6.1926792
Dangan	5357155	-7.1221241	52.5188725
Breagh	5248302	-6.5402327	54.4682475
Dangan	4613060	-9.1238176	53.0961742
Breagh	5245230	-6.5033108	54.4570479
São Paulo	6634561	-48.6612994	-26.8749249
Horná Ves	2261420	18.9053711	48.6747243
Cobaki	6069781	153.4577515	-28.2053020
Bellia	4168924	-9.7401567	52.6213914
Dangan	6244758	-8.8110161	52.8350249
Horná Ves	2225975	18.5267245	48.5935658
Dangan	5322626	-7.1737506	52.3230097
Alsace	1361984	2.1754142	48.6849348
Acklam	7827268	-0.8082801	54.0366637
Cliffe	7760303	-1.6889539	54.5287483
São Paulo	3408969	-43.9239368	-19.8686878
Ardlea	4632035	-7.3814413	52.9802009
Bilbao	5411124	-84.0872314	9.9031061
Irby CP	611391	-0.1806141	53.5207372
Cliffe	4823598	-0.9786901	53.7908162
Piskořov	432688	17.6197331	50.1790619
Nová Role	425702	12.7839355	50.2744871
Riby CP	1288961	-0.2243277	53.5508219
Ejidal	4231467	-102.2027547	17.9590362
Strměchy	433428	15.3127669	49.4416561
Bohagh	4201295	-8.4016441	53.7421565
Breagh	6297134	-9.7602993	52.3501815
Mballa	3095505	11.5262829	3.9021241
Rájec u Zábřeha	423395	16.8937462	49.8583587
Velká Lečice	435253	14.3160523	49.8131174
Afaddy	5332261	-7.2562698	52.3173605
Dangan	4546115	-6.7567036	53.5034159
Velký Ježov	427552	14.9235966	49.5353908
Mezilesí	427231	14.9462893	49.5423172
Švarcava	423371	12.6533133	49.4721447
Řimovice	430119	14.9438341	49.6974967
Les Pâtis	7485219	2.0824901	49.0530876
Baille	6583465	5.4000051	43.2886116
San Antón	7231033	-1.1404260	37.9901154
São Paulo	6888605	-45.9136874	-22.2807556
Tadlac	5442919	121.2070803	14.1798526
Beragh	4689210	-7.1657984	54.5439153
Dangan	5568426	-8.1197533	52.2787175
Dangan	3868248	-9.0810759	53.2957755
Joadja	6074554	150.2309310	-34.4331588
Beragh	4189497	-7.3831910	54.6601303
Coneac	6063469	151.8144645	-31.8552885
Drożanki	3380956	21.4089990	51.3568028
Paniówki	5657666	18.7800833	50.2331419
Longèves	318203	-0.8662381	46.4713093
Gignac	122899	1.4725784	44.9862252
Tähtvere	4571562	26.6965700	58.3898040
Amelia	132262	-91.1043832	29.6680380
Białki Górne	6636757	22.0756185	51.5949782
Derby 3	2996459	21.0598989	52.3190581
Ylä-Malmi	190368	25.0036393	60.2531700
Parada	5755820	-8.2393155	42.1264683
Parada	5996366	-8.3951250	42.0169792
Naußlitz	191632	13.6817353	51.0288741
Firlejów	3291830	20.0079903	50.1895283
Ejidal	3634701	-94.4404956	18.1195239
Le Fied	161105	5.7133702	46.7760850
Neubrück	7695771	10.3992433	52.3654620
San Antón	1918565	-70.2502627	-14.5196209
Omacha	1925150	-71.7963562	-14.1506562
Level 1	1524985	1.2965387	52.6272475
Achoma	1891307	-71.7274653	-15.8135901
Jabria	2846748	-8.3247491	32.5688809
