Manche	7404	-1.2454371	49.0918952
Sélestat	61449	7.4627942	48.2513023
Cazoulès	3232992	1.4309704	44.8838218
Capian	1928223	-0.3211676	44.7180050
Ariana	1435830	10.1220782	36.9687718
Uriménil	941576	6.3978098	48.1026789
L'Hôpital	1162685	6.7338174	49.1549191
Trélivan	376998	-2.1035460	48.4269385
Mézilles	2399814	3.1824496	47.6958497
Callao	1944657	-77.2232424	-12.0863233
Balgau	84414	7.5331120	47.9297302
Daiano	47100	11.4302485	46.3147189
Luplanté	255606	1.3894711	48.2985951
Issarlès	1702208	4.0465553	44.8487964
Comiac	122479	1.9946030	44.9450984
Apinac	135982	3.9996585	45.3935131
Aniane	163173	3.5995716	43.6862640
Meljac	1371281	2.4299069	44.1324178
Barceo	341202	-6.4485686	41.0662612
Caldes	47144	10.9422899	46.3678453
Caudan	74946	-3.3461361	47.8101120
Areado	315185	-46.1236746	-21.3537851
Halden	406075	11.5371910	59.0680555
Maella	340454	0.0984279	41.1147188
Arlanzón	348922	-3.4262841	42.3377086
Précieux	109798	4.1458786	45.5890736
Courcoué	167095	0.3983461	47.0288963
Faedis	179291	13.3728917	46.1619791
Mausoléo	73925	8.9692570	42.4978536
Frómista	344989	-4.4006898	42.2705821
Iramba	1600795	34.4984132	-4.3163451
Claira	1382208	2.9467224	42.7628116
Turégano	340114	-4.0064277	41.1451973
Gardie	1620902	2.2998752	43.0743883
Aradeo	40286	18.1317969	40.1351587
Albias	66363	1.4460976	44.0844881
Brebel	1149239	9.7181307	54.6304980
Recale	41064	14.3071597	41.0585683
Desana	44543	8.3373782	45.2623921
Foncea	340188	-3.0426480	42.6117342
Schüller	1075997	6.5635495	50.3324195
Gualba	346609	2.5045663	41.7385309
Großsolt	1149276	9.5100599	54.6986287
Ventalló	347893	3.0432630	42.1508184
Rakovník	442374	13.7223280	50.1040741
Bianco	39495	16.1311598	38.0704206
Jüterbog	422436	13.0846091	52.0255669
Río Negro	153547	-66.4321071	-39.7940160
Saimaa	7379046	29.4793272	61.8331821
Arcata	112123	-124.0788489	40.8701229
Bauchi	3722233	9.3200243	11.0089049
Carepa	1324943	-76.7455146	7.7977584
Jacona	5605907	-102.3174878	19.9408489
Belleh	4001256	-9.9576843	7.5288655
Usiacurí	1342483	-74.9804050	10.7386503
Banaue	3488171	121.1027865	16.9383026
Gerede	1795632	32.3304771	40.7053927
Eichen	415717	7.5354604	50.6316782
Ricadi	39674	15.8545890	38.6377551
Utajärvi	2525744	26.7851785	64.8322471
Hodice	440414	15.4808887	49.2618411
Salach	2792103	9.7549226	48.6992801
Bad Ems	535689	7.7216171	50.3375130
Modlíkov	440680	15.7712140	49.6107323
Bötersen	965598	9.3050004	53.1348807
Zákolany	436173	14.2581639	50.1913192
Sieraków	2859159	16.0842702	52.6502696
Dickel	1588111	8.4913661	52.6402460
Ichnia	3629028	32.3929208	50.8568462
Panjab	6614869	66.8884461	34.4160586
Hostějov	437464	17.2563182	49.0376723
Hammah	444949	9.3742503	53.6276158
Hakuba	4759944	137.8344980	36.6908075
Minabe	3341849	135.3040987	33.7987575
Nagykállói járás	2376369	21.8333078	47.7944308
Külsheim	401803	9.4978475	49.6722116
Canapi	303847	-37.5358189	-9.1268934
Gnagna	2914764	-0.0660407	12.9151371
Baracs	1420732	18.8706378	46.9014016
Namibe	1802550	12.6231694	-15.3889824
Barsac	92963	-0.3216160	44.6038460
Ötisheim	156051	8.8024857	48.9636185
Tetétlen	1405213	21.3212985	47.3174861
Svitávka	437999	16.6065859	49.5066942
Eilbek	295433	10.0477763	53.5675843
Delden	2706842	6.7056503	52.2586292
Vizafogó	3217068	19.0623892	47.5373115
Galera	344686	-2.5662010	37.7156769
Bauchi	3722235	9.9504023	10.2502577
Gadmen	1682447	8.3801261	46.7035837
Ahlden	1808860	9.5166441	52.7547118
Magden	1684356	7.8149955	47.5183934
Bubiai	3683851	23.1441271	55.8560831
Dique 4	2364162	-58.3658912	-34.6013605
Dlebta	7317336	35.6939652	34.0088921
Gandi I	3707450	5.7861426	12.9926221
Lac Ola	3103030	-73.9755745	48.9169616
Lac Bay	910464	-77.9400014	47.1352947
Porijõgi	1788134	26.7642897	58.2222259
Samsjøen	5171677	10.6738266	63.0963905
Río Negro	2375251	-58.1336599	-33.2591349
Río Tigre	5407976	-75.0739119	-3.2948204
Jetesjön	207890	13.6062328	56.4659084
Gransjön	2400887	14.9992396	57.2853570
Lahdar	2827832	-8.7969422	32.4491786
Gransjön	2570134	16.2260749	58.8248885
Sieraków	6226748	19.4131124	52.3477793
Dedaye	5996601	95.7980892	16.3048976
Getafe	345003	-3.6678954	40.3004397
Gisesjön	2537803	17.4059415	58.8721679
Cajati	298010	-48.1971402	-24.7734847
Myrgäsen	2698139	15.3814516	60.2538215
Isesjøen	3807625	11.2188734	59.2741345
Gransjön	2457340	18.9570188	65.0017941
Nieborów	5781686	20.0651854	52.0592295
Łaguszew	3950045	19.9778671	52.1571604
Sieraków	6986439	21.1233599	52.4030683
Jelice	7472469	20.4284666	42.9881133
Celije	6965648	21.1807499	43.4208218
Tentúgal	6553460	-8.6019843	40.2368883
Agrela	5937374	-8.4670133	41.2561903
Gafete	6440205	-7.6740781	39.3984398
Argela	5631383	-8.7805043	41.8611496
Landal	6546073	-9.0086462	39.3082265
Aradas	6021062	-8.6378670	40.6071343
Gafait	2528009	-2.3044853	34.2319966
Karujärv	1341255	22.2139753	58.3796371
Hjuljärv	1709237	23.3076344	63.4976251
Orijärvi	125520	23.5666479	60.2187244
Celije	7285706	22.0992565	43.2022666
Sieraków	5730490	19.4375374	52.2408633
Kivijärv	369154	25.6176108	59.3725870
Alarge	3721205	13.3180158	12.5432746
Magami	3710656	8.9527633	11.2354750
Bokana	3709402	8.5759831	9.3344599
Gangan	3707453	5.0700695	12.5422865
Fateka	3703342	9.9536038	12.4893198
Magami	3711724	7.9670746	12.8715311
Machar	7551460	-79.4721173	45.8720549
Galera	3659080	-80.0780779	0.8566854
Llacao	3693131	-78.9161167	-2.8403394
Río Negro	3824033	-78.1979263	-1.3211386
Klakah	3815053	110.4400205	-7.5188324
Gajibo	3721275	13.9960443	12.1144400
Kadira	3703399	10.5122106	12.6054379
Madobi	3710653	8.2856488	11.7686020
Magami	3707060	6.6249109	11.7321725
Madobi	3703455	9.4159919	11.6475090
Bhaise	4818632	85.0262460	27.5090310
Namche	6720413	86.5887040	27.9426761
Eichen	1028555	11.7645899	49.4621911
Sinijärv	3747700	26.1560420	58.8644349
Jarama	1716800	30.3837319	-2.2816864
Lac Loa	1563774	-73.3767861	46.9120179
Dam Vac	7119170	105.5985819	21.2979980
Banlan	6654361	109.6364293	25.4524482
Lamahi	5969959	82.5640498	27.8812747
Kalena	5946148	80.9823861	29.2900897
Dobhan	5697806	83.4533300	27.7585398
Gwadha	5752089	83.4773631	28.0995060
Río Negro	1795795	-73.4247659	-40.7676066
Lac Ola	1478799	-74.0922905	48.2239665
Römersee	2329231	6.6837679	51.2237796
Río Tigre	3594369	-58.5847200	-34.4251710
Celina	6580442	-96.7394807	33.3336293
Callao	1944662	-77.2232424	-12.0863233
Hobeck	3728128	12.0353226	52.0813012
Chanco	296342	-72.4567776	-35.7118606
Accord	175661	-74.2292386	41.7979985
Celina	182556	-84.5606296	40.5523075
Bezděčí u Trnávky	440466	16.7639578	49.6965328
Flemsøya	6163448	6.3020126	62.6721163
Chalki	542568	27.5703654	36.2270785
Brande	7159228	9.1217387	55.9429065
Nagele	275971	5.7151653	52.6435340
Stará Ves	436801	17.4850118	49.3765207
Nawada	1963176	85.5174663	24.8167562
Dahlen	535251	12.9773643	51.3733007
Suchá Loz	437526	17.7086711	48.9529654
Stará Ves	436978	17.2167559	49.9887656
Belawa	5966612	81.5901931	28.2589984
남가좌2동 (Namgajwa 2-dong)	3887538	126.9206896	37.5785265
Eichen	3295104	8.9028870	50.2616510
Areado	4111078	-54.4353312	-19.0604608
Horný Bar	2206710	17.4607035	47.9450089
Rumanová	2210182	17.8743428	48.3413282
Bodružal	2321652	21.7077164	49.3519343
Jugada	5890162	81.4424743	29.4704417
Cajati	5349591	-48.1971402	-24.7734847
Celina	1898784	-41.5879274	-20.7816245
Kajidi	5411483	27.4506898	-11.7083469
Abezia	7716329	-2.9408739	42.9455229
Shamba	5837270	27.6147379	-11.6367297
Chlmec	2322650	21.9402087	48.8840541
Chalsa	5956084	81.3860173	29.0593182
Nagata	7295216	136.6392075	36.5768158
Aghien	4525189	-3.9990655	5.3894537
Õrsava küla	353996	27.6361788	57.9345225
1º de Mayo	3732703	-67.5343208	-46.4606221
Canapi	6186303	-37.5358189	-9.1268934
Lahard	6864394	-9.6232759	52.0845321
Görzhain	4057700	9.4427531	50.8071138
Río Negro	1662476	-57.4759880	-32.8907685
Handel	1435454	5.7107372	51.5786829
Jangka	5475061	96.7881663	5.2488083
Lahlef	6559404	0.9689235	35.8967607
Bejsce	6418058	20.5949583	50.2403257
Becker	137501	-93.8851397	45.3752050
Zatish’ye	2565536	39.7716801	54.4982669
Loncopué	7749526	-70.6107761	-38.0698887
Grchec	6943846	21.3345326	41.9718072
Anaria	2642058	41.5662569	42.7045146
Luzenças	6012834	-8.4540751	41.9949684
Michałów Górny	6622389	21.0492653	51.7034850
Baliki	7082906	21.8902285	53.2524086
Jeglia	6855171	19.8747388	53.3860051
Deakin	6830638	149.1024576	-35.3188136
Cheria	6618834	7.7733345	35.2474634
Agadez	3218798	10.6846986	19.4211114
Bohdan	7097186	23.0550401	53.2138488
Eleele	119153	-159.5827614	21.9050114
Madobi	3710330	8.3432693	11.8179194
Archie	141056	-94.3496365	38.4820799
Heffen	3369535	4.4124763	51.0519354
Agrela	4173991	-8.2050854	41.5437152
Ocieka	6867295	21.6079673	50.1541524
Capeen	5418876	-8.8880048	51.6351071
Cashla	6227430	-8.8639838	53.3251700
Filice	2275096	20.3051493	49.0236825
Einagh	4280814	-9.5321890	52.6861303
Camoge	4161253	-9.5549889	52.6431658
Lahard	5451786	-7.7894733	54.0552863
Banoge	3671563	-6.4487387	52.2288387
Lahard	5119195	-8.1675616	51.7913287
Cashla	6227431	-8.8546041	53.3215035
Rakovník	424858	13.7223280	50.1040741
Feegat	4628159	-6.9624282	53.7834493
Dahlen	4718961	11.8199617	52.5591465
Banoge	2363077	-6.2693677	52.6519892
Gangan	7643762	-12.8825295	10.0456651
Eichen	5486493	7.9726579	50.9808048
Rumanová	2210105	17.8743428	48.3413282
Hei Hei	2726613	172.5236557	-43.5322594
Codcod	1520329	123.2242634	10.4847063
Chlmec	2322531	21.9402087	48.8840541
Dog Big	3863810	-7.9663045	54.3942542
Cheine	4734192	11.0680406	52.8770564
Hostějov	433162	17.2563182	49.0376723
La Gare	4079720	-0.3556222	48.5956518
Barden	7787576	-1.7857085	54.3479138
Vila de Sá	3409168	-43.9198819	-19.8773715
Vô Konrad	5374507	-53.8468500	-24.2747618
Blacko	7614322	-2.2223612	53.8789345
Bodiam	2848715	0.5407900	51.0065963
Kilfea	5883492	-9.3894694	53.8400359
Horný Bar	2206623	17.4680922	47.9444867
Jimlíkov	435202	12.7938171	50.2514619
Malapa	5477344	39.2506709	-6.8332627
Bodružal	2321518	21.7077164	49.3519343
Litětiny	432937	16.0165430	50.0172822
Lahard	6227123	-9.6462982	52.0830990
Palama	6600595	5.4394506	43.3721733
Nadhel	7657188	-12.3557560	11.3584281
Suchá Loz	431726	17.7086711	48.9529654
Camoge	5187200	-8.2591311	53.7972881
Dalako	7682898	-9.2837068	10.3793431
Horušany	423975	13.2493605	49.5622530
Modlíkov	434727	14.4615001	49.4917401
Bezděčí u Trnávky	429515	16.7671185	49.6910944
Hodice	435123	15.4808887	49.2618411
Svitávka	429659	16.6065859	49.5066942
Dengie	1551160	0.8931143	51.6706559
Onen Svět	433166	13.2773414	49.2314415
Bakkar	2583054	-21.8340721	64.1061422
Barden	7311000	-1.9250273	54.0195247
Fanick	5959468	-8.2801032	51.8748618
Nawada	2724926	77.0310747	28.6265744
Vojenské	7234374	19.4979868	49.4122636
Gairha	5515417	-8.0366812	52.1498344
Lahard	5338743	-7.5148088	53.9820107
Benrad	6047231	6.5256659	51.3222840
Inchee	6341358	-9.3201793	51.9248454
Barard	4268718	-6.1395976	55.0481115
Kilgad	4162204	-6.1743122	54.8257283
Legane	5461527	-6.8697009	54.4293073
Banoge	4771114	-6.2754261	54.4239180
Bearii	2518887	145.3424846	-35.8844250
Dingee	3095165	144.2219525	-36.3636900
Daknam	5758510	3.9808547	51.1279859
Braden	197197	-89.5740048	35.3650550
Tamaha	185038	-95.0304441	35.4129140
Geddes	194884	-98.6979037	43.2519329
Konradów	7475924	22.0478577	51.0488423
Gneis Süd	7489991	13.0370073	47.7629352
Katcha	3718394	6.2439732	9.1147508
Bhalil	2808833	-4.8718145	33.8567323
Konradów	6418828	16.7938642	50.3059237
Dekina	3717976	7.1434418	7.5953905
Akaska	195152	-100.1208632	45.3306015
Bomadi	3716953	5.8097294	5.2255299
Bad Ems	450078	7.7397451	50.3535637
Iberia	140460	-92.2968394	38.0859534
Sieraków	6853867	22.4284900	50.4806189
Callao	1944699	-77.1192437	-12.0036544
Zaķusala	6112028	24.1238187	56.9308934
Dahlen	3650669	11.8235735	52.5506407
Celina	197414	-85.4993879	36.5480149
Świniarc	6881012	19.8077995	53.4447699
Zagórnik	7094923	23.9374199	50.9862908
Sieraków	6294862	20.8890142	50.8109390
Sieraków	3553080	20.0790312	49.9116081
Lacave	1963597	1.0110419	43.0480578
Sieraków	4019307	20.8163824	52.3261403
Callao	141185	-92.6250098	39.7645397
Barsac	86745	5.2944597	44.7273654
Lacave	123197	1.5555266	44.8411230
Cheira	6015635	-8.4936544	42.0372204
Bladet	6612182	16.1767388	58.5923995
Block A	7717835	-8.0495813	6.0263671
Lamela	6303546	-8.4738579	41.4391426
Lamela	6300320	-8.5888665	41.4234470
Lamela	6299697	-8.5538587	41.4210445
Temporão	6013891	-8.4958585	42.0003552
Cheira	6595260	-8.6706560	41.9057332
Arócutin	4176737	-101.6949373	19.5565427
Karala	3565900	77.0325901	28.7355218
Bolama	5609534	-15.4782819	11.5782136
Alcira	3960790	-64.3371699	-32.7562710
Zagórnik	3538210	19.3932521	49.8389218
Körprich	5374350	6.8388572	49.3845464
Konradów	3963395	17.4074041	50.2977745
El Gara	2522578	-7.2332246	33.2709864
Albysjön	61099	18.2876255	59.2275143
Konradów	5933826	16.2422197	50.7948500
Iberia	1891293	-69.7209206	-11.4439005
Río Negro	1948357	-74.7234709	-11.1038500
Acolla	1948270	-75.5699765	-11.6782813
Jakubské náměstí	1083550	14.4171613	50.7988055
Utajärvi	2251655	26.4637086	64.7511874
Alquézar	344420	0.0013500	42.1801937
Tumiškis	6726316	26.2435380	55.6379332
Abadou	3535387	-7.3175052	31.6005964
