Madrid	5326784	-3.6858229	40.4777915
Leiden	295092	4.4811088	52.1518156
Leiden	444400	4.4811088	52.1518156
Aargau	1686359	8.2129604	47.3791913
Fenain	56250	3.3020127	50.3656442
Cheuge	152624	5.3814321	47.3879733
Pibrac	158881	1.2574291	43.6244852
Larcan	1477717	0.7211843	43.1711480
Coirac	1951473	-0.1797187	44.6853445
Arceau	152155	5.1938887	47.3783206
Chagey	1611117	6.7369440	47.6211460
Chille	152544	5.5718109	46.6941259
Sigoulès	1627230	0.3915386	44.7566132
Baucau	4631019	126.4579058	-8.4634541
Gitega	1700324	29.9640919	-3.4505638
Arlanc	357550	3.7172289	45.4237304
Condal	1381028	5.2800347	46.4683067
Avajan	2266628	0.4019367	42.8467307
Biarne	148698	5.4540318	47.1451307
Apchat	1793492	3.1629630	45.3785564
Pérouges	149442	5.1853642	45.8786147
Marcei	1111950	0.0389762	48.6679736
Trémorel	359568	-2.2994677	48.1890649
Allain	2117023	5.9219454	48.5489904
Bessac	1894795	-0.0147849	45.4305509
Écouviez	2971481	5.4551111	49.5335643
Vézannes	2967454	3.8782159	47.8715600
Frécourt	3068989	5.4518774	47.9484044
Maclas	906814	4.7007242	45.3628865
Meckel	1152674	6.5205342	49.8887003
Belloc	2018694	1.9323352	43.0081210
Teutônia	242628	-51.7693773	-29.4647635
Illana	341785	-2.9644686	40.2062014
Ayssènes	2565865	2.7548600	44.0917739
Guérigny	158988	3.2074196	47.0971680
Megina	342103	-1.8674783	40.6326493
Cremia	46841	9.2594180	46.0888923
Anding	2222077	120.2237351	23.1011551
Mpanda	1600800	31.5156950	-6.4613001
Klixbüll	1420393	8.8871050	54.8003487
Sorvilán	346798	-3.2604843	36.7888251
Pageas	117728	1.0147143	45.6824711
Mühbrook	553520	10.0074682	54.1571045
Apolda	2856439	11.5340312	51.0294181
Alfano	40327	15.4321528	40.1756915
Frazzanò	39504	14.7465492	38.0648948
Cobisa	341674	-4.0267249	39.7918538
Langan	912429	-1.8434923	48.2369978
Lürschau	1156161	9.4809798	54.5461005
Biosca	344258	1.3750559	41.8706909
Moeche	341953	-7.9719051	43.5621201
Cameri	45183	8.6607217	45.5159706
Camini	39622	16.5138550	38.4245648
Borovník	441103	16.2342514	49.3584999
Salice	2165227	8.8912780	42.1070760
Vilada	341904	1.9280927	42.1390276
Braine	411970	3.5390676	49.3487321
Sacile	179181	12.4991670	45.9404030
Dargen	1433100	14.0688328	53.8951198
Börsborn	1246484	7.3974953	49.4436115
Belsch	1451581	11.2029569	53.3156216
Palena	41630	14.1361790	41.9710923
Ischia	2675420	13.9095474	40.7268816
Krasíkov	440374	16.6945362	49.8550172
Achern	452972	8.0472768	48.6347705
Tekkeköy	1837371	36.4817151	41.1475371
Comapa	4470362	-89.8966360	14.1186898
Hatgal	7305542	100.1692902	50.4900340
Bochil	5999516	-92.9610489	17.0226512
Comapa	6037650	-96.6642469	19.1415761
Indang	1491192	120.8713170	14.1844183
Purísima	1324951	-75.7318922	9.2764322
Albula	2013131	9.6611576	46.5877452
Brakel	398167	3.7487833	50.7975785
Biglen	1682382	7.6265401	46.9283021
Malden	1842140	-71.0575163	42.4279499
Drapia	39680	15.9114455	38.6483777
Sulechów	3007161	15.6175363	52.0862027
Bülstedt	965607	9.1767322	53.2149756
Andijk	296874	5.2123109	52.7620095
Alpena	134979	-83.4310301	45.0739025
Bicske	1380010	18.6239526	47.5054401
Nejdek	439476	12.7371461	50.3266595
Mazarrón	345277	-1.3348436	37.6207288
Aragua	272746	-66.8771936	9.8930590
Favara	39222	13.6764361	37.3152703
Martínez	341728	-5.3519060	40.6277487
Arrach	959919	12.9956205	49.1925805
Hailar	161676	119.9445450	49.2757742
Pförring	943544	11.6762928	48.8241026
Petrůvka	435557	17.8105476	49.1076698
Jävenitz	1285576	11.5393188	52.5117419
Charkh	6606746	68.9280548	33.8128409
Cerami	39359	14.5212846	37.8175210
Angico	336775	-47.8970023	-6.4237926
Talana	40188	9.4812738	40.0413447
Tahara	4567413	137.2197714	34.5148436
Omachi	4759380	137.8085611	36.5009429
Akashi	900530	134.9119059	34.6650704
Hadsel	409034	14.8278076	68.5032909
Beiarn	409039	14.6651429	66.8918453
Cawang	5802203	106.8678108	-6.2506728
El Pibe	3987999	-67.7472352	-46.0400924
Takagi	4756644	137.9312928	35.4787419
Kakuda	3800234	140.7676155	37.9946765
Meland	404148	5.0949828	60.5694398
Fingal	1114164	-6.2249802	53.4942212
Weiach	1682233	8.4351990	47.5547737
Dobroměřice	439369	13.7887116	50.3812919
Bonnac	1984335	1.5895370	43.1713618
Csárdaszállás	1026157	20.9325989	46.8862576
Favara	344269	-0.3038371	39.1166317
Citice	439505	12.6061787	50.1582739
Brakel	148592	9.1830251	51.7129456
Altbüron	1682814	7.8821917	47.1907912
Engden	2012816	7.1810723	52.3983147
Mandel	1244221	7.7646540	49.8544233
Skidzieĺ	4784300	24.2169634	53.5710314
Ibarra	347587	-2.0575265	43.1422063
Grande	454252	10.3764479	53.5893758
Aduard	1465199	6.4696235	53.2552474
Beulah	181707	-101.7838718	47.2688300
Stránecká Zhoř	441640	15.9358492	49.3816859
Kodema	3586114	38.0793403	48.4760549
Baiern	929923	11.9144270	47.9673504
Jrakah	3815052	110.4267038	-7.4912962
Smalsjön	2694576	14.7094933	59.5912485
Enge jõgi	3971214	24.3927317	58.7052996
Matama	5710146	-83.1106716	9.8696595
Rammsjön	4274881	15.0144254	59.4436376
Kagano	3973070	29.1118981	-2.3462975
Lillsjön	6630349	15.4016804	58.2746327
Lillsjön	3864264	14.0235189	59.5285133
Pouerkær	7373093	11.3800662	55.8146166
Rammsjön	400290	13.5000917	56.2701522
Lake Oe	2532789	130.6068105	32.5885572
Niemirów	4052985	23.3207408	51.1427075
Rammsjön	2388332	13.2276392	57.6939478
Kocane	7251031	21.8421951	43.1900025
Rammsjön	2375569	14.6018329	62.3843737
Døvatnet	4870630	10.1047682	62.7556941
Fisksjön	2106685	20.1353893	63.7061252
Smalsjön	6080807	15.0128956	60.4861264
Lillsjön	2952437	14.7022681	63.1652534
Lillsjön	300995	16.8121663	60.6945586
Ewelinów	4634661	20.1605507	50.9556483
Lillsjön	3382018	15.3704885	59.0114942
Ciemne	6986468	21.1872889	52.3888609
Botuporã	362156	-42.5510964	-13.3170000
Gatika	344367	-2.8870177	43.3605849
Dulebe	7472142	20.3411244	42.9585720
Detane	7472276	20.2819667	42.9564735
Avalal	6412548	-7.6826921	40.7536964
Kasapa	5392567	27.4568657	-11.5724801
Lillsjön	5540711	17.4279196	59.0427061
Lillsjön	3090618	15.9912261	60.1609990
Lillsjön	3300290	16.0629554	60.1311206
Smrkovák	450682	15.4691572	50.3321738
Niemce	6851505	22.6472932	51.3498427
Bukama	5400829	27.4725529	-11.7055385
Hajmel	1248272	19.6351253	41.9441432
Podgórze	7083576	22.1274757	53.1112048
Lillsjön	6741560	15.8844075	58.9511706
Smalsjön	5955317	15.6728837	58.8134635
Smalsjön	7133074	16.7963853	61.2514284
Drence	7204928	21.4977301	42.9328468
Birchi	3711547	7.5041707	12.5936932
Makera	3711747	7.2733302	11.5311480
Dawaki	3710427	8.5638385	11.5492591
Dawaki	3710426	8.6031342	11.8453373
Dawaki	3709420	7.9814871	10.4860516
Majawa	3703461	10.0955235	12.1782751
Gafiya	3711622	7.7901795	13.0855073
Lac du Thé	910485	-77.7209658	46.7954607
Ibarra	3742357	-78.0916006	0.3790219
Na'Alma	3711771	7.6221641	11.9833611
Batibo	3837945	9.8868782	5.8245128
Marake	3707555	4.5956973	13.6744118
Makera	3708110	4.0927244	12.5258960
Baure B	3711543	7.1439692	12.5364716
Makera	3711746	7.4385403	12.3144202
Jajere	3698670	11.4703923	12.0304089
Bleken	1319285	15.7548090	58.7358389
Ngamma	3721428	12.6956024	12.3576429
Makera	3709544	7.4089195	10.4833763
Rijia B	3707563	5.2418330	13.0429816
Baraza	3722277	9.4357022	9.9464529
Dawaki	3722322	9.8659650	10.3384972
Dawasa	3698624	10.9294603	11.9387389
Barpak	5326717	84.7511849	28.2578620
Gogane	4716060	84.9774417	27.6415488
Beulah	3537514	-104.0898670	44.5459205
Lac Sam	553093	-75.8033772	45.9012340
Nenagh	6855426	-8.2134566	52.9148961
Lac Flo	1937244	-67.6552644	49.4569839
Lac Don	1213801	-68.1402023	49.3573663
Eğrikuyu	1773428	34.5473621	38.7353312
Majiao	2172888	105.0476371	32.1042417
Fengle	6675520	105.4950132	28.7463117
Rajena	5959669	81.8393336	28.5758525
Dallas	6571629	-96.7856366	32.8146885
Betali	6724858	86.1769156	27.5294999
Ramban	6839070	85.4355325	26.8550752
Gogane	6693860	86.9676398	27.1464415
Nalang	7716635	84.8343749	27.8695138
Fengle	7563972	117.1687924	31.5931022
Dohali	5756493	83.2150638	28.1988290
Daguao	4468582	-65.6841239	18.2405672
Daguao	4468581	-65.6767536	18.2154764
Palena	3067455	-71.9237300	-43.6514245
Ruhijärv	4609391	25.5117313	58.0144022
Ciales	4468504	-66.5082792	18.2638054
Dallas	189042	-75.9703317	41.3305265
Beneva	3166664	25.3810311	49.3687935
Postribë	1248287	19.5959408	42.1339855
Oakham	1844184	-72.0518443	42.3460951
Dallas	186482	-123.3046317	44.9206710
Baarlo	2181870	6.0832438	51.3339677
Belait	3853884	114.5198430	4.3820050
Hellesøy	4124057	5.8282858	58.9851659
Sveggøya	5909533	7.5873188	63.1038729
Hellesøy	5864293	9.5397356	58.9218754
Norderön	1535678	14.3573019	63.1508889
Innerøya	7325725	11.9874621	65.8946739
Gjessøya	7668200	12.9580267	66.6866700
Gjessøya	7081981	8.8143077	58.4332368
Kasela	3752848	22.9237993	36.4712683
Algoma	251644	-87.4459472	44.6043460
Jurandów	6628303	21.1843469	51.9118161
Dallas	119507	-84.8389151	33.9154449
Ciemne	6847100	23.0945073	53.6524107
Podgórze	3245751	19.9554027	50.0439950
Uhlířská Lhota	441251	15.3902167	50.0853640
DeWitt	128418	-90.5475789	41.8241015
Farina	125997	-88.7841180	38.8218215
Podgórze	2398485	20.0076915	50.0392495
Malden	175023	-73.9365172	42.0919820
Malden	2725496	5.8543402	51.7893199
Nabire	7754457	135.9754943	-3.2048097
Nõnova küla	354836	27.1540277	57.8338058
Felgar	5717588	-6.9582927	41.2102154
Hayama	2689442	139.5380976	35.2514351
Dazhai	3947961	102.9690194	27.2132667
Péronnes	4709978	3.4513647	50.5474084
Ipande	7269207	33.7954490	-9.4982708
Lahe küla	352862	26.0010709	59.6115254
Kashai	6787617	31.8201800	-1.3173098
Rechan	3028864	-48.2893050	-23.6528972
Pereda	4803238	-67.9154721	-38.9542306
Ülensi küla	353471	25.8270965	58.2574810
Acioli	1910714	-40.4753051	-19.7269877
Orechová Potôň	2206751	17.5678958	48.0482076
Achern	5744413	8.0630687	48.6363631
Leinde	1729694	10.4705029	52.1309044
Kamina	5834060	27.4524218	-11.7196441
Botuporã	6395471	-42.5510964	-13.3170000
Gadern	2355533	8.8119643	49.5909101
Lõiuse küla	351495	24.8891017	59.1360191
신내1동 (Sinnae1-dong)	3882939	127.1143225	37.6107128
Lahe küla	355205	26.9428631	57.9394622
Sõitme küla	354194	25.4654390	59.4765294
Lahe küla	351628	27.2039933	58.5792496
Podgórze	5933831	16.2796132	50.7489549
Itaoca	1887734	-41.1478592	-20.7488546
Chijra	6412430	-65.3005127	-24.1736610
Kamina	5457501	27.4583976	-11.7155176
Držkovce	2274978	20.2333648	48.5443635
Parede	6519610	-9.3550540	38.6932443
Machio	6553594	-7.9854127	40.0027078
La Scie	2851744	-55.6096642	49.9501123
Podgórze	7759760	16.2749848	51.3418325
Bonde I	5838029	27.5034749	-11.6392385
Khalle	6698301	86.7716662	27.1782753
Ďurkovce	2272580	19.1587108	48.1438637
Fiľakovo	2273333	19.8202471	48.2683785
Chalet	5523379	-60.7325011	-31.6615700
Gander	2860385	-54.5637675	48.9465029
Poriküla	353902	26.3120222	58.3866619
Lucica	6308406	21.1524360	44.5657733
Lühsdorf	543452	12.9777744	52.1586103
Athena	186737	-118.4916219	45.8144555
Skokówka	6046836	23.2365154	50.6919949
Fingal	181571	-97.7935392	46.7621625
Dallas	179736	-81.1840496	35.3165215
Malden	125982	-89.3694794	41.4245608
Sarnówek	6817789	19.5862028	53.6588323
Elbing	129762	-97.1270655	38.0545664
DeWitt	134921	-84.5763767	42.8366935
Dallas	251778	-91.8142335	45.2590755
Manasa	5472643	75.1414242	24.4763169
Martínez	1770849	-58.5121209	-34.4944482
Dolní Třebonín	438521	14.3739000	48.8662021
Madrid	171667	-106.1542369	35.4023125
Baarlo	2695652	5.9431698	52.7352939
Niemirów	6779458	23.1711638	52.3034379
Sarnówek	2939989	19.1310926	51.8605869
Zabara	3166957	25.9557887	50.1661060
Djimla	6024221	5.8973801	36.5821720
Janina	6628472	21.1653789	51.8689715
Gibbon	169330	-98.8488415	40.7451215
Ardoch	181386	-97.3407098	48.2044399
Madrid	128521	-93.8229817	41.8764474
Livada	6478661	20.7223274	41.2260527
Coolac	5989468	148.2084269	-34.8977363
Dawasa	4597580	42.8455517	36.5071056
Beckom	5820585	146.9523746	-34.2900888
Bellem	3465319	3.4994525	51.0902776
Janina	6482989	20.8340956	50.4980161
Brakel	1576293	5.0917641	51.8100446
Tenaha	6603681	-94.2463771	31.9444195
Alpena	111200	-93.3025815	36.2892814
Bonnac	3029243	3.1452929	45.2116877
Zofiówka	6631100	20.6994205	51.7635764
Sietejów	6425682	20.3848168	50.2893021
Lehigh	129723	-97.3029483	38.3734034
Malden	140931	-89.9743095	36.5787350
Mchawa	6954584	22.2689549	49.3505708
Balceriškės	6606681	24.8431650	54.7702917
Podgórze	6847232	23.3610198	51.1509778
Madrid	1413026	-74.2814555	4.7740457
Skedee	184175	-96.7040414	36.3801885
Opacie	6907388	21.3938034	49.7635629
Garden	134990	-86.5539061	45.7728285
Hubale	6068585	23.1598025	50.6832144
Lesica	6423187	16.5998998	50.1495938
Gibbon	136937	-94.5249673	44.5344605
Beulah	134902	-86.0906307	44.6324085
Zofiówka	3783457	21.5309307	51.1681657
Lehigh	128706	-94.0534841	42.3588324
Malden	237728	-117.4727122	47.2291220
Zofiówka	6851823	22.9974265	53.3441026
Laghil	4145456	-8.6810919	54.7150950
Claddy	6229935	-9.5358977	53.6955838
Fingal	2451490	144.8598910	-38.4189550
Caerau	7588611	-3.2396739	51.4743903
Bolane	6110120	-8.8241412	52.6281822
Clonad	4182549	-7.5194827	53.2239505
Buchan	2645882	148.1541280	-37.4402600
Orechová Potôň	2206663	17.5626271	48.0482113
Keadew	5403484	-7.3633537	53.9983683
Clonad	4230342	-7.1138718	53.2495209
Clonad	4203236	-7.2973101	53.2741060
Donagh	5371672	-6.9159390	54.3127793
Ibarra	6879767	-2.5663889	43.0548446
Bungad	1552390	121.0238191	14.6509114
Aguado	3846602	2.4415366	48.6324232
Finnea	4128190	-7.3848325	53.7775263
Brakel	6531048	9.1721203	51.7264225
Fodeen	4580962	-6.6163091	53.5773951
Amoutivé	6613549	1.2309948	6.1406401
Jävenitz	5289198	11.5394846	52.5065798
Donagh	2089608	-7.3876912	54.2146290
Charra	6197213	133.3353849	-32.0966972
Yabbra	6070279	152.4836753	-28.6354598
Fiľakovo	2273235	19.8202471	48.2683785
Farina	6239428	138.2755943	-30.0718644
Kalkie	5293834	152.3826197	-24.8465468
Fedaro	2206511	-7.9451079	53.9091714
Faltia	4201071	-8.0828602	53.3133096
Barafu	6596296	39.2460562	-6.8130772
Caliph	6694918	140.2778749	-34.6317944
Lerida	6074568	149.3333548	-34.8858891
Manhal	3334660	2.2044322	44.9656247
Itaoca	5522134	-38.5559176	-3.7724672
Vanaja	304225	24.4999475	60.9746827
Keadew	5746303	-7.3063689	54.0367269
Aldeby	1022733	1.5971754	52.4899075
Oakham	3446600	-0.7499677	52.6666603
Dallas	5519155	-53.8451313	-24.2991877
Podlázky	425919	14.8773626	50.4353636
Rafian	5752219	-7.4831171	54.0963292
Nejdek	424867	12.7165046	50.3320914
Podgórze	7706349	15.8489026	50.7660196
Uhlířská Lhota	430115	15.3936447	50.0757703
Vranové I	426741	15.1953974	50.6354288
Badley	4866422	1.0239768	52.1634232
Citice	424456	12.6019299	50.1636018
Vlčí u Chlumčan	435909	13.8632143	50.3333056
Dobroměřice	435590	13.7887116	50.3812919
Podgórze	7717287	16.3702684	50.3747479
Gepülzig	2927904	12.8783138	51.0219832
Slavonín	431228	17.2284463	49.5682601
Ďurkovce	2272523	19.1587108	48.1438637
Krasíkov	429724	16.6945362	49.8550172
Dolní Třebonín	436299	14.4041327	48.8557748
Vratišov	435833	14.4608680	49.4810584
Stránecká Zhoř	426015	15.9267023	49.3804744
Blinka	429209	15.0613400	50.0424994
Mezihoří u Týnčan	436345	14.3270619	49.5962509
Henham	3348161	0.2466983	51.9322200
Offham	2328106	0.3666033	51.2879277
Borovník	429215	16.2342514	49.3584999
Keadew	5594330	-8.4112199	54.9973588
Laghta	3583024	-8.3010671	54.4442807
Kilcam	4689219	-7.1354334	54.5428104
Casile	6939788	121.0431027	14.2040397
Lanang	3252976	120.8028514	15.1130244
Držkovce	2274914	20.2333648	48.5443635
Pineda	1580835	121.0600353	14.5662466
Fybagh	5747444	-9.8301738	52.1823472
Tekkeköy	1809672	33.0506330	39.8067984
Dallas	2397426	144.9363719	-37.6708400
Keadew	3899120	-7.8497393	54.4140300
Dereel	3127113	143.8305078	-37.8372468
Kilcam	5196560	-6.7315590	54.2131350
Beulah	3110758	142.3031692	-35.7846251
Braman	184817	-97.3336509	36.9230635
Idalin	7646176	21.9886964	51.0071827
Dazhai	7778216	113.6373155	37.5405488
Podgórze	3646730	21.4203702	51.2122085
Koźmice Małe	3330219	20.0514729	49.9443520
Podgórze	6270877	20.9167166	50.9154312
Sigoulès	2752470	0.3874765	44.7888249
Podgórze	3581238	20.7998709	51.5730267
Gbiska	6933537	21.7655572	49.8583309
Gokana	3720755	7.2879573	4.6483311
Zagórowa	5654140	19.8193725	50.2970356
Mariga	3718399	5.8670482	10.6073682
Podgórze	3799893	21.5715357	50.9715299
Dallas	195188	-99.5166770	43.2383424
Zofiówka	6506020	20.9210789	50.6024571
Jasionów	6942146	21.9753933	49.6464948
Bierna	6080588	15.1278154	51.0351763
Ibarra	113983	-78.1329449	0.5159369
Lesica	6243757	20.3506411	50.8735857
Sulechów	3311481	20.0929634	50.1275470
Gensac	88630	0.0853772	44.7948474
Zofiówka	6519902	21.1546230	50.3811383
Niemirów	7428083	22.6833815	50.6211955
Enigma	119544	-83.3294819	31.4080554
Podgórze	6146535	15.0774960	51.0874586
Lehigh	184860	-96.2206232	34.4708730
Zofiówka	6862786	22.8326112	51.3061566
Gensac	2438770	0.0906043	43.4337754
Opatówek	6838007	18.2073675	51.7390093
Valnöten	6612207	16.1807404	58.5918542
Block F	7717840	-8.0477697	6.0302728
Idalin	2376617	21.1805112	51.3662846
Rybkówka	5206318	19.9977814	49.3165091
Emilia	5525530	-60.7458357	-31.0604014
Anthea	3652937	77.0247416	28.3906382
Enigma	3772760	77.0107800	28.5012085
Alpena	194908	-98.3699215	44.1806999
Madrid	169630	-101.5407321	40.8504320
La Reid	5687890	5.7880940	50.4750843
Gensac	136620	0.9599836	43.9507019
Garden	198807	-111.4298336	41.8868155
La Para	6007319	-62.9959810	-30.8902714
Bierna	3997075	19.1763963	49.7335673
Norðurmýri	2583092	-21.9182024	64.1393771
Cochas	1948288	-75.1553550	-11.6124116
Margai	7702973	23.1029867	54.4740587
Cochas	1953235	-77.4825988	-10.6569083
Cayara	1930933	-73.9884911	-13.7938570
Cochas	1944718	-76.1945922	-12.2845996
Zofiówka	6439766	15.9960589	51.5618949
Lesaka	347296	-1.7367816	43.2575218
Aberin	340117	-1.9873357	42.6123798
Euboea	3301815	23.9110844	38.4941723
El Atef	2814412	-2.8843192	33.7822880
Ischia	40732	13.9475906	40.7281104
Zofiówka	6343579	20.9553767	50.8246199
