Hawaii	166563	-155.4268897	19.5872677
Bergen	404159	5.3792408	60.3560912
Cantal	7381	2.6997175	45.0497700
Vivières	73947	3.0933105	49.3090418
Auch	128184	0.6081499	43.6625859
Elbeuf	133927	0.9911624	49.2780267
Acon	3293494	1.1065283	48.7680969
Przemyśl	1748162	22.7885113	49.7835552
Przemyśl	3027886	22.7885113	49.7835552
Przemyśl	2632581	22.7885113	49.7835552
Hecq	54823	3.6522385	50.1790187
Lacq	168023	-0.6152143	43.4203323
Landas	56907	3.2915280	50.4707335
Kanfen	1828388	6.1169048	49.4348882
Écrouves	2313753	5.8430233	48.6835375
Péseux	1483246	6.6903078	47.3173452
Sheema	3498055	30.3719625	-0.5919031
Équateur	193084	19.1407767	0.0619600
Izabal	214705	-88.9837982	15.5692953
Baudre	410036	-1.0747970	49.0869006
Aroffe	935156	5.9048322	48.4123201
Ashdod	1380013	34.6524538	31.8074537
Aldeno	46620	11.0910115	45.9712267
Mansac	120829	1.3787278	45.1583011
Cigole	44659	10.1846446	45.3139185
Dienne	1450246	2.7997194	45.1614792
Cardet	75988	4.0893631	44.0140888
Hawaii	3403603	-155.4488689	19.5895268
Urriés	346625	-1.0927457	42.5546469
Pareja	345476	-2.6266026	40.5718718
Labuan	4521286	115.2235226	5.1878529
Sud-Comoé	1609814	-3.1742887	5.6832745
Mekele	3290045	39.4676351	13.5032145
Hambol	3603162	-4.7917435	8.6202927
Atarfe	343139	-3.7139505	37.2543189
Víznar	339525	-3.5402831	37.2356053
Freila	347975	-2.9110243	37.5107684
Garraf	2809538	1.8045440	41.2610461
Bubbio	43404	8.2971807	44.6551793
Baells	343506	0.4718382	41.9542803
Barjas	343107	-6.9765281	42.6118182
Barete	42020	13.2764535	42.4536428
Llavorsí	346347	1.2030038	42.4796372
Dömitz	1451530	11.2393468	53.1513120
Bufali	347020	-0.5182382	38.8799985
Ghemme	45357	8.4325211	45.5957869
Trabia	39458	13.6033400	37.9881856
Loimaa	2385027	23.0182293	60.9002662
Bekond	1255940	6.7986415	49.8468868
Cayrac	134302	1.4669354	44.1038355
Bocska	1358076	16.8938386	46.5506733
Laarne	1341874	3.8807051	51.0474390
Kölzin	1433751	13.4355696	53.9638403
Chrzanów	1981828	19.4022419	50.1292477
Igel	1255973	6.5415231	49.7220364
Bítovany	440220	15.8632541	49.8997226
Cenlle	347784	-8.0940135	42.3417695
Kail	1266517	7.2324176	50.1854181
Conand	146757	5.4727000	45.8834270
Lieg	1266514	7.3365182	50.1404795
Goch	167969	6.1231730	51.6806879
Maside	344534	-8.0209673	42.4198625
l'Arboç	346856	1.6063915	41.2746320
Vobbia	43337	9.0631186	44.6052130
Chrtníky	440146	15.6058318	49.9798419
Palata	41589	14.8125243	41.8742644
Opatów	2966733	21.4268710	50.8061056
Godall	341709	0.4616261	40.6627296
Sávoly	1367983	17.2491774	46.5950249
Atella	40757	15.6101683	40.8908583
Jigawa	3703236	9.6206116	11.9847302
Sakado	1769176	139.3931295	35.9588964
Arberg	534392	10.6186851	49.1317415
Nieden	1410901	13.9284106	53.4368563
Filain	74116	3.5584195	49.4524677
Chojna	3010501	14.4314331	52.9562155
Lourenzá	345253	-7.2850508	43.4595653
Naco	5606075	-109.8852427	31.1861201
Candon	3488359	120.3664932	17.1995392
Erdene	7302464	107.6875431	48.2642456
Erdene	7304791	97.4082380	44.0492605
Delger	7304792	97.3062052	46.1973895
Erdene	7304616	111.1194026	44.1990069
Futaba	4176648	141.0749114	37.3871735
Efeler	1814654	27.8777022	37.8523510
Norosí	2463270	-74.1341193	8.4789994
Lobata	4778829	6.6495786	0.3625849
Göksun	1335884	36.6625123	38.1022377
Larena	3604060	123.5619877	9.3066434
Wedjah	4001383	-8.7928840	5.2933221
Elek	1026177	21.2366975	46.5157602
Sciara	39400	13.7514222	37.9245252
Tabira	303610	-37.5130157	-7.5790090
Türkheim	958165	10.6367830	48.0575754
Fanano	42895	10.7655761	44.1833762
Brehme	2393742	10.3575381	51.4975349
Hrobce	439624	14.2075299	50.4610633
Gurbrü	1682463	7.2168642	46.9668126
Drevníky	441419	14.2671549	49.7209250
Sülzfeld	2247389	10.3563509	50.5282655
Těchařovice	441404	14.0514810	49.5937925
Zlonín	437890	14.5098083	50.2181172
Strašnov	441940	14.8886473	50.3538190
Walldürn	403727	9.3683510	49.5786808
Lamesa	113340	-101.9526457	32.7336704
Svébohov	439437	16.8381306	49.9231313
Urutaí	334482	-48.1899423	-17.4336530
Baliza	334475	-52.4779526	-16.3405404
Edling	2186917	12.1614553	48.0546314
Batman	223437	41.3127871	38.0221808
Charta	1423481	-72.9765964	7.2525310
Grybów	2892137	20.9488246	49.6149553
Grybów	2892138	20.9488246	49.6149553
Darien	3307253	-73.4742692	41.0407020
Delano	113008	-119.2474059	35.7542100
Pavlíkov	442365	13.7428867	50.0639946
Pilníkov	436515	15.8206848	50.5299032
Bürstadt	537049	8.4687685	49.6468078
Eira	184668	24.9389783	60.1556603
Jeggau	1285584	11.1968943	52.5388955
Khadir	6547876	65.7770887	33.8979489
Kang	6593073	61.8468402	31.3388005
Mechau	1285587	11.3454720	52.8753279
Cona	44356	12.0693153	45.1787544
Tuchów	2882316	21.0441254	49.8940825
Balong	5615396	110.7016424	-8.1567149
Kobe	900329	135.1350058	34.7114685
Iijima	4759962	137.8874221	35.6758959
Taka	900250	134.8955899	35.0982415
Hasami	4011973	129.9002855	33.1329110
Tagami	4453887	139.0667322	37.7026510
Nahari	4036505	134.0397375	33.4136035
Futaba	4196679	141.0347320	37.4468470
Laki	1955797	24.8617020	41.8027184
Ørskog	406854	6.8518659	62.4786941
Banite	1974004	24.9894872	41.7123150
Karben	450117	8.7516562	50.2310476
Marema	296534	-52.6343231	-26.8089070
Glinde	454248	10.2144838	53.5394540
Felsőnána	1501374	18.5190408	46.4686113
Němčovice	438898	13.5538503	49.8763001
La Mesa	111866	-117.0177030	32.7698630
Deuben	2405094	12.0841801	51.1179424
Konětopy	437121	14.6578191	50.2761582
Seeham	86627	13.0593592	47.9669363
Perach	942018	12.7774846	48.2730434
Leek	1731316	6.3785377	53.1579494
Leek	404085	6.3628310	53.1559958
Madill	184937	-96.7736073	34.0919079
Belmar	170403	-74.0259272	40.1780445
Stožec	438082	13.8235464	48.8556355
Roxförde	3690803	11.3978815	52.4369894
Idrija	1675830	14.0006147	45.9838126
Mane	1999679	5.7428772	43.9422625
Zsombó	1025102	19.9855416	46.3328329
Angath	554550	12.0636161	47.5069659
Baks	1025078	20.1281153	46.5170775
Żednia	7006936	23.5068138	53.1133320
Meggen	1682896	8.3747629	47.0436722
Granja	302481	-41.1059433	-3.2652701
Ambler	187765	-75.2206934	40.1568415
Dinuba	112534	-119.3952535	36.5485998
Hlince	439751	13.6353202	49.9461253
Wanica	5740858	-55.2451776	5.9068333
Ucha	4058992	-8.5169312	41.5740198
Saal	374286	12.5314371	54.3140106
Chatra	1971807	84.8616603	24.1067060
Chlístov	436917	15.7391381	49.2058606
Ghineh	7283365	35.7053442	34.0380400
Hundsjön	4287479	12.4237354	58.0491129
Vallsjön	2401334	14.7572203	57.4183065
Aursjøen	4787558	8.7001315	62.3229042
Zarada	3703547	9.4734943	12.5492227
Lövsen	6080347	15.0270612	60.4913038
Nakawa	7629090	32.6165928	0.3460277
Borebi	297923	-49.0165600	-22.6855001
Hlaing	5996612	96.1210822	16.8469487
Vallsjön	2369182	16.6042720	60.9231770
Jangen	5500158	13.2560741	60.1525000
Spaksjön	7307205	16.0667193	60.9653766
Sarnów	2940069	19.1138342	51.8476725
Lenartów	3950018	20.0382113	52.1915348
Cano	6441292	-7.7643015	38.9644765
Malawa	6898544	22.1081311	50.0252811
Ketama	2516838	-4.6794745	34.8810201
Granja	6372240	-7.2012866	40.7521280
Cete	5928406	-8.3616848	41.1803402
Granja	6439759	-7.1681341	38.2414321
Grabin	6835957	20.0502036	53.6481382
Sladan	393934	22.4066505	65.8998145
Vallsjön	2951872	16.1442601	60.0344658
Måggåtjønna	5840335	11.1446317	64.1016014
Hutjønna	6220225	10.2141815	63.9784698
Hundsjön	48482	14.5151143	61.9030425
Lomsjøen	4160095	10.1944515	60.6283643
Jaksonów	6374652	16.9715015	50.9374146
Chrzanów	6374736	16.9336998	50.9941469
Siekówko	3504750	16.3068779	52.0447096
Sarnów	3205378	21.7717399	51.4590826
Čengić Vila I	6969261	18.3737552	43.8516149
Vallsjön	2369251	16.1888778	63.5509141
Morasjön	4733969	16.5454318	61.8311249
Vallsjön	6205566	14.3234354	58.8861407
Tisjön	5167893	12.9891555	60.9045583
Bávváljávri	7192153	22.9732980	69.0022936
Coabey	4468546	-66.5582718	18.2136922
Cuebas	4468069	-66.7181612	18.0456167
Kofa	3710610	8.2703572	11.5602031
Gediya	3710509	8.9171667	11.3332634
Kanawa	3710584	9.0352346	11.3957134
Kila	3703422	9.7753795	11.3152412
Ma'Anna	3698704	11.8722086	12.7279968
Sarnów	2939988	19.1446234	51.8471431
Ngarbi	3698727	10.4373068	12.8599637
Illela	3707483	5.3054955	13.7245533
Salame	3707577	5.3998312	13.4283218
Caluma	3727147	-79.1963269	-1.5976676
Imbaya	3744808	-78.1593249	0.3784193
Jigawa	3710561	8.8454579	11.8949425
Kwaifa	3708090	4.2179562	11.7209233
Zakka A	3711873	7.3606220	12.6320519
Kofa	3711692	7.8948796	12.4554106
Jigawa	3703394	8.9878793	12.6515467
Arbing	909398	14.7158712	48.2310718
Arenal	6398765	-84.8526380	10.5242682
Narahi	6659480	85.0970600	26.9924445
Chapre	4663479	81.7716854	29.1696901
Piladi	5884102	81.7291905	28.6823645
Walama	3721473	11.9061538	10.2815179
Dazara	3722323	9.4841483	9.6442214
Dagu	3722307	9.7089709	11.1061159
Guda	3722370	9.5823557	11.0093479
Mara	3722455	9.2889020	10.2466333
Langel	3710646	8.3924002	11.9902655
Kadamu	3710573	7.9681693	12.1539761
Chyama	6738299	86.1392706	27.5296167
Hawa	6742134	86.1572521	27.5649632
Dohani	5984942	83.0865564	27.5248142
Sadi	5986748	83.2308491	27.5831345
Panchi	3654095	102.8214620	23.6159220
Lac à Loup	900228	-74.8919867	46.7094255
Tümpel	3564019	10.0308610	48.3587126
Anco	1933566	-74.5935275	-12.6107220
Dagu	6675915	105.4750193	28.5468549
Chapre	5957765	81.4036287	28.8745934
Arma	5835649	82.3456167	28.6254817
Bhujee	6724860	86.2750215	27.4800471
Amchok	6669747	87.7273018	26.9728255
Parche	5360304	84.1459961	28.4290614
Jima	4653568	81.9955231	29.6254033
Jhenam	5864458	82.4533873	28.2117274
Birbas	5755379	83.3214984	28.0162423
Gralla	49946	15.5691832	46.8196125
Fraile	4468160	-65.2677700	18.3060520
Kigina	1716781	30.7119950	-2.2613168
Pajuriškių ež.	5246987	24.5212522	54.6607137
Sayada	5752725	0.1359300	35.9334015
Hoyvík	2098979	-6.8067065	62.0356568
Beerta	2445389	7.1124080	53.1663749
Auch	1649154	0.8474013	43.6106304
Barona	6697025	9.1541810	45.4368057
Bergen	2722639	6.0576714	51.6060194
Bergen	405107	6.0786634	51.5896467
Darien	125468	-87.9770152	41.7399265
Bergen	1797917	9.9942809	52.7993013
Ściony	6915212	22.8177866	52.8240931
Mara	1243804	34.3502012	-1.7494358
Draria	544766	3.0016025	36.7137875
Mena	6678306	-94.2335302	34.5860132
Zaklików	4729321	22.0856933	50.7525620
Debdou	2791816	-3.0395343	33.9834719
Chlístov	436144	14.6542227	49.7939575
Tibane	4069542	4.6526009	36.6135798
Ciasne	7098655	23.2955443	53.1705369
Delano	189212	-76.0795248	40.8410269
Gjinaj	1248539	20.4759135	42.1526812
Bukkøy	5950137	5.3050471	59.3550187
Forsön	3060502	16.5587822	60.1745233
Drenia	1726962	23.9540033	40.3081443
Bjorøy	6361017	5.1747981	60.3183359
Yacata	3536820	-179.5265049	-17.2571997
Seiløy	3990543	10.8598785	59.1203451
Denair	3957473	-120.7985841	37.5259258
Wilkanów	6423222	16.6863836	50.2498839
Bergen	1245120	7.4217272	49.7757399
Gozdów	7127181	23.8269843	50.7682312
Dzierżki	7094047	22.8110183	52.9318414
Akil	5961439	-89.3437289	20.2600534
Bayard	239865	-79.3670781	39.2700494
Świętoszyn	6229296	17.2268895	51.5321208
Darien	119985	-81.4306557	31.3702980
Ridane	3279012	3.4963431	36.0708515
Baring	238166	-121.4751569	47.7613909
Boghar	2523191	2.7002014	35.9385609
Djerma	5229598	6.2909032	35.6844998
Zahana	6668192	-0.3980210	35.5003978
Bergen	941749	12.5773365	47.7946862
Hearne	6584708	-96.5956711	30.8782239
Chlístov	436792	16.1766775	50.3248693
La Roda	346665	-2.1610908	39.1692059
Delano	137861	-93.7896595	45.0386420
Geta	2587476	19.6898657	60.5888610
Sede	4009232	-53.7993441	-29.6977105
La Toba	340474	-3.0174145	41.0115583
Obando	379803	120.9172442	14.7203043
Boke	5156559	8.5376662	51.7235636
Aldora	119477	-84.1727424	33.0507575
Marble	136757	-93.2990521	47.3262275
Kurõ küla	352369	27.2415579	57.5618543
Sede	7021493	-51.3589091	-29.4740000
Sede	7021762	-51.4249319	-29.4760001
Sede	7021676	-51.6669400	-29.4410000
Bergen	6844195	6.7054631	49.5372426
Sede	7208929	-51.4766864	-29.4674734
Sede	7021764	-50.7611909	-29.4635066
Sede	7594230	-50.5507579	-29.6080357
Sede	7426686	-51.3829443	-30.0231602
Sede	7021591	-51.4329043	-30.1644667
Mara	6416035	-62.3061997	-38.7076438
Bergen	3560361	13.7455408	51.7648791
Lucmuiža	7625150	27.7550450	56.5647189
Sede	7326685	-50.9678513	-30.0436753
Dias	5172664	-45.5644382	-22.4683276
Sede	6992288	-51.7356898	-29.6673410
Sede	7021662	-50.0274855	-29.2744631
Sede	7275052	-49.7832045	-29.3657120
Sede	7021672	-50.3985802	-29.6065246
Sede	7446035	-50.8767943	-31.1101940
Sede	7604884	-54.3245064	-30.3407333
Sede	7444679	-52.7996977	-29.6662992
Sede	7419113	-55.0440791	-30.2545477
Sede	7348175	-54.7527089	-31.0189592
Sede	6995516	-53.9003265	-31.5137824
Sede	6992277	-52.6955001	-29.5830000
Sede	6961822	-53.2682916	-29.6424487
Sede	6961988	-54.7763009	-29.9554792
Sede	7683692	-53.9770481	-30.7321326
Sede	6992274	-52.9921439	-29.7507973
Sede	6995562	-53.0814176	-30.7405686
Sede	7488276	-52.5156473	-30.5361933
Sede	6995567	-52.3615893	-30.7924607
Sede	7021532	-52.1723542	-30.6085165
Sede	7341080	-52.3547061	-29.9672738
Sede	7298808	-54.1733250	-29.6271271
Sede	7348150	-54.0481853	-31.4059238
Sede	6962014	-53.4178349	-29.7989087
Cati	7354315	-55.9765019	-30.6079238
Sede	7354309	-55.4268972	-30.8465824
Sede	7299355	-54.6425780	-29.7220148
Sede	7052530	-54.1132332	-29.8099029
Sede	7340847	-52.3948110	-29.7434051
Sede	6995889	-55.0812051	-28.1987687
Sede	7220671	-54.8210509	-28.2673260
Sede	6995831	-54.6152361	-28.3433695
Sede	6996262	-54.6596297	-28.2456550
Sede	7415854	-52.0610781	-31.3889961
Sede	6995566	-52.4098808	-31.4388954
Sede	6995561	-52.1278234	-31.4873003
Sede	6992280	-52.2671250	-29.7705000
Sede	7341012	-52.1714923	-29.6499177
Sede	6996550	-51.8830479	-28.1936051
Sede	6996626	-52.1331618	-28.5745685
Sede	6996627	-52.1397104	-28.1321929
Sede	7057366	-52.0411861	-28.3891672
Sede	7599980	-52.0336328	-28.0547569
Sede	7843494	-52.1052281	-29.3396338
Sede	7309204	-53.0664934	-29.3294532
Sede	6995661	-52.6041245	-29.0991075
Sede	7129565	-53.1971172	-29.0952516
Sede	7021334	-52.0512857	-28.6640651
Sede	7309207	-53.1619177	-29.1806308
Sede	6996059	-53.0058865	-29.0506172
Sede	7352519	-52.8352756	-28.6655368
Sede	7531779	-51.9992364	-28.9872179
Sede	7603745	-51.8742543	-28.3347400
Sede	7531777	-52.1966710	-28.7097522
Sede	7832857	-53.0691189	-28.0465001
Sede	7052777	-52.1096999	-29.1595070
Sede	6992290	-52.0750583	-29.1138096
Sede	6992287	-52.0771215	-29.2810459
Sede	7531775	-51.9934000	-28.5660000
Sede	7852237	-53.0165459	-28.8842588
Sede	6992298	-51.9765829	-29.0865148
Sede	7833978	-52.9939085	-28.5131501
Sede	7419581	-52.1980502	-28.4264248
Sede	7603747	-51.8030933	-27.9835773
Sede	7599977	-51.8424464	-28.0612139
Sede	7349961	-51.6975295	-29.0137364
Sede	7291117	-53.1018666	-28.3733545
Sede	6996629	-51.8319257	-28.4971926
Sede	7830761	-52.2138233	-28.8890543
Sede	7142202	-52.9108689	-28.1559400
Sede	7391129	-56.1257833	-29.0155776
Sede	6992295	-51.7516936	-29.3380000
Sede	7852244	-53.2180946	-28.8780721
Sede	7444802	-52.6019960	-28.9142124
Sede	7278376	-55.2286502	-28.0842554
Sede	7348253	-55.9509297	-29.7639420
Sede	7288834	-55.4051414	-29.5344050
Sede	7390966	-55.9992689	-28.6530004
Sede	7391213	-55.2714572	-28.4382987
Sede	7278552	-55.2114196	-28.2201286
Sede	7278503	-55.1225844	-27.9415000
Sede	7220701	-55.0395917	-28.0976432
Sede	7278520	-54.9346579	-27.9933759
Sede	6995829	-54.8420376	-27.9629486
Sede	6996590	-54.4509784	-28.1579553
Sede	7198213	-52.7542622	-28.1104230
Sede	6996605	-54.6616859	-28.0155165
Sede	6995827	-54.7164738	-27.9246629
Sede	6996254	-53.7025295	-28.0685000
Sede	7313238	-53.4186117	-27.9743783
Sede	6995807	-52.3283602	-28.1252490
Sede	7052749	-52.0004720	-28.7788542
Sede	6996188	-52.1980342	-28.2580001
Sede	6992289	-52.2410029	-29.4056144
Sede	6992302	-52.2338356	-29.3231983
Sede	7850980	-52.1615640	-29.0300545
Sede	6995830	-52.2237601	-28.6105039
Sede	6996596	-52.2730359	-29.0666963
Sede	6995822	-52.0031797	-27.9472929
Sede	6992300	-51.8498808	-29.3838981
Sede	6992286	-51.8646292	-29.0652034
Sede	7531781	-51.9193391	-28.7129919
Sede	7021336	-52.1364904	-28.9279347
Sede	7445720	-51.9410024	-29.3757836
Sede	6992292	-52.0258904	-29.2166669
Sede	7350174	-51.8340436	-29.2605137
Sede	6992294	-51.9893097	-29.4492206
Sede	7840037	-52.3133265	-27.3564075
Sede	6996598	-51.8467124	-27.7878668
Sede	7352621	-52.1738605	-27.4788416
Sede	7849736	-51.9494769	-27.4774585
Sede	6996628	-52.0189552	-27.5785036
Sede	7599973	-52.0059628	-28.2106128
Sede	7142312	-52.0256895	-28.5113839
Sede	6996261	-51.8172930	-27.5964337
Sede	7843497	-52.1305066	-29.4532548
Sede	7531783	-51.9049072	-28.8727011
Sede	7021339	-51.8398919	-28.9720513
Sede	6992291	-52.2393960	-29.1621681
Sede	7445716	-51.9183530	-29.2174680
Sede	7352623	-52.0921234	-27.5929444
Baliza	7352624	-52.1630618	-27.5977246
Sede	7021335	-52.1401620	-28.7543305
Sede	6992293	-51.7939898	-29.1402771
Sede	7445806	-51.6756695	-29.8607692
Sede	7021489	-51.1764687	-29.9150873
Sede	7021492	-51.0925303	-29.9186315
Sede	7836404	-53.7592191	-27.5808798
Sede	7021458	-49.8896488	-29.5089163
Sede	6996252	-53.1722824	-27.5562875
Sede	6995805	-53.2545795	-27.4331735
Sede	7220478	-53.0372885	-27.5893012
Sede	7337317	-51.1162244	-29.3896589
Sede	7140907	-50.0173956	-29.7325841
Sede	7446039	-51.0753478	-31.2893274
Sede	7594226	-51.6249688	-30.8484832
Sede	7021765	-51.4810862	-30.6757669
Sede	7445724	-51.7293397	-29.5746649
Sede	7021659	-51.0716187	-29.5135067
Sede	7275038	-49.9109746	-29.4491133
Sede	7486600	-50.1476219	-29.6775161
Sede	7486602	-50.0704821	-29.8030771
Sede	6996327	-52.9129426	-27.8264882
Sede	7281995	-52.9857339	-27.7252127
Sede	7140910	-50.0606614	-29.5924459
Sede	7021666	-50.1648068	-29.4619536
Sede	7535056	-52.8988740	-27.9550023
Sede	7849733	-52.1119838	-27.4265118
Sede	6995947	-52.2937501	-27.9280001
Sede	6996257	-52.8449814	-27.3538645
Sede	6996044	-52.9123892	-27.4465000
Sede	7282092	-52.5294902	-27.7246257
Sede	6996061	-52.4400610	-27.9242510
Sede	6996592	-52.5567624	-27.5366535
Sede	7352625	-52.4115850	-28.0130459
Sede	6995666	-52.0825000	-27.7120000
Sede	7656776	-53.3908714	-32.0265630
Sede	7657361	-50.2642207	-30.2200000
Sede	7021674	-51.1887882	-30.1009167
Sede	7603219	-54.3640178	-28.0126174
Sede	7594567	-54.1789208	-27.8598992
Sede	7594563	-54.0848645	-27.8253474
Sede	7529402	-54.2304516	-27.7440048
Sede	7600501	-54.4001961	-27.4630254
Sede	6995659	-54.0991269	-27.6797697
Sede	7315468	-53.9555639	-27.6434640
Sede	7600504	-54.3077091	-27.6035779
Sede	6996255	-54.1417705	-27.6022969
Sede	7315465	-54.0926328	-27.4831324
Sede	7510346	-53.9272733	-27.4559394
Sede	7657358	-50.5111870	-30.2529340
Sede	7657364	-50.2843283	-30.1270001
Sede	7021667	-50.1155247	-29.9360887
Sede	7486598	-50.5556605	-30.1467879
Sede	7021487	-50.3595507	-29.7709873
Sede	7021761	-52.1145137	-29.8297108
Sede	7583392	-51.7792227	-30.0294045
Sede	7021660	-52.0725493	-30.0739745
Sede	7486605	-50.2083394	-29.8863513
Sede	7419343	-50.4730549	-29.8628285
Sede	6992299	-52.0350422	-29.5527163
Sede	7389730	-51.7875498	-30.8364783
Sede	7021486	-51.7766101	-30.5784956
Sede	7021484	-51.9974437	-30.7664225
Sede	7583391	-51.9287262	-30.0895530
Sede	7446041	-51.9909188	-32.0007964
Sede	7594222	-52.0486360	-31.0012005
Sede	7021494	-51.8011493	-30.4305342
Sede	7021457	-51.7611670	-30.1766717
Sede	7583386	-51.8262677	-29.8889597
Sede	7445714	-51.8329844	-29.7816306
Sede	7445722	-51.9285922	-29.6363711
Sede	7549841	-52.1171921	-29.5308916
Sede	7440718	-51.9537775	-29.5020054
Sede	6992297	-51.8404141	-29.5877707
Sede	6992296	-52.1278342	-29.3791361
Sede	7438171	-53.2764993	-33.4078814
Sede	7500921	-52.8456370	-31.8777678
Sede	6995565	-53.4085771	-33.6534754
Sede	6995564	-53.3357135	-32.4016664
Sede	7500926	-52.9480870	-32.2628888
Sede	7337824	-52.2069050	-32.1654197
Sede	7500931	-52.4589247	-31.7792711
Sede	7352631	-52.2631957	-27.6050000
Sede	6996322	-51.7750001	-27.7360000
Sede	6995964	-52.0342177	-27.8541565
Sede	7835460	-52.8305089	-27.2543827
Sede	6996189	-52.1665159	-27.3409616
Sede	7835462	-53.0131998	-27.2571523
Sede	6995657	-53.8447294	-27.5404542
Sede	6995949	-52.3156700	-27.8252516
Sede	6995824	-51.9892283	-27.7631385
Sede	6996321	-53.6004023	-27.3194281
Sede	6996313	-54.8806239	-27.7535000
Sede	7845387	-53.4446498	-27.2561134
Sede	6996314	-54.6791928	-27.5835674
Sede	7843895	-51.6607837	-27.5711045
Sede	6995517	-55.5640092	-28.2466508
Sede	7843296	-52.3167202	-29.2460868
Sede	6995950	-54.3597346	-28.4897877
Sede	6962139	-54.8135329	-29.4085262
Sede	7414871	-54.9208617	-29.1746136
Sede	7299321	-54.2598879	-29.4716113
Sede	6962146	-55.2114339	-28.8158870
Sede	6962156	-54.2862896	-29.2753420
Sede	6962155	-54.0582959	-29.2928844
Sede	6962147	-54.5608400	-28.9489259
Sede	7337860	-52.3846175	-28.2242370
Sede	6995946	-54.2435713	-28.5781334
Sede	7839876	-54.8814668	-28.7020907
Sede	7536275	-53.7872551	-29.0088035
Sede	6961993	-53.5827221	-29.5100000
Sede	7536268	-54.5518994	-28.5191707
Sede	7307063	-53.3349776	-29.3419755
Sede	6996058	-54.1823386	-28.7413116
Sede	6992281	-53.0474820	-29.5038109
Sede	6992279	-52.5242653	-29.4444222
Sede	7536266	-54.0072823	-28.5247885
Sede	7594218	-52.4418276	-30.1886156
Andi küla	350963	26.2706906	59.5580236
Sede	7281972	-53.1404317	-27.7223695
Sede	7843892	-51.4207954	-27.7654159
Sede	7282061	-52.7488892	-27.8185126
Sede	7021657	-51.2917860	-29.8468808
Sede	7282149	-52.8146746	-27.6286393
Sede	6996606	-54.4583132	-27.6312512
Sede	7600499	-54.5393144	-27.5707780
Billig	3297912	6.7775758	50.6289366
Sede	7321579	-52.8559714	-28.4609195
Sede	7186002	-53.7879296	-28.5915181
Sede	7836584	-53.2685655	-27.5901664
Sede	6995890	-53.8997206	-27.2292617
Sede	7830880	-53.6280488	-27.6216455
Sede	6996318	-53.6216119	-28.4447030
Sede	6996320	-53.4994504	-28.3557387
Sede	6995888	-53.4891694	-27.6785273
Muquém	6232126	-35.7593015	-6.9193833
Isanga	7267927	33.4557155	-8.8970345
Sede	7021322	-51.6975870	-28.5047154
Sede	6986778	-51.5290690	-27.9242367
Sede	7309704	-51.1949732	-28.3146387
Sede	6996599	-51.6678594	-27.9225092
Sede	7445375	-51.5665060	-28.2094536
Sede	7538284	-51.5836927	-27.7652579
Sede	7021343	-51.5019513	-28.5900903
Sede	7413683	-50.9362226	-28.5106955
Sede	7591730	-51.2234168	-28.7172756
Sede	7843890	-51.1612200	-28.0593506
Sede	7021341	-51.1063800	-28.7188986
Sede	7603740	-51.6457518	-28.3655074
Sede	7021337	-51.6614448	-28.5902906
Sede	7021326	-51.1752421	-27.8521609
Sede	7021329	-51.6038275	-28.7318410
Sede	7598383	-55.1381448	-29.4423683
Sede	7142037	-52.7062751	-28.3690615
Sede	6995965	-52.6633356	-27.3699745
Sede	6995660	-52.6336395	-27.4843095
Sede	7282151	-52.7254458	-27.5128204
Sede	6995662	-53.0073244	-27.9202380
Sede	7835596	-53.5103887	-27.5471322
Sede	6995823	-53.1603158	-27.6289545
Sede	7836408	-53.6646530	-27.7370511
Sede	7852248	-53.0051142	-28.6741447
Sede	7621486	-53.7838960	-27.8534030
Sede	7444935	-53.3698503	-27.3210734
Sede	7142265	-53.3708566	-27.6819474
Sede	7287476	-53.7249736	-27.3780341
Sede	6995811	-54.0439762	-28.4022862
Sede	6996597	-53.1294110	-27.7948688
Sede	6995815	-53.4849149	-28.1565000
Sede	6996317	-53.2233193	-27.5305864
Sede	6996593	-53.2330646	-27.7818313
Sede	7444932	-53.3758935	-27.5207270
Sede	6995818	-53.9166011	-27.9837195
Sede	6986867	-52.8653098	-28.5686053
Sede	6996256	-52.9744351	-27.9980000
Sede	7836585	-53.1840019	-27.4822043
Sede	6996251	-53.0650922	-27.7396242
Sede	6996190	-53.2067193	-27.7034919
Sede	6996594	-53.9697491	-27.7216452
Sede	6995828	-52.6415358	-27.7415000
Sede	6996060	-53.2360751	-27.2546894
Sede	6996625	-53.5120362	-27.3155662
Sede	7836587	-53.1947403	-27.3590242
Sede	7414056	-52.7790608	-28.2757186
Sede	6995804	-52.6502490	-27.6265000
Sede	6996253	-53.1308616	-27.9025370
Sede	7535054	-52.6276892	-28.0412528
Sede	6996260	-52.6549502	-28.6827422
Tabira	6203084	-37.5130157	-7.5790090
Sede	7337915	-57.0562294	-29.8776692
Bakoua	5162800	22.8163383	4.7461589
Sede	7021491	-51.0498026	-29.6620001
Sede	7021330	-51.3264160	-28.9954697
Sede	7349919	-51.3388267	-29.2116816
Sede	7021325	-51.4549955	-29.0922692
Sede	7021691	-50.9600682	-29.4690720
Sede	7021592	-50.9133449	-29.3914688
Sede	7350021	-51.2000115	-29.0105101
Sede	7212412	-51.5009483	-29.3789414
Sede	7337311	-51.2535143	-29.3927132
Sede	7021328	-51.4180058	-28.9950563
Sede	7021342	-51.6869680	-29.3540000
Sede	7021320	-51.5539635	-28.8599674
Sede	7349986	-51.4981740	-29.3030903
Sede	7021333	-51.6545017	-29.1345000
Sede	7349899	-51.5049632	-29.1617926
Sede	7591733	-51.0738506	-28.9492371
Sede	7021485	-51.5484918	-29.9956857
Sede	4028819	-53.4600645	-29.4318519
Sede	7071271	-53.0020454	-28.7831973
Inda küla	355525	24.5790789	58.7818801
Elbi küla	354083	24.8009724	58.5549153
Sede	6995515	-56.1282756	-30.2910749
Sede	7832621	-57.5229029	-30.1862572
Benken	6029354	12.4572001	52.1672310
Osuské	2203812	17.4511988	48.6393769
Senica	2203805	17.3486763	48.6683694
Sede	7021673	-51.1747053	-29.5254306
Sede	6992282	-53.1669131	-29.4205707
Lipovník	2209715	18.0129322	48.5744807
Sede	7606379	-54.6656163	-27.7930064
Sede	6995667	-54.7878743	-27.6466016
Sede	7850979	-52.9557623	-29.1177007
Sede	7021770	-51.3392376	-29.5847085
Sede	7021664	-51.2148863	-29.5881600
Sede	7021690	-51.2663935	-29.5360493
Sede	7208500	-51.6231071	-29.5425658
Sede	6992285	-51.7360000	-29.4015000
Sede	7606376	-54.5035809	-27.7186354
Pruské	1791656	18.2117685	49.0300042
Sede	7375184	-50.7506356	-29.6587506
Sede	7021675	-51.2512215	-29.6855000
Sede	7594228	-51.3150530	-30.3579874
Sede	7021661	-51.5847666	-30.2955160
Sede	7208784	-51.4718287	-29.7352837
Sede	7021656	-51.0230552	-29.7335596
Sede	7622319	-54.4985781	-28.3791298
Otrhánky	2189533	18.2015533	48.6915249
Sede	7287050	-53.6739642	-27.2751720
Sede	6996608	-52.6103118	-28.5830234
Sede	7848461	-52.5584576	-27.3900946
Sede	7848458	-52.4755665	-27.3716897
Sede	6996258	-52.4561094	-28.5202801
Sede	7082344	-50.5318721	-29.4178565
Sede	7275087	-50.1061149	-29.1083172
Sede	7021763	-50.0924331	-29.4451586
Sede	7323656	-50.8064011	-28.6736784
Sede	7785597	-50.3592912	-28.9738355
Sede	7325150	-50.9886476	-29.9247689
Sede	7021593	-50.7617619	-29.8827834
Sede	7833505	-54.0189517	-28.2490487
Sede	7841142	-54.0799629	-27.3921922
Sede	6996043	-53.9914926	-27.5853416
Sede	7836402	-53.7035118	-27.5169757
Sede	6954629	-53.8156876	-27.6504873
Sede	7849962	-53.9899879	-27.3551476
Sede	7656774	-53.6900818	-31.5089767
Sede	7021769	-51.3699313	-29.3883458
Sede	7021460	-51.3125168	-29.3642484
Sede	7174712	-53.6328531	-31.7376062
Sede	6995563	-52.6431469	-31.6220433
Saal	7740754	7.2439950	49.4563158
Sede	6996259	-51.7779504	-28.3112955
Granja	6427543	-7.4027585	41.0155283
Sede	7064932	-51.3715226	-28.1490643
Sede	7021324	-51.4818739	-28.7510044
Venade	5688090	-8.8117166	41.8571112
Sede	7021658	-50.9013467	-29.5888359
Sede	7021596	-51.1865726	-29.6509391
Habura	2321974	21.8732212	49.3380015
Sede	6996609	-53.4973437	-27.4065857
Sede	7375791	-53.0372444	-27.3440903
Sede	6996607	-52.9021255	-27.5254598
Sede	6961801	-52.9038410	-27.6783193
Sede	7299337	-54.4818984	-29.5456606
Sede	6962154	-55.1508706	-29.0723474
Sede	6995891	-51.8104795	-28.4142845
Sede	7606135	-52.8326418	-28.7453910
Sede	7817653	-52.3950862	-28.9948557
Sede	6996063	-52.4410102	-28.6172810
Sede	6995825	-51.7372649	-28.2369861
신내2동 (Sinnae2-dong)	3882940	127.0912705	37.6093883
Borebi	5684855	-49.0165600	-22.6855001
Sede	6996315	-54.9261969	-27.8529359
Sede	6996319	-52.3994581	-27.7178235
Sede	7021745	-51.4911437	-29.4190242
Sede	7021594	-51.2929375	-29.4545000
Sede	7021663	-51.2100887	-29.4545001
Sede	7021677	-51.0899904	-29.4590001
Salema	6010289	-35.1141729	-6.7986091
Sede	6996591	-53.8911254	-27.8289029
Sede	6992283	-52.6549761	-29.4450403
Sede	6992278	-53.0146415	-29.4009026
Sede	6992284	-52.6179991	-29.2950780
Sede	7444677	-52.9583633	-29.4544479
Sede	7309196	-52.9347527	-29.3475087
Sede	7656765	-54.1630685	-31.8666330
Sede	7021628	-50.7748027	-29.5620000
Sede	7852242	-53.0876259	-28.7339705
Sede	7021665	-51.1588232	-29.5855000
Sede	7209023	-51.4235989	-29.5395000
Sede	7500928	-52.7651093	-31.8388773
Sede	7021533	-51.0883600	-29.5885000
Sede	7021678	-51.4233609	-29.6125454
Sede	7021689	-51.4897144	-29.5525000
Sede	7208432	-51.5613719	-29.5435179
Sede	7021338	-51.7237426	-28.8859749
Sede	7021340	-51.7002439	-29.2583119
Sede	6961995	-53.4613723	-29.5590001
Sede	7021323	-51.7243197	-29.1464690
Sede	7142358	-51.7743157	-29.0535247
Sede	7021327	-51.7864379	-28.5952134
Sede	7445726	-51.7952114	-29.4647635
Sede	6986840	-51.7877744	-28.8306757
Sede	7021332	-51.7312569	-28.6450256
Sede	7021331	-51.7553403	-28.7263056
Sede	7787795	-54.7114336	-29.4926083
Sede	6962138	-53.8873719	-29.4767156
Sede	5618609	-53.6834980	-29.1999268
Sede	6962017	-53.7669740	-29.5608852
Sede	6961996	-53.3521820	-29.5600627
Üsse küla	355256	23.6753856	58.9275190
Sede	7785604	-50.4236054	-28.7046974
Sede	7785599	-50.0539377	-28.7471064
Sede	2954359	-44.0810834	-19.9025367
Itaici	1901210	-41.5423807	-20.5019386
Muquém	6156180	-44.2019622	-16.1545001
Sede	7220683	-54.8915046	-28.1294934
Sede	7220694	-54.8258921	-28.1438748
Sede	7021488	-51.3700977	-29.7111315
Sede	7375053	-50.8412837	-29.6364778
Sede	7021766	-51.6233022	-30.4655658
Sede	7021767	-51.6022566	-30.6309908
Sede	7021595	-51.1833021	-29.8508368
Sede	7021768	-51.1276085	-29.8220500
Sede	7021746	-51.1688045	-29.7414461
Sede	6996595	-54.1315422	-27.7361319
Sede	7622325	-54.5527343	-28.1712270
Sede	7622321	-54.5420424	-28.0387614
Sede	7377536	-54.4633602	-27.8404878
Sede	7367128	-54.2648717	-28.3060078
Sede	6996316	-53.6268521	-27.2233425
Sede	7845390	-53.4459036	-27.1578703
Sede	6995664	-53.7509547	-27.2139168
Sede	7375055	-50.9809882	-29.6592594
Sede	7021459	-50.9290785	-29.6439544
Sede	6996328	-52.4713630	-27.8465306
Sede	6995665	-52.4113680	-27.5757161
Sede	6995948	-52.5259885	-28.4246078
Sede	6995663	-52.3999127	-27.3926820
Sede	7064934	-52.4822260	-27.6638045
Sede	7275012	-49.9484706	-29.3607414
Sede	7274843	-49.8492623	-29.3730688
Sede	7021490	-50.7617885	-29.3490000
Sede	6962013	-53.5483042	-29.6385000
Sede	7326683	-51.0647554	-30.0079153
Sede	6996062	-54.0448680	-27.9225313
Sede	7357128	-53.9099295	-28.3861582
Sede	7163072	-53.7663913	-28.3617767
Sede	7833499	-53.7740300	-28.2081948
Sede	4028632	-53.4384025	-29.6325129
Sede	7538288	-51.6686756	-27.7870932
Aldoar	5936088	-8.6683057	41.1679351
Sede	7349940	-51.5379861	-29.2435943
Gradil	6522370	-9.2712494	38.9670385
Sede	7021321	-51.5378701	-28.9801190
Sede	7337312	-51.1707220	-29.1826974
Sede	7591731	-51.2849728	-28.8822025
Sede	6992275	-53.0000532	-29.6262580
Hnilec	2382000	20.4967545	48.8243735
Lipovník	2381071	20.6233086	48.6266820
Chorváty	2384737	20.8714006	48.5611241
Maisha	5845931	27.4250558	-11.6547806
Senica	3507142	19.1940459	48.7456655
Sede	7417065	-50.1569199	-30.0011437
Hrlica	2274963	20.0497977	48.6286099
Sede	7036789	-52.3670782	-31.7141812
Sede	7622328	-54.7304285	-28.1330678
Geta	5932475	80.5678377	28.7737624
Sede	6995658	-53.4828501	-28.8865001
Sede	6992303	-52.4154784	-29.3045776
Sede	6992301	-51.9861703	-29.2780000
Sede	6996191	-52.7826460	-29.2407945
Sede	7598221	-53.1564234	-28.6406749
Sede	7833981	-53.1994571	-28.3185666
Lohana	7678249	85.9578509	26.6960128
Gozdów	6478399	15.6438415	51.2797514
Sede	7183528	-54.1001275	-30.2642877
Sede	6992273	-53.1336731	-29.7049445
Sede	7656783	-53.4457069	-31.6182566
Sede	6962145	-53.8534992	-30.3514033
Sede	7513185	-53.6002893	-30.1628263
Sede	6992276	-52.5333305	-29.7296911
Sede	6961994	-53.4677906	-29.9795816
Sede	7353906	-52.9052134	-30.0268569
Sede	7428208	-53.4872750	-30.5036084
Sede	7321581	-52.6961908	-28.5976896
Hara küla	350890	25.6387794	59.5553369
Sede	7531773	-51.8704741	-28.5315001
Sede	6995826	-51.9348555	-27.7030086
Nichel	5976475	12.8179118	52.1133904
Skeagh	6954929	-7.5731249	53.5445453
Nema	5832919	50.5040390	57.5040860
Kachug	2664025	105.8873095	53.9592694
Bjerke	1279934	10.8292084	59.9413947
Sagene	1279939	10.7658487	59.9382729
Sedeco	7497616	34.9990453	-1.9253408
Obja küla	352194	26.6384221	59.1983412
Darien	251396	-88.7140416	42.6012069
Mara	40519	8.6322054	40.4354015
Podrózie	6431550	20.3031882	50.4383318
Bingen	2805401	9.2780244	48.1220201
Amen	1462116	6.5985145	52.9333179
Bergen	444285	12.2824673	50.4652676
Niecki	7100895	23.0472845	53.0443780
Fako	2751429	9.1849620	4.1021840
Mietniów	3330009	20.0786460	49.9573250
Eola	186823	-123.1231036	44.9313580
Bergen	1015148	11.1167618	49.0678584
Maybee	134907	-83.5141329	42.0070995
Mleczków	3387533	21.0409740	51.4298346
Heijen	1419669	5.9965277	51.6656033
Garber	128791	-91.2596223	42.7442284
Leke	1326928	2.8993179	51.1006641
Chapin	194001	-81.3463688	34.1653725
Paraje	171149	-107.4688193	35.0510329
Ramble	4601906	-76.6171607	17.9780704
Chim	6013707	-8.4800668	41.9990407
Chibit	7148876	87.5052957	50.3175574
Aldeno	2455208	11.0931460	45.9772465
Laki	6854816	22.6604272	41.7850731
Dedino	6826120	22.4219257	41.5741686
Devich	6412501	21.2264983	41.5503475
Pendak	6708005	22.0090805	42.1255696
Arenal	4826621	-97.5156163	20.2514018
Illabo	5940853	147.7512364	-34.8300140
Sida	2645872	41.7455077	42.5680925
Falcon	179847	-78.6489073	35.1934064
Peak	194164	-81.3291867	34.2371229
Wiejca	4249279	20.4966414	52.2706240
Wülfte	4059119	8.5901942	51.4308213
Baye	165986	-3.6090093	47.8552980
Arma	130123	-94.7002451	37.5404747
Barcza	6264684	20.7676650	50.9429001
Ladora	129268	-92.1858601	41.7549670
Nadole	4463270	20.2107346	51.2659426
Laas	149119	2.2166125	48.1207966
Leando	128367	-92.0786341	40.8244509
Bingen	237966	-121.4710423	45.7156940
Lucama	180343	-78.0086844	35.6426580
Lapang	5461562	97.2997632	5.1441666
Drohojów	6816386	22.7972980	49.8871202
Bayard	171284	-108.1339764	32.7595574
Malawa	6855027	22.4084958	49.6782211
Otrhánky	2220697	18.2015533	48.6915249
Ekel	2117090	6.9290088	51.6342368
Seha	2964759	44.4033564	33.2097437
Thiede	3409997	10.4790827	52.1872996
Lavagh	4844880	-7.9949920	53.8538050
Bunbeg	5580742	-8.3091840	55.0605072
Hall	4175313	-7.7713003	53.3617521
Próspera	7400691	-49.3491549	-28.6783670
Redbog	5122577	-7.0457691	52.6382315
Raheen	6366619	-8.5474102	52.0166979
Redbog	5421112	-6.6189300	53.9740279
Raheen	5554636	-7.8827954	52.2854706
Raheen	5510546	-7.6907420	52.3513064
Raheen	3243760	-6.7109601	52.3153217
Redeen	4817730	-7.3776385	52.6402929
Skeagh	4476545	-6.5325872	53.3078747
Redbog	4521355	-6.5433742	53.5258304
Skeagh	5377161	-7.0784026	54.2322456
Peak	4197274	-8.3373039	53.7093131
Raheen	4537844	-7.6201049	52.8502860
Raheen	6226659	-8.5095648	52.8968557
Raheen	5438046	-6.9547413	52.3930904
Camp	6354258	-9.6812936	52.2559074
Raheen	2240448	-6.7021962	52.6914025
Tedd	3558934	-7.5924725	54.5027662
Cady	3558734	-7.7391559	54.5080991
Hrlica	2274919	20.0497977	48.6286099
Raheen	4203733	-7.3020071	53.2166600
Labaun	6243074	-8.2791215	51.9265122
Dreigh	4617604	-7.5065906	54.4340753
Liafin	5518141	-7.4949872	55.1836860
Lederg	5517055	-7.5261890	55.2142098
Raheen	5515237	-8.5016402	52.6746494
Raheen	6078245	-8.9298197	52.2944125
Keel	5747692	-9.7784268	52.1636629
Cranna	5570407	-7.9285474	52.3385316
Raheen	6128680	-9.0293088	53.4937595
Lavagh	4551382	-8.1512446	54.1792304
Skeagh	5503800	-7.9410452	55.0727544
Leek	5352032	-6.8817339	54.3418256
Cark	5553041	-7.8805666	54.8893542
Raheen	5640379	-8.3371617	53.1665830
Raheen	5605365	-8.2234135	53.2039655
Skeagh	3583457	-7.4581020	54.3206475
Igel	6652785	6.5471344	49.7136943
Skeagh	4748564	-7.9931661	53.8911438
Raheen	5570422	-7.9822011	52.3775681
Senica	2265281	19.1940459	48.7456655
Keel	6249934	-9.9144297	52.0139776
Lavagh	4218882	-7.3290185	53.8304501
Ardree	3209847	-8.5047509	54.0657908
Camp	4144671	-8.1774586	54.5039748
Raheen	4261958	-10.3810865	52.1140778
Raheen	6018933	-8.5967163	52.5973163
Keel	2390881	-7.7336797	53.6431687
Raheen	5497556	-7.4710723	52.4115756
Aghlin	5509217	-7.9086829	54.0686699
Redbog	5635296	-6.5317976	53.1963786
Lavagh	3507092	-8.6830870	54.2087642
Labaun	3371152	-7.7601604	53.4282315
Raheen	5475509	-7.8991352	52.6588948
Raheen	6354297	-8.3823351	52.0792271
Coolea	6355229	-8.4030673	52.0790735
Peak	4789215	-8.3447054	53.8359853
Raheen	3365422	-7.6806505	53.4550675
Raheen	6314709	-8.7576954	53.3009077
Gallen	4140944	-7.8269859	53.2503231
Raheen	2535045	-6.4496259	52.6647031
Ardree	4583855	-6.9610468	52.9733243
Muquém	2424274	-48.4108352	-27.4673700
Raheen	4817429	-7.4432885	52.6492109
Raheen	5582434	-8.5512942	51.7956753
Raheen	4505306	-6.1795471	52.8259807
São Tomaz	3408972	-43.9502517	-19.8436414
Raheen	2301275	-6.2923907	52.6270196
Raheen	5504460	-8.1664144	54.4904998
Raheen	4555725	-6.7109522	52.9583410
Maugha	6051017	-9.3543467	51.7875927
Camp	6333547	-9.5098888	52.2287786
Raheen	6088072	-8.8716454	52.5049203
Raheen	3232368	-6.9659270	52.3895625
Lavagh	3547719	-8.6764035	54.1087833
Keeken	3301019	6.0672621	51.8386086
Peak	6228977	-8.7057764	53.3858762
Lederg	5465871	-6.7122321	54.5032751
Pruské	2219831	18.2117685	49.0300042
Senica	2203788	17.3486763	48.6683694
Lipovník	2209624	18.0129322	48.5744807
Dereen	5429736	-8.4906049	52.7239725
Denman	6058996	150.7003959	-32.3776584
Tamban	6063803	152.8173718	-30.8837932
Carnan	5397651	-6.6019405	54.5847205
Raheen	4122899	-7.6218792	53.3559187
Peak	4087832	-8.7205231	53.4716322
Keel	2590301	-7.7500814	53.5370914
Raheen	6256287	-10.1128612	51.8152868
Raheen	5959044	-8.3714423	52.4110104
Habura	2321929	21.8732212	49.3380015
Redgap	4474494	-6.4801660	53.2658426
Carnan	2385803	-7.6367439	53.6606365
Raheen	6168725	-8.6926834	51.8248399
Raheen	5900242	-9.2079548	51.5358656
Raheen	4637227	-7.1989065	53.0497277
Camp	6155365	-9.9100130	52.2147260
Rainha	3938482	-48.7212003	-26.5125022
Raheen	4632068	-7.3711748	52.9602641
Skeagh	4521323	-7.5025508	52.9290897
Raheen	2201026	-6.6175092	52.8332829
Redbog	2205141	-6.5345637	52.8267865
Raheen	5308986	-7.2836930	52.3738197
Raheen	3631522	-6.2494317	53.0480647
Raheen	2203044	-6.6275706	52.8480762
Raheen	4554442	-6.6562328	53.0193814
Theale	3937449	-1.0753453	51.4360401
Ockham	3007041	-0.4485512	51.3035094
Bold	7582688	-2.6995600	53.4133510
Finham	6191008	-1.5141658	52.3765433
Redgap	5403073	-7.0300099	52.3173882
Raheen	5537486	-7.8150968	52.5545535
Skeagh	5442871	-7.7921292	52.7650047
Skeagh	5684479	-6.9987863	53.9580813
Lavagh	5986843	-8.3768337	53.3113014
Raheen	5620299	-8.0253904	52.4493187
Konobrže	432728	13.6599233	50.5567617
Dingle	6199927	-10.2704443	52.1396337
Pilínkov	434742	15.0310511	50.7239197
Deralk	5758033	-7.4883555	54.0389270
Hrobce	435386	14.2248831	50.4605068
Všebořice	431613	13.9844594	50.6867300
Raheen	5253258	-7.2929965	52.5078361
Leek	6024048	-2.0326122	53.0991872
Rahina	6104286	-8.7217307	52.6286502
Diethe	3927320	9.0086845	52.4692494
Spören	2266429	12.1379658	51.6053250
Dubina	424557	12.2256407	50.1085022
Raheen	5182692	-8.2616787	53.8337320
Raheen	5901225	-7.8272223	52.0092152
Strašnov	426594	14.8886473	50.3538190
Pavlíkov	425252	13.7385603	50.0668031
Pěčkovice	425713	13.0100633	50.1036880
Rejvíz	434136	17.3014420	50.2145559
Židenice	434830	16.6507530	49.2025939
Raheen	5485035	-7.4714126	52.5039092
Konětopy	429453	14.6578191	50.2761582
Zlonín	427112	14.5098083	50.2181172
Brozánky	426222	14.4443434	50.3564334
Neštědice	426806	14.1425692	50.6742944
Skeagh	5857130	-9.5413242	51.5474687
Lavagh	4126650	-8.0449015	53.1763681
Atic	6418440	-62.2716583	-38.7691286
Raheen	2230191	-7.0535439	52.7414101
Bítovany	428803	15.8632541	49.8997226
Chrtníky	431126	15.6058318	49.9798419
Coolea	6141146	-9.2139663	51.9248207
Svébohov	432342	16.8381306	49.9231313
Němčovice	425376	13.5711936	49.8791652
Relagh	4614307	-7.5190836	54.4330893
Stříbrná Lhota	434804	14.2384689	49.8664682
Relagh	3570248	-7.5788440	54.3918882
Relagh	3570247	-7.6049990	54.3771080
Skeagh	5480606	-7.8701629	54.2435765
Těchařovice	423574	14.0514810	49.5937925
Drevníky	425955	14.2720832	49.7181824
Hlince	425334	13.6353202	49.9461253
Chorváty	2384559	20.8714006	48.5611241
Bergen	1647684	7.2409031	51.5151282
Zalažany	436337	16.0128626	49.9357391
Stožec	430624	13.8928609	48.8286217
Nesměřice	432857	15.0961024	49.7253523
Raheen	4155660	-6.6665893	53.3427486
Raheen	6038906	-8.5527000	52.5156966
Raheen	6310139	-9.2349902	52.0565696
Beatin	5306144	-7.3451482	52.4062834
La Mesa	4595610	121.1523931	14.1863060
Marbel	1513861	125.0881847	7.0704649
Keel	6112574	-9.0865759	52.1724934
Osuské	2203778	17.4511988	48.6393769
Hnilec	2381953	20.4967545	48.8243735
Lipovník	2381033	20.6233086	48.6266820
Raheen	4131156	-6.4450479	53.2468853
Coan	4461580	-6.5399242	52.9751056
Siddan	4723083	-6.6473238	53.8136607
Mambog	1485285	120.9580794	14.4206407
Kpabli	7685633	-8.1488729	6.0435418
Skeagh	6072517	-9.3471705	51.5769737
Peak	6094010	-8.9280244	53.3676350
Raheen	5886006	-9.1575857	51.5349465
Raheen	5651836	-6.9820783	52.2112727
Lavagh	2220773	-7.9933067	53.9403593
Raheen	3668378	-6.3837211	53.3368042
Raheen	6041598	-9.3896542	51.6908036
Raheen	2710261	-6.6798219	52.4368556
Skeagh	4233085	-5.9690947	54.8841139
Kepa	6821193	139.4245654	-35.1540299
Broagh	4815386	-6.5973081	54.8010206
Magpie	3127010	143.8514406	-37.6447441
Skeagh	4745299	-6.1226019	54.3837210
Cady	5394224	-6.7586035	54.5937675
Ardeer	2421482	144.8009306	-37.7758100
Comara	6063467	152.4084045	-30.7391336
Tahlee	6059267	151.9994644	-32.6603057
Kidder	141085	-94.1048286	39.7824930
Langel	2613747	7.0152675	50.8491935
Garber	185021	-97.5807471	36.4361620
Bielin	7081837	23.7697385	51.0489056
Dobcza	6795955	22.7424416	50.2255848
Wade	179836	-78.7346365	35.1597440
Hall	2713368	6.1076941	52.1072124
Aguata	3715506	7.0906431	5.9842248
Chrzanów	6492415	21.0045689	50.3981865
Bayard	129139	-94.5582914	41.8523492
Mobbar	3721190	12.6776969	13.0669035
Anobra	4081478	-8.5174866	40.1546086
Baye	2732064	3.7675435	48.8601700
Agwara	3718386	4.5394175	10.7453014
La Mesa	1355929	-74.4891780	4.6480047
Koczanów	6043731	20.4843486	50.1879167
Świnki	7448040	22.3101532	50.7120720
Nadole	6322985	21.6695445	49.5692457
Illela	3707376	5.3214069	13.6664956
Gate	184274	-100.0554943	36.8520829
Bayard	169526	-103.3224488	41.7574005
Idanre	3718622	5.2547047	6.9755489
Mara	345149	-1.5256085	41.2858664
Bergen	181371	-100.7200353	48.0037392
Filain	937842	6.1748308	47.5223647
Granja	4179947	-7.6482247	41.6970808
Stølen	6492178	5.3269962	60.3987422
Chapin	126949	-90.4025682	39.7677275
Glinde	2252787	11.8414229	52.0070692
Klonów	6261570	20.8231416	50.9533898
Hall	6838184	149.0677811	-35.1703484
Sarnów	6991777	21.5412730	50.3592402
Jelnia	4261293	20.4374383	51.4293208
Doma	3720498	8.3372935	8.1599335
Mane	1458131	0.9436288	43.0812299
Aire	1470527	4.1655979	49.4696287
Nekhla	5139651	7.1989619	33.1608603
Žvėryno tv.	2390584	25.2425057	54.6948643
Žvėryno tv.	2390585	25.2409785	54.6945289
Barken	6612180	16.1772959	58.5913019
Grönlund	3079854	15.9056844	60.0537751
Block H	7717842	-8.0502422	6.0298335
Granja	5762745	-8.2938419	42.0987062
Deuben	7167314	13.6429867	50.9949084
Midjan	6008882	17.9079204	59.3589539
Larena	2643396	-58.9981074	-34.3914201
Eido	6013886	-8.5077888	42.0043485
Bawbin	6589027	95.7994868	18.3675438
Wade	5740377	-87.4347888	36.5879640
Pruské	4651081	18.2059997	49.0329374
Bertea	4871535	-63.7405674	-32.4290074
Sørenget	5154119	11.5677795	63.7923853
El Tala	2730224	-65.2757395	-26.1116393
Batman	4643739	41.1374205	37.8907225
Cadret	4720620	-61.3351310	-35.7720450
Grecco	2740452	-57.0439865	-32.8164547
El Tala	3289565	-57.4129088	-33.2037272
Lössau	3500429	11.8869684	50.5859341
Bramel	4464467	8.7121218	53.5506470
Topólcza	6054661	22.9159815	50.6554497
Klonów	3503932	20.1691566	50.3337526
Baring	141661	-92.2056814	40.2444660
Kaznów	7776598	22.7487283	51.4904891
Klonów	6243808	17.6287724	51.4086417
Bergen	176204	-77.9423165	43.0821138
Laas	131441	0.3062454	43.4735708
Grabin	5614068	17.5079518	50.6052037
Chorfa	6668170	-0.1977576	35.4231436
Saliai	2680257	23.9352610	54.9595735
San Zenón	1423487	-74.2763194	9.3550020
Akil	6417501	-89.3466282	20.2593799
Bergen	7182076	7.2406888	51.5123473
Obando	1460959	-75.9422680	4.5995470
Arma	1933569	-75.4995574	-13.1195880
Kubice	3962924	17.4379845	50.4811656
Cờ Đỏ District	7148130	105.4631544	10.1303217
Dascio	1532855	9.4166422	46.1866296
Caluma	108903	-79.1963269	-1.5976676
La Nava	343179	-6.7590336	37.9696745
Ticaco	1874341	-69.9782951	-17.3435316
Chorfa	3397401	4.3172351	36.3785925
Charat	1967991	-78.4730282	-7.8053619
Mara	1929571	-72.0829043	-14.0171747
Chelva	343968	-1.0250568	39.7312454
Ghatan	5196031	83.5507874	28.3752403
Arenal	1986166	-81.0320779	-4.8997998
Amieva	345845	-5.0997249	43.2402765
Skarżyce	5860432	16.4173298	50.9625332
Cofico	5173317	-64.1849857	-31.4029192
Arenal	2969763	-2.9233742	43.2616817
Picard	5374355	6.7207495	49.3035538
Arenal	1326220	-74.1796674	8.3213500
Lot 2	2256543	-64.1158308	46.9014279
Traiba	3551406	-3.9684544	34.4115112
Anco	1930918	-73.6559336	-13.0136995
Bitaičių tv.	5626249	23.6177829	56.0007953
Équateur	3652052	20.3257422	1.2402903
