Aragon	349045	-0.8388223	41.3854860
Cannes	91734	7.0027653	43.5548181
Salina	129645	-97.6032478	38.8291235
Barlin	1135953	2.6124426	50.4550487
Astana	3087156	71.4388595	51.1509205
Inghem	1235992	2.2423063	50.6682305
Astana	3087155	71.4388595	51.1509205
Maulde	56840	3.4256913	50.4965378
Binges	153153	5.2639863	47.3231267
Diesen	115020	6.6963377	49.1714779
Galgon	89468	-0.2761846	44.9912146
Darcey	145314	4.5680853	47.5487878
Mobile	254046	-88.1045412	30.7016694
Trémoins	1582597	6.7015537	47.5644580
Banten	2388356	105.5410284	-6.4780029
Prépotin	3322105	0.5871929	48.6232025
Oyrières	1167953	5.5799037	47.5284160
Coisia	1549093	5.5829512	46.3019513
Vihiga	3486322	34.7080338	0.0831199
Kilifi	3495545	39.6750715	-3.1507393
Nugaal	1720064	49.2045371	8.2249999
Bakool	1720052	43.8395158	4.1831479
Bamyan	1674849	67.3388486	34.6956777
Laurac	2014402	1.9694711	43.2301946
Lalaye	908232	7.2324531	48.3383550
Blesme	2621502	4.7714741	48.7310517
Cenans	917980	6.1898588	47.4317006
Carsan	386045	4.5814474	44.2307444
Marene	43408	7.7344535	44.6567190
Carnas	76167	3.9964639	43.8334463
Cerete	46290	10.0110195	45.8543485
Gubbio	42390	12.5319578	43.3478167
Bugeat	2930732	1.9286603	45.5896337
Nances	79382	5.8007349	45.5852353
Pomérols	255444	3.5393101	43.4002581
Ploërdut	112627	-3.2806536	48.0979422
Cateri	1125896	8.8964566	42.5678075
Combre	901187	4.2639690	46.0184037
Acerno	40700	15.0743530	40.7390988
Espeja	348090	-6.7487551	40.5244286
Sciecq	152500	-0.4746038	46.3700976
Canens	109932	1.3352407	43.2179785
Besano	46420	8.8925760	45.8865821
Mainar	340452	-1.2956588	41.2122180
Farges	140760	5.9011789	46.1657146
Laglio	46393	9.1330682	45.8883929
Ulanga	1600769	36.6478514	-9.0543194
Newala	1600766	39.4559410	-10.6970200
Trevélez	342608	-3.2676238	37.0459919
Baixas	18479	2.8047997	42.7438288
Ötzingen	535132	7.8348954	50.5097686
Jayena	341279	-3.7934933	36.9316698
Geisig	540061	7.7901015	50.2587892
Boldva	1317793	20.8224370	48.2340594
Nogara	44373	11.0654289	45.1894187
Cellio	46008	8.3158941	45.7533324
Anarcs	1452611	22.1089713	48.1776306
Gignod	46084	7.2489629	45.7845107
Laguna	1503483	121.4821949	14.2676843
Pombia	45601	8.6477852	45.6464214
Andocs	1367841	17.8968915	46.6550403
Vézelois	118053	6.9182934	47.6079665
Airola	41060	14.5660627	41.0578948
Dimona	1376826	35.1262609	31.0191053
Zarratón	342683	-2.8822658	42.5205092
Scilla	39559	15.8291896	38.2130912
Löcknitz	1407860	14.2135538	53.4658508
Hartha	402946	12.9550903	51.1137301
Lerici	42837	9.9288775	44.0747441
Gallio	1650220	11.5605201	45.9069310
Cerano	44908	8.7927867	45.4047831
Fasano	40778	17.3949673	40.8270881
Metapa	5999631	-92.2007670	14.8221605
Tuzantán	6000202	-92.4063703	15.1411325
Tactic	4557556	-90.3431684	15.2975958
Colipa	6037649	-96.7192154	19.9349429
El Higo	5573191	-98.3843974	21.7672797
Sagsai	7305005	89.1526357	48.5296407
Dikmen	1428710	35.2086640	41.5813887
Madero	5605993	-101.1754981	19.3541295
Akseki	1726997	31.8375762	37.0768334
Alucra	1835980	38.8578226	40.3758385
Ceyhan	1249250	35.8712312	37.0556361
Tibiao	3279600	121.6686967	11.3246358
Malita	3304168	125.6280330	6.3372866
Kirehe	171655	30.7347838	-2.1953632
Tototlán	5606552	-102.7494169	20.5374256
Agnone	41517	14.3731042	41.8027799
La Maxe	106527	6.1928561	49.1603671
Anoeta	343223	-2.0794094	43.1651541
Aragon	2139338	2.3119298	43.2973745
Mörstadt	1248702	8.2544004	49.6579674
Drahotěšice	437845	14.5624780	49.1223818
Pelago	42620	11.5190766	43.7752568
Jardin	169837	4.9107765	45.4899587
Alaior	1809113	4.1304158	39.9153544
Pahlen	964289	9.2874018	54.2676082
Dyjice	440402	15.5214199	49.1799925
Dunice	441495	15.1578582	49.6008128
Celles	2950682	0.4080320	45.2896428
Schlei	2340930	9.8381844	54.5920860
Kallmünz	965011	11.9282787	49.1604299
Nakano	4759891	138.3472593	36.7674789
Pesche	41411	14.2864910	41.6146784
Cubati	301267	-36.3182982	-6.8652250
Crimla	2788808	12.0449373	50.8014634
Ricaud	2463485	0.2719770	43.1468002
Günstedt	2410090	11.0744410	51.2305177
Bierutów	2942238	17.5481468	51.1288892
Orgovány	1130371	19.4814339	46.7409424
Vysoké Mýto	440542	16.1559523	49.9436494
Bukata	1375243	35.7820308	33.2089518
Krobia	2705475	16.9901042	51.7721002
Bamyan	6615182	67.6686021	34.8035840
La Crau	969993	6.0978799	43.1705956
Provodín	439005	14.6071223	50.6284078
Hikari	4079525	131.9462443	33.9274494
Dengok	5615624	110.5272716	-7.9429919
Katuba	5399776	27.4633977	-11.7094602
Taragi	3995645	130.9435609	32.2555180
Sakawa	4033423	133.2678542	33.4993870
Olaine	2019219	23.9291385	56.7865497
Jondal	404154	6.3069868	60.2543471
Wakasa	4110062	134.4314294	35.3360674
Wakasa	4799812	135.7829868	35.6317695
Celles	2052602	1.6954467	42.9142983
Laugna	956878	10.7113236	48.5118418
Chomle	439786	13.6353796	49.8640741
Baybay	5426219	124.7840695	10.6953752
Fahrni	1682438	7.6579590	46.7960714
Celles	2163690	3.4392842	50.7057523
Zvíkovec	439780	13.6851686	49.9494425
Wasilków	3091200	23.2085819	53.2128048
Laguna	296721	-48.8399632	-28.4698921
Madras	186488	-121.1195882	44.6402020
Brecht	1277957	4.6322701	51.3284690
Ebikon	1682826	8.3328527	47.0793685
Riebau	3696886	11.2805814	52.8654021
Denise	333674	-56.9522273	-14.7240001
Taloga	184800	-98.9642149	36.0407235
Malsch	659837	8.3410350	48.8854202
Leonia	170634	-73.9898302	40.8637275
Haines	2605277	-135.4021795	58.9268484
Eggern	962827	15.1502999	48.9064603
Manari	303740	-37.5576777	-8.8917953
Ipsach	1682494	7.2324813	47.1151692
Paicol	1459974	-75.7113528	2.4041033
Grekan	1250583	19.9558560	40.9109850
Adamov	442566	16.6593873	49.2991534
Demker	3651803	11.8656241	52.5093685
Marina	5173237	-121.8006399	36.6900785
Siraha	4589471	86.3494352	26.7416702
Ighram	4069668	4.4563185	36.4761817
Gerdau	1460249	10.4206524	52.9625765
Hmawbi	5996616	96.0535465	17.1286759
Bakung	3815208	110.5590552	-7.7376014
Laguna	2242633	125.6783886	-8.5333593
Laguna	2250576	124.2591895	-9.2315370
Laguna	2250714	124.2328999	-9.2388000
Laguna	2249849	124.3156840	-9.2008814
Laguna	2249565	124.3102954	-9.1996114
Versjøen	4821643	8.5233998	60.7912915
Mollsjön	2387536	12.1298491	57.8669965
Old Sea	1756935	-53.2095596	47.2799928
Bimini	3776645	-79.9433553	23.6910624
Balzan	7510550	14.4518138	35.8974524
Banowa	3721223	13.1836573	13.2016699
Luujärvi	4750275	26.9229850	61.1429771
Luujärvi	2545282	26.9346754	61.1430812
Ria d'Étel	2260478	-3.1854738	47.6980520
Nakano	1543056	139.6731665	35.7058879
Kirehe	1716715	30.6285284	-2.2613168
Vitasjön	5396156	13.8215692	56.4812377
Vingsjön	6413565	13.5813217	58.3808228
Hyötinen	7216923	28.0966660	60.8647304
Laguna	6072776	-66.8254916	-26.2352333
Laguna	1323781	17.4692049	49.4605568
Mijani	6370983	19.6091845	43.3088591
Tekija	6331439	21.4337074	43.8443416
Lunxhëri	1253927	20.1732050	40.1327711
Versjøen	4821642	8.5069016	60.8011984
Mørkvann	5754591	9.3435856	58.8102911
Nuvjávri	7321196	19.4559172	67.5037294
Ruojärvi	2337563	23.1532053	61.9478732
Revsjøen	2410506	12.1734062	62.3621250
Stor-Håen	255119	11.8585263	62.7817618
Jaktorów	1822905	20.5376458	52.0948595
Pindal	4249270	20.3594276	52.2891341
Ereira	6553454	-8.7035236	40.1548657
Cerejo	6391629	-7.2220379	40.7302325
Bozica	6662795	22.4083553	42.6246393
Wróblewo	5975579	16.6647265	51.3958320
Kigoma	5400830	27.5037898	-11.6314431
Lofssjön	270542	13.4093484	62.0749378
Meimoa	5412469	-7.1790180	40.2387295
Zawada	6252505	17.6050276	51.3079176
Sinjac	7273577	22.4310333	43.2347378
Laguna	6050320	-67.0651588	-26.2206923
Skogsjön	4494816	16.6173450	61.7609651
Plasce	6365683	19.3450067	43.4616832
Bortjønn	6181660	8.7941482	58.5614062
Carite	4467968	-66.0986392	18.0777492
Guacio	4468488	-67.0022758	18.2841618
Laguna	4468461	-67.1757626	18.3357118
Auesee	3406173	8.1352174	51.8106341
Albasu	3703270	9.0790977	12.5767318
Mbouda	3837645	10.3160280	5.6337243
Inname	3707484	4.9822035	13.1846336
Fagolo	3710458	8.4501539	12.2795971
서강동 (Seogang-dong)	3884278	126.9257638	37.5465033
Salina	5830451	-87.5533161	12.8363311
Pindal	3640681	-80.1111380	-4.1283639
Laguna	7359125	-84.4674040	10.2182658
Bejuco	6406546	-85.2627019	9.8258599
Zadawa	3722544	10.3531070	11.4272648
Tandel	1337083	6.1747311	49.9081619
Auesee	333578	6.5834939	51.6724759
Ridawa	3710685	8.3377367	12.4703428
Mahmat	6776993	34.9669594	38.8951443
Pakari	7571556	86.7929192	26.5617915
Taklak	5805859	83.6283458	28.0195661
Kigoma	1730893	29.8403868	-2.2967556
Kagogo	1736839	29.7705169	-1.3810697
Kigoma	3952147	29.6434688	-2.4727750
Jethal	6755752	85.9201579	27.6939784
Manari	6062705	83.7288428	27.5319370
Sotjärvi	2242278	32.9947154	61.7847666
Nava jõgi	3747696	26.1726790	58.8751209
Levice	43256	8.1560375	44.5371040
Čvrljevo	2820775	16.3223577	43.7096136
Siraha	7616986	86.2064838	26.6537347
Shikha	5360432	83.7079960	28.4567272
Aamtep	6693768	87.0809797	27.1584209
Diyale	6700662	86.6405408	27.2913062
Bazhen	7527645	117.5695753	31.3069186
Modian	7716994	117.3782674	31.9450208
Gotala	3698655	12.3030974	11.5951345
Kaizha	6716834	112.0458816	37.5046789
Harewa	5752090	83.4323302	28.1014428
Marina	4467657	-65.7107173	18.2273454
Lucane	6656096	21.6914957	42.4476445
Pendle	149122	-2.1717796	53.8790401
Remich	407503	6.3591140	49.5477874
Hegnau	6928145	8.3323767	47.3700145
Chepes	2873245	-66.5920732	-31.3393673
Lochem	416833	6.3436581	52.1715131
Alford	1839544	-73.4241190	42.2551967
Lékoumou	3220592	13.6334103	-3.0671511
Haines	110769	-135.4756072	59.2448050
Cibolo	113362	-98.2375815	29.5810499
Remchi	6666575	-1.4442523	35.1138891
Boldre	3948992	-1.5141900	50.7718650
Fehren	1683503	7.5800439	47.3978363
Luchka	3167166	25.5976052	49.4138925
Macuco	2215551	-42.2691231	-22.0325983
Adamov	437777	14.5536107	49.0052568
Erinia	965535	24.4306782	38.8285198
Seterøya	5891168	7.2171031	62.7218376
Hiva Oa	6081654	-139.0064593	-9.7793678
Ko Hang	5861077	99.0222644	7.8603078
Conkal	5961470	-89.5291214	21.0750610
Szeszyły	6900545	23.1568325	52.6256771
Zakale	6843440	23.1368734	53.4449664
Kigoma	1600842	30.3590630	-4.8351000
Alphen	2718258	4.9525012	51.4913708
Malsch	453401	8.6692294	49.2446115
Srbice	439119	13.1387180	49.5066024
Adamov	442621	15.3982856	49.8533337
Salina	199000	-111.8607987	38.9405109
Mimika	7754461	136.8270681	-4.5834513
Mshana	3167256	25.2469172	49.6844202
Onarga	126680	-88.0061283	40.7129414
Zawada	7623386	18.0693830	53.8582963
Srbice	439336	13.8792834	50.6524235
Ballon	107485	0.2235979	48.1739481
Riegel	1124269	7.7401854	48.1592566
Eisden	7033754	5.7031632	50.9889995
Olaria	314990	-43.9494167	-21.9080001
Kata küla	354336	24.9641829	59.1936743
Arvore Só	7438174	-53.0356743	-33.2331373
Cubati	6231368	-36.3182982	-6.8652250
Iganjo	7267340	33.5643967	-8.9191710
Paonia	113152	-107.5872145	38.8708755
Ikla küla	353095	24.4079193	57.8819646
Pühatu küla	354716	24.5234424	58.9355628
Oela küla	354322	24.6825218	59.0509985
Lucena	3819341	-34.9213402	-6.9062892
Tõitse küla	353328	23.8872672	58.6060474
Arango	4764344	-67.8456770	-38.9804438
Štefanov	2203826	17.1995533	48.6785286
Levice	2217953	18.6156886	48.2056797
Guinda	6151215	-43.7280919	-18.2818546
Ngombe	5162810	22.8220204	4.7457603
장위2동 (Jangwi2-dong)	3883206	127.0533202	37.6127476
Marina	4851273	-69.2090259	-51.6399855
Lopúchov	2277819	21.3705200	49.1306028
Desine	6305361	21.4278008	44.6784798
Manari	6202325	-37.5576777	-8.8917953
Caripi	6458223	-47.4953779	-1.1262115
Siraha	7616949	86.2091281	26.6607665
Katuba	5834061	27.4682636	-11.7216243
Fohrde	6700917	12.4741214	52.4719969
Ereira	6458247	-8.8720759	39.1746356
Barosa	6546917	-8.8554810	39.7577173
Katuba	5457540	27.4654930	-11.7035872
Brecht	3422340	4.5972381	51.3347679
Širkovce	2274819	20.0841145	48.2825974
Aglish	6523091	-7.1794797	52.2855517
Carrig	6927387	-8.4551807	52.0828309
Donard	6616825	-6.5961322	53.0312620
Drabiv	2133786	32.1418625	49.9538731
Aglish	6864395	-9.6151548	52.1132508
Aglish	6915473	-8.7501611	51.8866201
Carrig	6927383	-8.5738205	52.1557301
Carrig	6758009	-7.9515557	53.0654205
Nobber	6967498	-6.7372546	53.8251276
Ballon	6532193	-6.7717795	52.7313986
Carker	6864415	-9.4029583	52.1537495
Mbonge	3835970	9.1834860	4.4436917
Carrig	6810857	-8.7455773	52.6571496
Aloria	6879598	-2.9788326	43.0001194
Tablat	2957959	3.3345961	36.4241230
Beradz	6553066	21.4187276	50.6956954
Gilman	126687	-87.9911435	40.7623035
Alofau	253712	-170.6044874	-14.3029745
Smoligów	7116734	23.9654252	50.6248454
Nadworów	4638136	20.2455494	51.0196173
Weende	3730689	9.9338636	51.5650810
Mshana	4243831	23.7769688	49.8281101
Haugen	251777	-91.7781783	45.6083435
Odisha	1984022	84.7024331	20.1907258
Aldorf	2263033	8.4959858	52.7430623
Medora	126818	-90.1424289	39.1742759
Pierce	112399	-104.7539595	40.6346955
Medora	181602	-103.5243424	46.9125619
Brecht	1152691	6.4283932	49.9869879
Medora	127589	-86.1709620	38.8254642
Lucena	301404	-34.9172586	-6.9201765
Sabula	128841	-90.1724556	42.0655475
Gierle	3875089	4.8668247	51.2691145
Maling	5293333	84.2859429	28.2318463
Oktaha	184089	-95.4777559	35.5773104
Haines	186793	-117.9396429	44.9118635
Conkal	6429910	-89.5177140	21.0698953
Buchim	6882042	22.3350978	41.6694176
Drenje	6845827	22.3420937	42.2254666
Konche	6826117	22.4072406	41.5003496
Elevci	6476518	20.6552803	41.4293466
Tekija	6958283	21.6769341	42.0017602
Baybay	7720350	124.6881314	11.3041573
Eshera	2642032	40.9314049	43.0347228
Pengam	5998580	-3.2206172	51.6672149
Collie	5806843	148.2754112	-31.6964143
Kuchla	7266465	35.0497225	31.2869115
Kapari	2672442	34.0076675	35.0514702
Devesa	6589956	-8.5891789	42.0424123
Devesa	6589957	-8.5922792	42.0406229
Zawada	6521750	21.3369719	50.4342856
Gilman	251624	-90.8051697	45.1662590
Salina	184942	-95.1519424	36.2914170
Tendla	5143651	5.8346921	33.7284578
Kadzie	7212291	19.6264761	53.9173526
Łaszczyn	6632127	20.6529764	51.8007966
Celles	1927279	2.9464916	45.1022385
Coleta	125742	-89.8017952	41.9010790
Alphen	334299	5.4646995	51.8291262
Zawada	6047077	23.1161889	50.7298796
Le Bosc	164706	3.3758925	43.6986673
Mafraq	2925608	38.1315265	32.5363788
Amidon	181484	-103.3215983	46.4823305
Albasu	3710304	9.0403141	11.6460292
Zawada	6564619	21.6959021	50.8704559
Jasiel	6308687	21.9161703	49.3711987
Leedey	184804	-99.3450621	35.8693265
Pischa	6064508	23.8102382	51.6041450
Celles	164081	3.3604964	43.6679776
Laguna	171146	-107.4266284	35.0404230
Czekaj	6635592	20.7617627	51.8671724
Pierce	169428	-97.5264882	42.1988820
Zawada	3854655	18.3711707	50.0155141
Zawada	3848839	20.5908639	51.3791256
Olaria	6700042	-40.5116376	-20.6710371
Resala	2964803	44.3219508	33.2190807
Gragin	6069901	150.7906844	-29.5488280
Seeoge	4177498	-7.7776563	53.3919482
Carker	6190451	-8.5453410	52.2337712
Athgoe	4474488	-6.5104803	53.2842548
Cappas	5193016	-7.3907665	52.5350132
Modera	5392089	79.8701894	6.9641353
Ballon	2247001	-6.7680221	52.7384525
Carrig	6353773	-8.4750783	52.0867610
Carrig	5826936	-9.9103731	51.6951181
Carrig	5830007	-9.7937416	51.6704025
Kilcat	3004938	-8.4827603	54.3923432
Laguna	6044177	151.0697665	-33.0413024
Carrig	6133611	-9.2593424	51.8430964
Carrig	2516024	-6.3559630	52.7897272
Azteca	5548913	-41.9444899	-18.9090877
Croane	5512561	-7.6661028	52.3891986
Kargar	4486937	12.8303421	53.1341298
Inamar	6361434	-46.6095194	-23.7165074
Maglin	6169255	-8.5882935	51.8745333
Sralea	4153240	-8.1700826	53.3146922
Rubbal	4464803	-8.2883984	54.2570022
Pickel	3560731	13.5768501	51.8635837
Širkovce	2274716	20.0841145	48.2825974
Aghany	5614567	-8.2925352	53.1887349
Macuco	5353913	-46.3141749	-23.9592621
Carrig	5963147	-8.8408864	51.6591645
Sralea	3253530	-8.4432962	54.0280957
Levice	2217841	18.6023867	48.2068751
Luddan	5509504	-7.4523508	55.1122832
Carhue	6167752	-8.7135914	51.9569777
Olaria	5262513	-48.6786593	-18.5985299
Nobber	4659594	-6.7390049	53.8245532
Meneen	6364961	-9.4635890	53.7903692
Aglish	6206124	-10.1371795	52.1326233
Aghany	6138944	-9.8892084	53.7598494
Aglish	4779317	-8.9980765	52.9841461
Rashee	4224755	-6.0290087	54.7695113
Ashhoe	5981936	-8.4015916	52.6844888
Monbeg	2591761	-6.6671154	52.5605601
Carrig	3904136	-6.5186868	53.1514249
Olaria	4023064	-37.0996996	-10.9023838
Madore	6021980	-9.2844948	51.6185464
Lochem	2714191	6.4099280	52.1631422
Bimmen	3301013	6.0669835	51.8571024
Carrig	6074372	-9.2996734	51.6021027
Alford	6615114	137.8465074	-33.8249879
Mehlem	365414	7.1904671	50.6573827
Jinden	6079519	149.5877556	-35.8758809
Daruka	6063494	150.9704149	-31.0408322
Olaria	1864930	-40.2997393	-20.3324599
Milang	7240674	138.9409126	-35.4061143
Galong	6074526	148.5758356	-34.6004577
Donard	2718175	-6.8056306	52.4491548
Qunaba	5296700	152.4297012	-24.8293368
Haines	6669181	137.6378971	-35.8223658
Maltee	6217278	133.9425097	-32.0603351
Iskra-1	7219952	30.3717603	50.3526881
Aglish	5846946	-8.0250764	52.1265903
Pekina	6386441	138.5363342	-32.8379725
Aglish	6171403	-8.7640335	51.8861187
Cranoe	6738320	-0.8798994	52.5539565
Marina	5838544	-61.5274563	16.2208054
Healey	7706672	-1.8113899	54.2086667
Carkin	7794852	-1.7357504	54.4813800
Olaria	5543289	-42.6332067	-19.5047277
Štefanov	2203797	17.1995533	48.6785286
Alford	2903997	-2.5610332	51.0842813
Alford	1855538	0.1743952	53.2615355
Audlem	358608	-2.5035853	52.9837297
Olaria	7257542	-51.1239197	-29.9206203
Domina	424907	13.3466451	50.4782691
Srbice	433159	13.8792834	50.6524235
Macuco	5543272	-42.5815509	-19.5817083
Minane	4849232	-8.3772032	51.7646557
Granig	4851522	-8.4041363	51.7690347
Kragen	4488861	12.8958108	53.0013085
Nové Domy	424394	12.5746779	50.2485781
Baskin	5405903	-6.2037869	53.4241344
Badsey	1875135	-1.8886077	52.0847206
Carsan	5652108	-7.0713886	54.1088636
Demone	5618106	-8.0104838	52.5780385
Aglish	5876756	-7.8317189	52.0724492
Capuan	5556908	-38.6912147	-3.7458046
Provodín	433155	14.6094029	50.6236952
Olaria	3408893	-44.0279453	-19.9907740
Adamov	429277	16.6593873	49.2991534
Vysoké Mýto	435121	16.1548090	49.9515669
Křivousy	435844	14.3587338	50.3007838
Aglish	6320195	-9.5913031	52.1160843
Olaria	5520337	-43.2683338	-22.8466632
Saleen	6119733	-9.1864250	53.6263616
Olaria	7318745	-44.3092987	-20.0646290
Olaria	5536866	-44.5480737	-20.0645521
Brauck	3789054	6.9990426	51.5458437
Chomle	430314	13.6353796	49.8640741
Dyjice	434562	15.4954873	49.1740714
Sychotín	429328	16.4934756	49.5047514
Klipec	427104	15.1218376	50.0880246
Conrea	5893356	-9.5456071	53.8257964
Zvíkovec	425255	13.6851686	49.9494425
Lopúchov	2277708	21.3705200	49.1306028
Zliv nad Mží	423428	12.7965480	49.8320132
Dellin	5389091	-6.4399723	53.9275690
Dunice	431767	15.1578582	49.6008128
Malá Rosička	426255	15.1052508	49.2389187
Dolní Rozsíčka	435955	16.1938228	49.4596877
Drahotěšice	432904	14.5624780	49.1223818
Macuco	4085017	-48.8794075	-26.9542325
Carker	6289640	-9.3892442	52.1632357
Mevagh	5505693	-7.8161062	55.2059049
Craans	2261613	-6.6887903	52.7596528
Preban	4533898	-6.3973400	52.8445440
Budock	5886842	-5.1176060	50.1440544
Sieden	2674226	8.9289862	52.6686646
Olaria	5418210	-44.2371101	-19.9803442
Heesen	3901189	9.1258971	52.8339446
Kelsha	4511851	-6.6111302	52.9313631
Setiba	6671329	-40.4339514	-20.6305350
Caheny	4791520	-6.6086911	55.0041954
Tagbay	1520229	125.7651737	7.0575753
Libuak	1520110	125.7374496	7.1558700
Obaydi	2964526	44.5336152	33.3840868
Kilrea	4790719	-6.5499046	54.9459148
Carrig	2697659	-6.6113752	52.4499032
Saleen	3387515	-9.2893115	53.8475649
Pradel	3440350	-51.5139204	-29.1299195
Taldra	6693261	140.8866683	-34.4355975
Aza Doi	6631383	134.0347177	34.3199712
Kilrea	5324713	-6.3840918	54.2458107
Kerang	3100284	143.9373156	-35.7197801
Picola	2518890	145.0624106	-35.9604826
Goragh	5227892	-6.3622100	54.2161058
Tarban	6070166	151.8811279	-28.9760173
Posada	3427176	20.8062969	51.4279076
Czekaj	6132938	19.9785633	50.5583446
Pierce	121330	-115.7985808	46.4950745
Bakori	3711482	7.4077955	11.6774062
Okegem	3389826	4.0523735	50.8591870
Zawada	7629549	18.3589460	54.0068843
Zawada	6880423	21.4860108	50.0589913
Walentów	4239794	20.5604970	52.2349183
Świercze	2589317	20.7622181	52.6687252
Rogoźnik	4573566	19.9436170	49.4489003
Gilman	129279	-92.7879477	41.8779202
Baskin	132158	-91.7500129	32.2588169
Widdig	2804870	7.0144280	50.7909176
Karnak	126149	-88.9751128	37.2947465
Aragon	119633	-85.0564922	34.0452200
Gilman	137234	-93.9494239	45.7341199
Zawada	6505806	20.8134588	50.5609950
Alford	1216956	-85.3968966	30.6974245
Friend	169638	-97.2825229	40.6491590
Ballon	117894	-0.9644159	46.0541867
Melgar	1918541	-70.7497968	-14.6351815
Dugnai	7443890	23.2177926	54.6667663
Ulbeek	4453703	5.2936724	50.8431989
Zawada	6110031	21.0117478	49.9794295
Ayerbe	340019	-0.6950160	42.2389943
Celles	152694	-0.3922690	45.6097791
Zawada	3549409	19.9574725	49.8810231
Massac	152896	-0.2194753	45.8618433
Flagey	139640	6.1129440	47.0473724
Hucina	6893887	21.6287548	50.2569321
Melgar	1343031	-74.6378951	4.1841311
Chenay	2616740	3.9227423	49.3017897
Massac	130472	-88.6866617	37.0322455
Canova	195142	-97.5039853	43.8820653
Chenay	107595	0.1624988	48.4464384
Posada	6076229	14.9440926	50.9933120
Zawada	7745431	22.0984197	51.3195130
Le Bosc	2124334	1.4392180	42.9350944
Ricaud	1212296	1.8977846	43.3477276
Grazac	390555	4.1835835	45.1907426
Block M	7717847	-8.0511372	6.0307203
Devesa	5997970	-8.4379814	42.0699772
Yliskylä	188820	25.0553402	60.1767775
Pedral	5764953	-8.3566766	42.0219055
Kils gård	5748172	18.3140275	59.3310709
Italie	6817421	-1.6678717	48.0841632
Jardin	6228777	-66.5972307	-31.3435266
Czekaj	3272151	19.9642795	50.1321755
Devesa	6303962	-8.4871710	41.4266212
Pobrzeże	3524308	15.3580537	52.2572602
Posada	3199511	21.3861973	51.4222858
Beşgöze Göleti	4015038	40.4366991	39.6666640
Ebikon	1676748	8.3397516	47.0805379
Massac	2752609	2.5586475	42.9177416
Zawada	7816010	22.5960205	51.6235602
Chenay	146791	-0.0144663	46.3309726
Malerzów	6252445	17.3333051	51.3633065
Grazac	1404350	1.4514854	43.3118507
Vodní nádrž Přísečnice	6543503	13.1268424	50.4732605
Flagey	3097729	5.2437209	47.7852878
Grazac	1551684	1.6521055	43.8455195
Poniatów	5933833	16.3172096	50.7964259
Czekaj	6915122	21.4841806	49.6222913
Huacho	1944726	-77.5209751	-11.2732827
Poniatów	6423205	16.5533142	50.2268303
Orzechów	7009784	21.8814533	50.7433745
Pisuquía	1973531	-78.0920018	-6.4703841
Zawada	6062406	20.3847121	49.9101194
Mahora	339872	-1.7163648	39.2048196
Zawada	4742256	19.6295448	50.2205401
Lucena	347509	-4.5324564	37.3555586
Kwiatków	3965347	17.2518015	50.4290843
Simbal	1968051	-78.8365973	-7.9079331
Hiva Oa	6081649	-139.0064593	-9.7793678
Canino	42018	11.6951319	42.4367030
Bassan	163389	3.2549157	43.4094351
Jabugo	343973	-6.7443656	37.9104579
Rogoźnik	5763025	16.3301049	51.1713778
Mehdya	2804286	-6.6547450	34.2558659
Sefsaf	2753067	-6.0255759	34.5526245
Doklam	3964647	88.9870015	27.2745690
