Ohio	162061	-82.7062930	40.3632525
Laos	49903	104.6939610	18.2091444
Guinea	192778	-9.6644641	9.9331035
Bremen	62559	8.8068066	53.1201578
Allier	1450201	3.1638828	46.3674640
Agny	1120592	2.7578506	50.2519016
Belleu	73982	3.3390477	49.3587847
Dannes	177907	1.6098937	50.5938905
Huesca	345769	-0.4366000	42.1363889
Brachy	3010391	0.9507855	49.8161012
Puebla	1376491	-97.4204322	19.3503903
Noidan	139371	4.4096039	47.3453858
Azas	155036	1.6744489	43.7217652
Ajou	2808146	0.7704424	48.9836823
Erchin	56109	3.1750591	50.3141469
Buding	2415687	6.3225997	49.3270347
Laning	120578	6.7774593	49.0305520
Saales	910219	7.0998243	48.3527191
Favria	44660	7.6843431	45.3066924
Dessia	1520254	5.5082681	46.3829659
Bansat	361265	3.3606772	45.4850830
Kiambu	3495544	36.8889097	-1.0358736
Bulgan	270073	103.2142468	48.8235475
Sari	6662674	53.0624702	36.5572986
Chuo	1758897	139.7734176	35.6684484
Eugene	186706	-123.1248352	44.0492618
Penang	4445131	100.4571565	5.3538687
Fagnon	3285507	4.6260947	49.7301663
Chatte	191570	5.2754317	45.1418692
Lagord	117890	-1.1534298	46.1851152
Vézinnes	2967453	3.9356660	47.8940163
Tillac	133353	0.2588621	43.4781054
Collan	303248	3.8729055	47.8402479
Pont-Péan	140826	-1.6993279	48.0116306
Bazien	146833	6.6780762	48.4151157
Tréveray	2982157	5.3866617	48.6042919
Calzan	2072069	1.7407739	43.0330372
Kladno	440979	14.1041992	50.1491321
Jacque	2530080	0.2167135	43.3188613
Aurice	75952	-0.5980217	43.7993322
Lanzac	123253	1.4765424	44.8693648
Berfay	107445	0.7463240	48.0013997
Veauce	2790083	3.0559253	46.1698087
Tarnac	2930056	1.9499127	45.6699179
Sardan	1252046	4.0279647	43.8657219
Dondas	2804642	0.8492824	44.2396905
Gannat	124960	3.1750135	46.0990738
Banize	118147	2.0046453	45.9376945
Trémilly	1810358	4.7718966	48.3841681
Bremen	62718	8.8068066	53.1201578
Amancy	75218	6.3317470	46.0722424
Horche	346316	-3.0668556	40.5651379
Plaine	912009	7.1407879	48.4253570
Parata	3119427	9.4233241	42.3658489
Piau	314623	-43.3306364	-21.5080000
Urbana	126133	-88.2065411	40.1150870
Iapu	315231	-42.2483895	-19.3505001
Junhac	2984696	2.4495295	44.6942908
Apchon	3049086	2.7043464	45.2446445
Cannet	124940	-0.0512452	43.6166671
Latina	41289	12.8692112	41.4725122
Andelu	408255	1.8090454	48.8870702
Arsi	3306200	39.7251134	7.8637155
Hume	4246208	146.2737581	-36.7156686
Brieva	342814	-4.0565735	41.0329793
Huecas	343760	-4.1993774	40.0108792
Angy	419589	2.3292134	49.3348716
Tiedra	348002	-5.2574483	41.6542604
Barles	2136076	6.2525125	44.2813985
Turuçu	242302	-52.1278234	-31.4873003
Avio	45755	10.9043352	45.7264109
Jatiel	346761	-0.4060907	41.2403820
Huesca	349022	-0.0298027	42.1360614
Colico	46859	9.3563186	46.1220459
Botija	1915443	-6.0788172	39.3455216
Manisa	223168	28.0956690	38.7425702
Diso	40193	18.3852839	39.9997596
Arnedo	345919	-2.1034846	42.2174023
Bojano	41302	14.4659349	41.4911168
Makole	1676316	15.6788666	46.3126951
Urbana	44417	11.4299158	45.2003513
Jalhay	2400889	5.9742250	50.5303418
Aalter	721879	3.4491778	51.0692644
Bangor	132515	-68.7852153	44.8290480
Paks	1493086	18.8219651	46.6191465
Caixas	24858	2.6525355	42.6031177
Jaboti	297803	-50.0701756	-23.7192074
Erding	934743	11.9144356	48.3106833
Golden	112204	-105.2147584	39.7437125
Eschau	75148	7.7588249	48.4761992
Tarbek	406332	10.2645609	54.0441001
Halych	3626207	24.7414839	49.1273645
Seva	346437	2.2838554	41.8433388
Túrricse	1452485	22.7672653	47.9806156
Azuaga	342315	-5.6992242	38.2834108
Cary	179796	-78.7853862	35.7536614
Fiesco	44758	9.7762619	45.3346708
Lehmen	546640	7.4344207	50.2697999
Wacken	448707	9.3817603	54.0240377
Lieksa	2521761	30.1729120	63.3910805
Painel	296654	-50.0805167	-27.9740000
Moglia	43816	10.9239569	44.9529462
Toffia	41853	12.7610308	42.2045639
Boksee	310391	10.1280724	54.2453594
Latera	42115	11.8122349	42.6197726
Żyrardów	336412	20.4446435	52.0555320
Żyrardów	2956804	20.4446435	52.0555320
Conesa	342002	1.2805925	41.5153193
Cakung	5802399	106.9401094	-6.1855621
Bulgan	7302549	101.1461846	47.1270526
Bulgan	7297554	103.5472680	44.2869059
Bulgan	7304695	114.2676391	47.5736133
Bulgan	7302596	103.4952081	48.8662043
Bulgan	7304950	91.2524891	45.9282539
Tenabo	5961561	-90.1867164	19.9636865
Bulgan	7305010	91.0853637	47.0281975
Puebla	3986722	-98.1819313	19.0339143
Purépero	5606170	-102.0105333	19.9105528
Temoac	5606456	-98.7921351	18.7598620
Lanark	7426114	-76.3278723	45.0574352
Foya	4001292	-10.2285770	8.3402266
Jimo	5655231	120.4822570	36.4708216
Iwanai	4085878	140.4736355	42.9920270
Gemlik	1273958	29.1799867	40.4458494
Mayahi	3219362	7.6081961	14.1093499
Samani	4079317	142.9612334	42.0754770
Güroymak	1836398	42.0884488	38.6107470
Coeneo	5605680	-101.6132694	19.7872825
Sanden	5615312	110.2665206	-7.9813915
Hiyama	4088009	140.0637608	41.8149030
Masera	46907	8.3528340	46.1478862
Selk	1157531	9.5746765	54.4653748
Ugod	1078458	17.6564425	47.3005617
Berrie	133940	-0.0714032	47.0615896
Yobe	3698564	11.5238990	11.9742418
Rambin	1438082	13.2055361	54.3540090
Zalagyömörő	1078548	17.2313866	47.0156385
Alanno	41915	13.9885149	42.2938840
Altare	43044	8.3334748	44.3172771
Přešovice	442181	16.0669902	49.0522452
Le Sacq	3325789	1.0662247	48.8945856
Raalte	1423766	6.2617359	52.3894037
Raalte	416053	6.3078482	52.3874327
Latina	40783	13.0125912	41.4595260
Cody	252306	-109.0507155	44.5189664
Kružberk	437711	17.6748503	49.8433660
Buštěhrad	440963	14.1813319	50.1563528
Knau	2179172	11.7091939	50.6479218
Peggau	34843	15.3603214	47.2005829
Kato	4060239	143.1928876	43.2602464
Konice	438468	16.8739825	49.5838241
Lamu	3495550	40.7195058	-2.0843948
Chuo	2679950	140.1042963	35.5856759
Le Garn	385873	4.4663665	44.3152041
Hněvčeves	439238	15.7113973	50.3142311
Ludmírov	438421	16.8706654	49.6456048
Lichte	1273291	11.1855864	50.5307141
Allier	2442611	0.1248694	43.1801653
Farini	43473	9.6205826	44.6953722
Lapeer	134877	-83.3231422	43.0417970
Gehren	168371	10.9890004	50.6371486
Ispica	39156	14.9272866	36.7584174
Svojetín	440774	13.6136509	50.1845766
Tamm	405808	9.1312275	48.9257851
Bayamo	5915221	-76.6574154	20.4017012
Palfau	50657	14.8290809	47.7108580
Shibar	6615157	68.0819931	34.9233723
Alpine	113520	-103.6645995	30.3678800
Liberk	440628	16.3422247	50.2328312
Neggio	1684727	8.8773595	45.9900695
Anrode	2896623	10.3737607	51.2612628
Chuo	4792029	138.5311326	35.5843731
Wajima	4800266	136.8379019	37.6569974
Masina	389694	15.3898605	-4.3654550
Kato	900308	135.0172322	34.9305635
Maphar	5802384	106.8204178	-6.1563140
Sola	405653	5.3562542	58.8820822
Isen	3982884	128.9249848	27.6253264
Isen	3959632	128.9014233	27.7495184
Mimata	3990307	131.1702256	31.7329190
Fusa	404161	5.7357713	60.1935842
gmina Płońsk	3009924	20.4247918	52.6271714
Hirata	4198964	140.5602654	37.2146805
Saza	4010157	129.6558329	33.2421999
Iwanai	4087831	140.3785173	42.9709819
Samani	4079321	142.9612334	42.0754770
Time	405786	5.7512222	58.7074225
Nome	405164	9.1861584	59.2639585
Arth	1683058	8.5285270	47.0582622
Amares	4168911	-8.3446480	41.6517472
Rees	167944	6.4297662	51.7675730
Inhapi	303854	-37.6793164	-9.2915190
Tako	2679908	140.4674680	35.7488820
Eschau	395438	9.2760208	49.8334809
Wain	2801102	10.0204137	48.1781627
Suojärvi	1020585	32.3802589	62.0493140
Aguiar	301434	-38.2135963	-7.0855605
Kesztölc	1027816	18.8015060	47.7127787
Miches	7400887	-68.9813594	18.9621382
Bojt	1444160	21.7189521	47.1981871
Lahnau	215979	8.5660809	50.5919869
Chavin	124157	1.6123320	46.5650631
Camopi	1663790	-52.8308609	2.8673002
Nome	2605295	-163.1797356	64.8117790
Toccoa	119761	-83.3314506	34.5777120
Esporões	4135199	-8.4148157	41.5101591
Neu Gülze	1451582	10.8001762	53.3841799
Barmer	1798824	71.6187920	25.5760923
Isen	934752	12.0634522	48.1876768
Dhi Qar	3244380	46.2535709	31.2668772
Gercse	5781526	18.9776843	47.5696217
Carlin	170110	-116.1131913	40.7179445
Mula	345274	-1.5199413	38.0291823
Blenio	1684630	8.9008673	46.5507065
George	237820	-119.8577003	47.0779525
Kuna	121366	-116.4206630	43.4954640
Kota	1950090	76.0131389	25.2045632
Duncan	185173	-97.9756766	34.5226340
Viničné Šumice	442034	16.8376874	49.2063557
Benz	1433093	14.0614510	53.9373745
Urbana	182861	-83.7414608	40.1127540
Alpine	170588	-73.9224541	40.9611329
Ugra	2887047	34.9105419	54.9470957
Ugra	2886970	34.8054340	54.9864736
Lencoh	3815054	110.4418004	-7.5002040
Fananu	3821703	151.9074380	8.5595471
Gakoni	4095225	30.4167633	-1.8327067
Morsjøen	5277568	9.9557761	63.1710315
De Plas	1381700	4.5093212	52.0932942
Ugra	2790397	34.9846950	54.8945958
Ugra	2813004	34.9522830	54.9035371
Ugra	2887081	34.9225073	54.9276247
Ugra	2887101	34.9408866	54.9151264
Makefu	1558547	-169.8895871	-19.0201912
Ware	1839166	-72.2788774	42.2862460
Ugra	2887048	34.8698788	54.9491897
Uimala	3258395	26.5588210	60.7444268
Skavsjön	2295797	13.2087995	56.8330293
Kylesjön	2296114	13.1371571	56.8850933
Birr	6778975	-7.7571957	53.1057254
Grissjön	5400623	15.1401199	58.7680339
Jemagu	3710558	8.7501830	11.8535845
Misaje	3838065	10.5540595	6.6941306
Munnesjö	2383015	12.1914779	57.5185209
Transjön	7355875	13.3777038	56.8210945
Suojärvi	7258223	28.9172750	61.3587064
Suojärvi	4033653	27.0765326	61.5897193
Radecz	2919355	16.7408204	51.3007832
Kacevo	6378366	19.7661416	43.3290205
Orasac	6371027	19.6609469	43.2742539
Hrta	6370991	19.6202334	43.3002354
Zabari	6312448	21.2023737	44.3614189
Kumba I	3835989	9.3195929	4.5462841
Chuo	358727	135.5159615	34.6790075
Lingan	7133087	16.7185691	61.0315011
Solsjøen	5196687	9.8618201	63.1836458
Djursjön	3604031	15.1619327	61.3023234
Sinksjön	6017203	15.2092511	61.0392887
Ølvatnet	6188148	5.1153738	60.6213307
Stamsjön	1280404	13.7753866	63.2644883
Caxias	332983	-43.3339016	-4.8429808
Uvac	7481446	19.9672833	43.2908147
Kocine	6962076	20.9509384	43.3649726
Ribari	6959007	20.9883240	43.4168445
Bogise	6955718	21.1947350	43.3742102
Konice	7474972	20.2802267	43.0584979
Devrec	7478020	20.1638962	43.0793944
Cisów-Las	6898669	22.0069721	50.3916616
Aves	5937375	-8.4061826	41.3701448
Pinela	5803684	-6.7655160	41.6828151
Amor	6546907	-8.8736900	39.7956699
Armação de Pêra	6431661	-8.3649380	37.1156153
Mora	6439709	-8.1850308	38.9507320
Aguiar	6440045	-7.9767416	38.3843693
Margem	6440260	-7.9266216	39.3805378
Chuo	4134315	141.3226038	43.0419985
Romsjøen	5167930	11.0932092	63.4031790
Svea	1688622	10.6047163	60.2537111
Maleszów	6405550	16.9250632	50.7439233
Mikołajów	6407589	16.6797400	50.5453346
Väärinjärvi	2844857	24.2854305	61.9148671
Suojärvi	1702331	24.3679517	62.4314598
Tarhia	298873	24.7299578	62.2744318
Kisale	5399821	27.4652173	-11.7072408
Klenje	7281393	22.3651093	43.2376136
Blåhøtjønna	4230312	9.3462033	62.7486969
Sien	1245075	7.5050247	49.6919721
Istesjön	6151672	16.4243345	61.5750270
Kaczek	6875951	19.6402813	53.4592302
Suojärvi	1597962	29.6671014	65.6274069
Čuonjájávri	7206003	23.2572894	69.6604652
Guhkesjávrráš	7205718	23.1055949	69.6605609
Čuonjájávri	7207999	23.6385894	69.1912006
Čuonjájávri	7192625	23.2868245	68.9230535
Mula	4468217	-66.1276765	18.2472269
Mora	4468154	-67.0180825	18.4816354
Combes	1807445	-97.7298047	26.2471455
Garu	3698649	10.9936054	11.4835146
Kiri	3707513	5.5512309	13.5779236
Garu	3707455	5.3680215	13.6202530
Såganässjön	5616758	14.2142492	56.6162312
Ugra	6738701	34.5188423	54.8769399
Ugra	6736601	34.5423798	54.9041215
Ugra	255771	35.4271910	54.7645561
Ugra	255772	35.3644604	54.7563333
Ugra	415682	35.2756508	54.7630620
Ugra	2790010	35.0144434	54.8746622
Ugra	269434	35.4893283	54.7393962
Rindge	451328	-72.0101291	42.7517668
Yele	3721491	13.6002006	12.3974268
Rann	3721445	14.4028193	12.3261261
K Kaudi	3721336	14.5526121	11.9315543
Kujama	3709514	7.6350497	10.4357122
Layi	3721381	12.6422286	12.9014835
Alwasa	3707962	4.4207720	12.6094546
Kusada	3711711	7.9658105	12.4530074
Kiri	3703424	9.4738340	12.2767943
Garu	3703362	8.7932940	12.6004963
Yamel A	3711849	8.1202403	12.8857896
Mora	3749350	14.3079332	11.1582443
Garu	3721289	12.8619751	10.8580389
Tabora	5271917	-75.9247488	5.9337464
Golden	2238685	-116.9642685	51.2994688
Fernie	2221420	-115.0510162	49.5012248
Atok	3820289	12.7687050	3.9152370
Bedkot	5926263	80.2667051	28.9842369
Gaoual	2697025	-13.2016429	11.7578029
Wina	3753454	15.1081161	10.0507669
Garu	3711634	7.8172462	12.2337885
Guyaba	3722376	10.3019405	10.4066974
Garu	3709435	7.7099003	11.2498793
Yali	3722530	9.9186468	10.4793547
Garu	3709436	8.0009675	10.8696737
Jadori	3722389	10.5741218	12.2318215
Maro	3709547	7.7154105	10.0799409
Diso	3710432	8.5127429	11.9873047
Kabomo	3711661	7.4364869	11.6070803
Harmhi	5328797	84.5543446	28.0786740
Tarahi	7594657	86.5872071	26.5084407
Save	1729985	29.7963551	-2.5511858
Memeng	6667493	87.9562015	27.2070269
Khanbu	6797176	86.7307464	26.9079353
Aaptar	6797154	86.7343261	26.9726547
Malu	6738436	86.1025486	27.5186945
Liqi	6877131	102.6034547	24.3719233
Yskjärvi	2424434	29.5193600	60.5235027
Lac Lex	196542	-75.4194260	47.0451885
Nemo	3545198	-103.5078764	44.1927999
Loch Ra	2252125	-5.3604091	58.0519978
Lac Key	4177560	-65.7902874	50.4647988
Lac à Toto	1593807	-69.6434268	48.3344498
Brza	7211279	21.8824440	42.8478300
Orasac	7232973	22.0721660	43.0549506
Magong	2170121	105.0086182	32.2909227
Malu	2170122	105.2916298	32.2554800
Qifo	2170126	105.3009232	32.3245736
Jhon	5258015	83.8893378	28.8260245
Gaur	6823504	85.2785402	26.7792885
Ugra	6738700	34.4081972	54.8426429
Mudi	5392810	83.3778204	28.6368190
Garpan	5959153	81.7370330	28.6245812
Pidari	6860774	85.5442784	26.9989312
Eseebu	6668890	87.5965923	27.1965899
Kota	6693861	86.9948765	27.1588712
Thakle	6701944	86.4476215	27.1773393
Kota	6091388	84.3480572	27.7866192
Byas	6093846	84.2772253	27.9765805
Tianhe	7527639	117.8067202	31.5727330
Byas	4638832	80.9586897	30.0956822
Ruga	4652322	82.1411276	29.6078290
Masina	5863735	82.5793977	28.1501802
Sari	5868342	82.7094893	28.1875429
Takmak	1688121	30.3275540	39.7140977
Wear	5526176	-1.5573726	54.8290385
Esna jõgi	3605503	25.5822778	58.8848928
Svínoy	6361182	-6.3698314	62.2690742
Bariri	298502	-48.7337960	-22.0602339
Duncan	1022017	-123.6987495	48.7800443
Budyně nad Ohří	439626	14.1502550	50.4086944
Suðurtjörn	5820120	-21.9422093	64.1420328
Giez	1684983	6.6100626	46.8138737
Rath	91282	6.8281084	51.2656343
Alpine	198741	-111.7730424	40.4656704
Harlem	119800	-82.3074155	33.4188995
Balloo	1463658	6.6277602	53.0033003
Městec Králové	441539	15.2979094	50.2076940
Eunice	131910	-92.4189752	30.4842840
Hart	127197	-0.8927990	51.2761671
Wachau	1307201	13.8911232	51.1686600
Sekham	5691340	83.8767013	27.9169175
Černé Voděrady	437119	14.8069999	49.9499704
Giez	103886	6.2511253	45.7346571
Hijken	377524	6.4799767	52.9034120
Cary	123051	-88.2485140	42.2131987
Gressøya	6812411	10.8838874	59.4239537
Gressøya	6868664	10.8838874	59.4239537
Ursøya	7827383	8.6480374	63.8479398
Fosnøyna	4765184	4.9200655	60.7747332
Rongøyna	4778271	4.9180965	60.5051642
Rongøyna	6361025	4.9180965	60.5051642
Sari	541118	27.0572671	36.9549690
Diaplo	812405	19.5925091	39.7678544
Kladno	439992	15.9729537	49.7673575
Combes	164100	3.0440486	43.6024016
Oconee	119944	-82.9589814	32.8549405
Girard	119528	-81.7119024	33.0397439
Benz	1515588	11.5983572	53.9118934
Tabora	1600809	32.6980180	-5.4545890
Žilina	440998	13.9972525	50.1043555
Girard	181932	-80.7054604	41.1742498
Meeker	184253	-96.8946650	35.4881934
Iens	2656513	5.6117264	53.1277568
Girard	130120	-94.8453719	37.5099005
Wandan	2438392	120.4765598	22.5776619
Atalin	3594938	21.6171449	51.3617714
Indijk	2659342	5.6085510	52.9506942
Bangor	188001	-75.2103313	40.8668165
Hayden	7260208	-110.7808569	32.9980270
Avilla	127500	-85.2306345	41.3639265
Luck	251533	-92.4682882	45.5678420
Rewa	1973968	81.6452706	24.7616739
Golm	4251871	12.9585427	52.4057118
Aguiar	4059249	-8.6557879	41.6244968
Oscoda	134638	-83.3345283	44.4240105
Backus	137803	-94.5120392	46.8217695
Raszówka	6105774	16.1969656	51.2964360
Glasco	175662	-73.9516624	42.0452765
Girard	187548	-80.3213382	42.0055835
Bremen	127890	-86.1553888	41.4481519
Condat	1022036	2.7908515	45.3495461
Hedwiżyn	3853034	22.8104525	50.5913140
Eethen	272519	5.0416836	51.7352591
Orsasjön	15073	14.5512627	61.0788156
Ohio	125977	-89.4591920	41.5567980
Roma	1783607	-101.0216961	25.4475157
Lümatu küla	351647	26.9162759	59.2519477
일원본동 (Irwonbon-dong)	3880734	127.0858207	37.4828175
Roma	7214827	-60.7259005	-31.6432324
Turvínia	3019335	-48.6343746	-21.0077873
Fengdu	6498744	104.9610331	25.0445642
Masa küla	355199	22.6792885	58.3448719
Guinea	7411817	-3.0169446	42.8508530
Aguiar	6217263	-38.2135963	-7.0855605
Itende	7267477	33.3985502	-8.8968900
Ubja küla	355453	26.4235991	59.4160954
Theene	915151	7.3614495	53.4662440
Lümatu küla	354254	26.6213034	57.8863758
Anne küla	351363	26.4503810	57.8012553
Andoin	6880249	-2.2543814	42.8557613
Gehren	3562315	13.6370417	51.8003852
Erbuch	2065251	9.0424464	49.6445269
Ketzür	6689875	12.6175275	52.5113000
Bariri	5683047	-48.7337960	-22.0602339
Richen	5416262	8.9450922	49.1687496
El Golf	6843524	-64.4446912	-31.6452457
Iwambi	7267472	33.3833596	-8.9207240
Raszówka	7759769	16.1784065	51.3058399
Žilina	1859537	18.7260535	49.2205557
Atla küla	351189	24.9991711	59.0504659
Bethau	1327669	12.9951746	51.6732502
Inhapi	6186306	-37.6793164	-9.2915190
Erja küla	350626	23.6574628	58.9013778
Atla küla	350522	21.9090131	58.2959282
Kõruse küla	351816	21.9557675	58.4446464
Klenje	6304971	21.5290622	44.6016380
Ljanik	6650117	21.8154196	42.3083320
Rais	4803301	-67.9084562	-38.9524381
Mehlen	540285	9.1075077	51.1731435
Franco	5735876	-7.3365828	41.4348417
Nagosa	6364373	-7.5904237	41.0364843
Mosteiró	5989565	-8.6563009	41.2813064
Caxias	6523770	-9.2738121	38.7066801
Piha küla	355106	23.7799534	58.4364656
Bretka	2381115	20.3365885	48.4926474
Ruivós	6365521	-6.9902348	40.4322165
Kisale	5457539	27.4639088	-11.7051108
Juba küla	354206	26.9274298	57.8144765
Zandka	2518435	18.7998969	50.3090430
Võrsna küla	355097	22.7645371	58.3902670
Veľká Čalomija	2272558	19.2035864	48.0825507
Rath	6797891	-9.1224865	52.9379740
El Faro	3429106	-58.7200259	-34.5669296
Aalter	3465318	3.4176803	51.0881950
Krahne	6256302	12.5697337	52.3156153
Rath	6626578	-6.6734908	52.8044559
Golden	6788828	-7.9696510	52.4951319
Nydala	6769001	20.3479281	63.8277294
Boye	3003344	10.0301857	52.6422502
Lepa küla	352256	26.2345843	57.7159906
Iojima	5152532	130.2933403	30.7904695
Birr	1684273	8.2109412	47.4321562
Hayden	112218	-107.2259410	40.4853294
Girard	126822	-89.7816669	39.4437654
Roma	115420	-99.0234788	26.4215485
Salo	2373964	23.2716053	60.2964837
Bangor	251412	-90.9916268	43.8933209
Mora	137611	-93.2961717	45.8787444
Hart	134815	-86.3627236	43.6945554
Ackley	128725	-93.0531956	42.5508937
Casula	5528818	150.8962771	-33.9520636
Mora	344011	-3.7571940	39.6923089
Golden	126107	-91.0192484	40.1101380
Karnal	1942858	76.9069656	29.7253350
Rybcha	3167426	25.8513029	50.0170252
Zastów	3307660	20.0557642	50.1222687
Nome	181575	-97.8236289	46.6720555
Bangor	2001289	151.0324579	-34.0166822
La Pine	186777	-121.4832305	43.6901175
Skordiów	7144658	23.7374082	51.0984622
Lanark	126725	-89.8306543	42.1005420
Ksebki	6895426	21.6319382	53.4510860
Azzaba	6543279	7.0995764	36.7530860
Azzaba	2808820	-4.7033505	33.8176637
Bremen	119978	-85.1406852	33.7100244
Mora	5402585	-8.0795083	38.9160225
Latina	355676	-3.7866061	40.3880676
Taft	1155711	-81.3665511	28.4278408
Duncan	193958	-82.1401138	34.9394679
Time	126989	-90.7234127	39.5611535
Taya	1618535	5.9492692	35.9247260
Gany	7433492	22.8792507	50.8834666
Albers	125843	-89.6138869	38.5438185
De Koog	2730421	4.7569589	53.0929078
Jarash	2925599	35.9037735	32.2352602
Obilne	3947049	37.7222642	47.4530283
Dydnia	6942352	22.1583070	49.6867961
Obilne	3942856	37.8770664	47.8297328
Wojtówce	6851477	22.9448488	53.3927991
Grabno	6432673	16.9440741	54.5615983
Chumak	3947110	38.0084698	47.2945380
Meeker	112187	-107.8759596	40.0504739
Avio	6363403	10.9388921	45.7349192
Beresh	3336588	89.1520151	55.4842674
Koince	6839606	21.8588461	42.2477398
Zagrad	6424479	21.0924638	41.7553581
Buchin	6441113	21.3054989	41.2561155
Mogila	6888533	21.3934513	41.1107551
Lojane	6959471	21.6588429	42.2323100
Priekuļi	3096039	25.3559762	57.3116346
Luma	253744	-169.5496568	-14.1999876
Vabole	2552306	26.4651372	56.0288479
Cherni	7461812	23.7562584	52.1562282
The Gap	5919115	147.2124754	-34.9514224
Davati	6002684	44.8244269	41.9929176
Bangor	135145	-86.1123107	42.3095119
Orchid	1217224	-80.4153151	27.7714213
Glendo	252217	-105.0255864	42.5035785
Mikołajów	6522886	21.4249922	50.4974569
Nellie	183410	-82.0707512	40.3389110
Urbana	128595	-91.8819172	42.2323248
Jatwieź Mała	6846666	23.0414519	53.5654998
Khelil	4463906	5.0157162	36.2362029
Bremen	182889	-82.4305579	39.7077880
Calpet	252355	-110.2832547	42.2919485
Hamler	183432	-84.0336441	41.2301339
Obidza	6036037	20.4855682	49.4957658
Heeten	1423769	6.2737204	52.3324470
Rosiejów	6424993	20.3180274	50.3293735
Glasco	130060	-97.8373763	39.3595985
Hayden	121222	-116.7908894	47.7650200
Fiuk	6115898	20.9460724	50.1414096
Surhów	6869054	23.2580321	50.9313498
Lisiec	6878887	19.3747556	53.7460174
Moen	960120	3.3825263	50.7754150
Jeuk	4720736	5.2095391	50.7325760
Boiska	3781243	21.7621936	51.1720886
Charlo	142656	-114.1716464	47.4426824
Taft	6587523	-97.3898546	27.9803745
Kibiya	3710325	8.6969015	11.4926880
Rudd	128617	-92.9046002	43.1265120
Hume	141701	-94.5814027	38.0906554
Hamlin	239907	-82.1067662	38.2834839
Oconee	126332	-89.1062734	39.2846500
Shafer	137260	-92.7488438	45.3920839
Marpha	5258711	83.6698480	28.7895695
George	128743	-96.0027160	43.3420295
Alpine	252258	-111.0194763	43.1616085
Hume	126169	-87.8707544	39.7992160
Lisiec	6105755	16.0361739	51.3202550
Niepla	6907093	21.6061974	49.7800932
Avilla	141750	-94.1298651	37.1932170
Glew	2532046	-58.3820529	-34.8875405
Okpe	3716963	5.7518793	5.7004104
Bangor	215328	-3.1921499	47.3154102
Jelcza	3479316	19.8794322	50.4402608
Rath	4166161	-9.0810114	52.9170200
Imlick	5563495	-7.4160076	54.9678357
Envagh	5483061	-7.4629375	54.6551346
Kinard	2393042	-7.6054516	53.6172573
Alteen	4569229	-8.0684407	54.1989005
Rath	4541979	-6.6723209	52.7937647
Rath	5644398	-7.3908202	52.3201698
Lakill	5859552	-9.1049066	53.8413897
Cassan	2981834	-7.5880657	54.2695279
Rath	5823153	-8.8237510	53.8454587
Alkill	5656500	-6.8627089	54.2508303
Rath	5345497	-8.0228012	53.0950132
Rock	4722167	-8.1146915	53.9214924
Rann	5588965	-7.7599024	54.9239408
Rath	5477260	-8.7424312	52.2796253
Rath	4575451	-7.3769072	52.8619488
Dulane	4652015	-6.8867270	53.7495086
Aubwee	3856418	-9.1436026	53.3104390
Keenog	5379176	-7.0973911	54.2305798
Dosi	5466592	39.2625866	-6.8070768
Alteen	5560970	-7.7750651	54.2039497
Kahren	5838662	6.5105225	49.5961147
Laggoo	5213298	-8.5086226	53.0698426
Rock	5623359	-8.2475091	54.6198968
Zaacko	3560358	13.7425381	51.8684326
Balloo	4212581	-5.7032145	54.8149328
Aubwee	3856417	-9.1422257	53.3135517
Nydala	3050071	13.0186855	55.5720390
Rock	5401140	-6.5023717	53.8693910
Cantra	4294948	-10.3614080	52.1344895
Berget	4247479	16.1792959	58.5871409
Garoke	4248741	-8.2861037	54.0931476
Kish	4511342	-6.1762532	52.7735883
Rath	4279268	-8.0139401	52.8893300
Myyrmäki	1692199	24.8499227	60.2635404
Kilo	2748594	24.7726992	60.2161853
Kinard	5656521	-6.8653909	54.2438070
Kinard	5614845	-9.3816466	54.0764826
Kinard	4281129	-9.0722024	54.2182514
Rath	3465403	-6.6674333	52.2257410
Rath	4476768	-6.3481969	53.4760331
Kinard	6154198	-9.2918007	52.5502562
Rath	4536971	-6.3877747	53.5976553
Rath	4458704	-6.4128963	53.5270185
Husensjö	5525160	12.7277310	56.0437492
Rath	5430180	-6.2960169	53.4835512
Balloo	2302501	-7.4721247	53.7206948
Rangel	3065121	-34.8721886	-7.1514802
Duncan	6664673	137.1229198	-35.7482597
Legwee	3293508	-7.4319701	53.8775772
Roma	5376515	-84.1121046	9.9317243
Liscam	5150586	-8.1199533	53.4863744
Rath	4138089	-7.5141743	53.6772429
Maul	6024554	-9.0488788	51.5761216
Rock	4780932	-6.8471718	53.0684232
Rath	2592613	-7.6858697	53.5619843
Rath	3363030	-7.8209398	53.4727019
Balloo	4650950	-5.6630588	54.6369157
Lergan	4027700	-8.0295185	54.4530011
Doolbi	5608506	152.3016996	-25.2291758
Rath	4199095	-6.2546260	53.6216819
The Gap	6070177	153.3890015	-29.1676237
Mamili	6389122	132.6991694	-27.0239444
Rath	6229542	-10.1224738	51.7482951
Rock	3652272	-6.2411884	53.4300213
Bulgan	3012639	-6.5940167	52.3662438
Bangor	6038031	-9.7211928	54.1548550
Rath	6221533	-7.9682172	51.9840938
Bretka	2381003	20.3365885	48.4926474
Camaru	6262663	-48.2457779	-18.9373487
Bohehs	5948923	-9.4043260	53.8580172
Bangor	6384199	138.1616279	-32.9493884
Nolagh	5704645	-6.9181406	53.9483665
Hart	6603898	138.4739968	-33.7574361
Parham	6599731	138.2596812	-34.4297059
Breeza	6063419	150.4392208	-31.2655897
Coraki	6069798	153.2777194	-28.9869917
Launde	6666269	-0.8304001	52.6295201
Rabaun	5815435	-8.9436012	53.9174641
Cattal	7671942	-1.3271926	53.9858409
Fearby	7719671	-1.7027344	54.2260882
Lonagh	5443619	-8.8867391	51.5927712
Rath	5979084	-9.5839577	51.7984294
Doneen	4717997	-8.3110376	53.8858184
Nedožery	2187745	18.6406905	48.8204281
Chuo	2689449	139.3725979	35.5630491
De Duin	2051463	18.5704052	-33.8849033
Dilmar	6656740	6.4201041	49.5610348
Brisha	4611010	-7.5019066	53.0732066
Fegart	5510370	-7.3211794	55.2973056
Žilina	1859535	18.7478578	49.2161681
Nareen	3176482	141.5826875	-37.3324100
Rath	5997776	-8.4025933	52.6257430
Beutha	7730292	12.7145800	50.6648158
Craigs	5579306	-7.5962892	54.8834548
Dingin	5697593	-6.8463403	53.9177096
Eschau	7427606	9.2942938	49.8194131
Drax	4822880	-0.9815377	53.7254973
Fanjue	4086296	-0.3679736	48.5679112
Parham	2955404	-0.5010893	50.9194441
Adwell	1861384	-0.9903103	51.6948743
Golard	5635140	-8.0476369	54.6260258
Sedlčánky	435805	14.7871348	50.1670998
Hněvčeves	432064	15.7113973	50.3142311
Křemenitá	434606	12.6823956	50.2696013
Rock	1875289	-2.3873595	52.3515367
Awre	5969732	-2.4474400	51.7625973
Budyně nad Ohří	427180	14.1369856	50.4022607
Žilina	425043	13.9972525	50.1043555
Rath	4192123	-7.5214240	53.5937175
Ware	3578893	-0.0315893	51.8123437
Knau	2993085	11.7241422	50.6479168
Městec Králové	427884	15.2979094	50.2076940
Milden	4639904	0.8421309	52.0757600
Ludmírov	423539	16.8707848	49.6499209
Svojetín	424964	13.6135272	50.1897732
Liberk	428099	16.3533444	50.2065965
Buštěhrad	428625	14.1813319	50.1563528
Chácara 120	7381651	-54.7758985	-22.2037090
Wachau	7466073	13.9135793	51.1594564
Parang	1225804	121.1124483	14.6606464
Janské Údolí	434247	14.2197118	48.9024720
Rath	5390844	-6.4269374	53.9894141
Rath	5226229	-6.1902709	54.0070756
Kinard	4850990	-8.1759739	53.8541314
Liskea	4060117	-8.5591426	53.6595073
Kružberk	431381	17.6719867	49.8310575
Veľká Čalomija	2272508	19.2035864	48.0825507
Vítochov	428551	16.2537842	49.5682132
Přešovice	435569	16.0669902	49.0522452
Konice	423370	16.8740843	49.5892613
Oram	5648734	-6.7023666	54.1518203
Viničné Šumice	423623	16.8376874	49.2063557
Seeola	5651322	-6.5837733	54.0130441
Erding	3884045	11.9029140	48.3199264
Parham	4780116	1.3784901	52.2030810
Hněvětice	428324	16.0523345	49.8430930
Pravíkov	426343	15.1105641	49.3323952
Biteng	3093727	11.5601724	3.8495519
Nsam	3092535	11.5089186	3.8289921
Malá Chmelná	432850	13.5553825	49.2488807
Černé Voděrady	428949	14.8069999	49.9499704
Kladno	423547	14.0882182	50.1486131
Drenke	6521681	9.3091169	51.6836644
Schmie	361256	8.8226225	48.9855712
Lugg	4474493	-6.4541165	53.2611168
Engeln	2927275	8.9009453	52.7837420
Bodmin	5843821	-4.7169707	50.4677822
Looe	5839318	-4.4616124	50.3529860
Mayapa	7634069	121.1244414	14.2107564
Tranca	5743607	121.2653701	14.1292339
Kiri	7352326	-52.8049209	-27.7799162
Faus	4713742	-8.2099035	53.9305649
Keriam	7411344	114.6997917	4.8202235
Bolbok	6219237	121.0542277	13.7757597
Hass	4868930	-6.8986583	54.9290464
Lackey	4501990	-7.6808340	52.9692254
Dooard	5581448	-8.0994777	54.4005300
Craigs	5440979	-6.8049564	54.6654518
Pró Morar	7375788	-53.0402599	-27.3414159
Craigs	4245683	-6.3913059	54.9128220
Craigs	4432513	-6.4625050	54.9916292
The Gap	6714318	140.7121710	-36.7122888
Rath	5903467	-7.7948171	51.9652956
Alpine	6076516	150.5324112	-34.4106043
Tecoma	2423814	145.3445439	-37.9044601
Balloo	4201749	-6.2275497	54.7000490
Balloo	4660122	-5.6970950	54.4730772
Tibbuc	6063823	151.9024122	-31.8420631
Malcom	128869	-92.5574741	41.7070919
Ocinek	6553178	21.7163711	50.7252983
Bazine	129934	-99.6930965	38.4456689
Kusada	3711504	7.9485736	12.4618432
Ugra	3398315	34.3325693	54.7767984
Duncan	169438	-97.4930830	41.3906774
Taft	184959	-95.5424039	35.7624909
Andoni	3720748	7.4066727	4.4572215
Witaniów	6862797	22.8702789	51.3320910
Nome	6605107	-94.4170562	30.0350945
Filsch	172624	6.7076421	49.7354947
Meno	184933	-98.1773537	36.3886130
Obojna	7011562	21.9713163	50.6000256
Glew	4750007	20.2516321	50.1207192
Taszów	6410838	16.2807170	50.3795529
Bremen	2613886	7.9509846	51.5015083
Kötitz	6300510	13.5768392	51.1154406
Dorado	4468034	-66.2796684	18.4317317
Kohima	2027974	93.8146950	25.6155628
Taibet	6542944	6.4050946	33.0979751
Amares	4169373	-8.3489331	41.6311123
Dickey	181616	-98.4682056	46.5366739
Hamlin	129960	-95.6278547	39.9156225
Grau	1929529	-72.6089107	-14.0458815
Mikołajów	6427136	20.5912289	50.2987844
Eunice	171211	-103.1609742	32.4488369
Harlem	142460	-108.7850313	48.5324165
Taft	131710	-90.4442774	29.9825684
Alos	1460915	1.8715481	44.0201551
Bannay	300489	2.8678396	47.3820037
Zaki	3722253	10.2448206	12.1874660
Cody	169404	-101.2489517	42.9373410
Armo	42864	7.9041893	44.0955975
Hume	5336181	149.1622348	-35.3894297
Niwa	7776139	22.1520988	51.5173848
Grabno	6106872	20.7732894	49.9204926
Wólka Kańska	6851068	23.0689936	51.1354127
Hart	6595900	-102.1157824	34.3842354
Alos	2101832	1.1319279	42.9005569
Latina	7314577	12.9035814	41.4622908
Block N	7717848	-8.0525822	6.0293129
Knau	2781013	12.4390360	51.0186022
Ghatta	3742266	77.1117717	28.4208046
Lampan	6611166	16.1621565	58.5752278
Kesham	6596312	9.2884407	5.8629251
Arleta	6886831	-118.4333159	34.2432949
Gamma V	7350886	-75.7458060	4.8071609
A-Block	7011450	77.1182171	28.6658405
Zoniówka	5205203	20.0197140	49.3100839
Berget	1102326	14.6370777	61.1171573
Berget	7767587	22.1378244	65.6247223
Buchin	4859781	21.3118212	41.2776127
Daugėdų I tv.	6432919	21.9480174	55.8086796
Dhorka	3738344	76.9056680	28.4050516
El Faro	3105431	-58.3516186	-33.9543887
Layi	6355862	28.2833816	-7.9673668
Urbana	141789	-93.1658241	37.8433660
Kahren	1626796	14.4158310	51.7225078
Tarninów	5896073	16.1506053	51.2016040
Bremen	130821	-87.2206688	37.3620570
Bannay	2443352	6.4586210	49.1205704
Kuje	3717263	7.3004992	8.6984414
Bannay	2737977	3.7262332	48.8562104
Pawice	5896059	16.1827890	51.2311611
Condat	122557	1.6703623	44.9916506
In Ghar	4175371	1.8711774	26.5610025
Cherni	5943332	40.8995587	47.7552818
Rasiai	7525895	23.0565203	54.4572332
ež. Dūriai	2016598	25.3985769	55.2526431
Niwa	6416117	16.5089853	50.4588359
Assela	6544115	-0.1574113	32.7186890
Isar	340876	-3.9147259	42.3982463
Tafreg	4421860	4.7143979	36.3006579
ež. Juodlė	7424769	22.9253651	55.8139361
Isola A	4664778	14.2779337	40.8557110
Tibarg	1695146	9.9519596	53.6204826
Plaça Didó	7317102	2.0099272	41.5640545
Thenia	4272977	3.5518157	36.7351589
Brabos	339698	-4.9227225	40.7507712
Largen	3938899	18.5226248	59.5900552
Politiškių ež.	3888981	25.7760657	55.4598364
Echatt	1604928	7.8352434	36.8099134
Änättijärvi	87338	29.8714114	64.4484838
