Venice	44741	12.3105231	45.4046171
Demjok	2713466	79.3526033	32.8784804
Dallon	2949161	3.2303719	49.8252815
Montloué	153439	4.0591075	49.6644543
Lacres	1175392	1.7615241	50.6050956
Beugin	1141874	2.5106858	50.4414140
Dardez	543232	1.2036933	49.0837558
Vézillon	1213691	1.4003782	49.2222212
Lescar	167647	-0.4308098	43.3411663
Baives	55480	4.2064995	50.0652885
Famars	53804	3.5189570	50.3086343
Corenc	2547643	5.7622640	45.2264674
Bilieu	184466	5.5477507	45.4453203
Erches	3358794	2.6714504	49.7225873
Gornac	2008039	-0.1842202	44.6636110
Digoin	1170522	3.9978191	46.4862733
Capens	1224212	1.2574294	43.3353778
Livaie	3294991	-0.0390987	48.5091404
Ainaro	4631018	125.5050422	-9.1080267
Orliac	3250823	1.0602280	44.7127292
Moncla	2146325	-0.2257395	43.5817869
Aubiet	128176	0.7910193	43.6517203
Padern	2741642	2.6532643	42.8674739
Matera	40622	16.5735503	40.6710316
Guchen	2312850	0.3195098	42.8553454
Vercia	152543	5.4544329	46.5957321
Gignat	123722	3.2195376	45.4842343
Niffer	69271	7.5014725	47.7138145
Colere	46556	10.0808099	45.9583224
Blello	46283	9.5695788	45.8356667
Berhet	453449	-3.3081158	48.6974663
Brocas	1966738	-0.5484167	44.0530256
Conlie	107687	-0.0135714	48.1204694
Uchaud	382574	4.2633271	43.7592222
Pélussin	2278193	4.6557361	45.4236140
Nandax	919579	4.1666060	46.0995224
Gissac	76477	2.9185099	43.8701423
Corbas	123352	4.9060546	45.6654614
Noceta	2649802	9.2057584	42.1968816
Guidel	30430	-3.4940813	47.7937611
Parsac	119427	2.1522867	46.1966098
Malibu	3492156	-118.7592778	34.0080182
Odenas	1125925	4.6408418	46.0945288
Baigts	1374446	-0.7955511	43.6898540
Glanes	123053	1.8709136	44.9187178
Ambres	135630	1.8349025	43.7286546
Linard	119282	1.8844608	46.3680506
Cronce	3067510	3.3611624	45.0757385
Maello	346574	-4.5703704	40.8268540
Bohinj	1675775	13.9090155	46.3020336
Sambin	1241805	1.2731050	47.4311585
Demmin	1427221	13.0153364	53.9233813
Ingria	45076	7.5947728	45.4837100
Bermeo	340589	-2.7509713	43.4162067
Almelo	386412	6.6672528	52.3567955
Almelo	386411	6.6574821	52.3445524
Iringa	1600845	35.4944118	-7.5838435
Rosselló	344948	0.5922619	41.6945840
Mari El	115114	47.9227902	56.5861945
Bignay	155880	-0.6026970	45.9204985
Seberi	242655	-53.3529418	-27.5032285
Limina	39425	15.2709962	37.9415673
Kurityán	1428426	20.6261300	48.3153921
Raiano	41767	13.8166386	42.1036239
Kerava	35157	25.1148724	60.4013365
Gavere	812701	3.6863506	50.9292999
Pontevès	2700386	6.0679194	43.5508498
Cserdi	575174	17.9984763	46.0813055
Koberg	454197	10.5219952	53.6352315
Elmira	174948	-76.8088342	42.0921310
Paktia	1674882	69.2830770	33.6164342
Resana	45524	11.9667733	45.6362093
Mauden	421953	8.0041592	50.7145263
Rognac	71041	5.2279153	43.4996370
Giarre	39331	15.1597439	37.7140250
Taceno	46698	9.3620017	46.0140083
Loddin	1433092	14.0211825	54.0269281
Lagnes	107921	5.1234570	43.9045302
Cervia	42959	12.3074195	44.2501466
Diguel	6199319	-1.8794794	14.3876440
Barnin	449931	11.7106504	53.5956190
Lezama	348896	-2.8267474	43.2771341
Bonnal	116892	6.3618705	47.5063391
Kehrig	548044	7.2139375	50.2735954
Calmon	296695	-51.0297597	-26.6294086
Dechow	1444883	10.9145517	53.7159797
Guagua	3300553	120.6233939	14.9769059
Kurşunlu	1647155	33.3133072	40.8145151
Salgar	1307289	-75.9875792	5.9667752
Cotija	5605706	-102.6929044	19.7512888
Ortaca	1827378	28.6976205	36.8005643
Atenco	5605543	-98.9568615	19.5433960
Lorica	1324927	-75.8785089	9.1890069
Ouidah	2946173	2.1382929	6.2217252
Mogami	4120073	140.1541712	38.7774010
Carles	3475396	123.2943557	11.5567316
Gitobe	2985687	30.2369932	-2.6259800
Lingig	5197621	126.4793940	8.1288755
Sapele	3716967	5.6601279	5.8315639
Mengen	1795634	32.0928316	40.9300335
Maardu	352021	24.9679086	59.4654508
Seifen	415718	7.5686277	50.6252459
Tununguá	1306576	-73.9312695	5.7173694
Pasila	185773	24.9300265	60.2056632
Sellia	39754	16.6361891	38.9755261
Senija	345602	0.0415868	38.7350472
Kamond	1078532	17.2214713	47.1404573
Csapod	1458356	16.9362646	47.5246000
Natick	1865757	-71.3593151	42.2869808
Blandy	80489	2.7933773	48.5613205
Hulice	440732	15.0947466	49.7077717
Sedona	3997092	-111.8040757	34.8524071
Busana	6600572	10.3191854	44.3736924
Ellgau	445853	10.8627564	48.6123492
Salgen	957725	10.4862751	48.1287174
Ischgl	77050	10.2745176	46.9862824
Makemo	6062911	-143.6350272	-16.5884130
Nemile	439420	16.8371668	49.8628596
Muggia	179258	13.7828520	45.5958506
Matera	40259	16.4735738	40.4476419
Cetona	42228	11.9084570	42.9432714
Chaves	4022982	-7.4480341	41.7305875
Embsen	1385857	10.3240415	53.1791356
Meilen	1682165	8.6369991	47.2775566
Shijak	1249881	19.5641846	41.3442271
Igling	933820	10.8025394	48.0684151
Všesulov	442385	13.6147836	50.0407084
Wakhan	3712215	73.2773468	36.9371065
Dih Yak	6604064	68.6466645	33.4642870
Rülzheim	1250429	8.2787616	49.1478640
Le Pecq	911106	2.1085123	48.8927024
Mengen	2805403	9.3153081	48.0454607
Radlin	2828738	18.4646689	50.0411900
Golina	2705473	18.0953867	52.2461325
Radlin	2828743	18.4646689	50.0411900
Temara	2498868	-6.9133406	33.9224683
Arorae	1478299	176.8285328	-2.6431056
Taketa	4004864	131.3343102	32.9910354
Nagato	4016542	130.9690961	34.5377007
Iiyama	4759953	138.3620945	36.9166319
Ndjili	389659	15.3754481	-4.4067467
Semaki	5615587	110.3837372	-7.7978461
Selang	5615419	110.6220012	-7.9693967
Ngipak	5615368	110.6338816	-7.9681140
Gokase	3990209	131.1973372	32.6509600
Iiduna	4759946	138.2577484	36.7728890
Gelora	5802334	106.8028515	-6.2154325
Mogami	4120423	140.5254345	38.7673600
Mikawa	4134726	139.8517626	38.7936105
Ndiaye	3047100	-16.0746907	16.2858937
Kenari	5802342	106.8466512	-6.1929320
Nikaho	4120086	139.8565515	39.2974185
caïdat de Ain Lahcen عين لحسن	6160769	-5.5528755	35.5734168
Garmen	1978206	23.8194322	41.6755085
Rindal	406835	9.3427746	63.0028784
Tauche	1384802	14.1139166	52.1299760
Aborim	4053128	-8.6339371	41.6146962
Arenas	346017	-4.0482088	36.8052911
Binnen	1183262	9.1084073	52.6348965
Hazard	130519	-83.1924030	37.2606789
Riedau	540228	13.6453369	48.2964667
Doubek	437916	14.7447200	50.0192161
Lüscherz	1682542	7.1632585	47.0447507
Kosaka	4107719	140.7485401	40.3967120
Nicole	2067303	0.3357449	44.3302832
Albert	1284875	2.6490718	50.0035593
Bosham	2994237	-0.8390212	50.8261138
Linden	6603628	-94.3667503	33.0095724
Ekeren	62299	4.4322870	51.2842044
Büttikon	1684290	8.2676716	47.3283125
Scheer	2805405	9.3074417	48.0800622
Pustějov	437539	18.0214330	49.6939969
Linden	170509	-74.2382805	40.6238695
Cheraw	194062	-79.9019790	34.6960295
Bobowa	2889054	20.9549221	49.7120112
Kashar	1250095	19.7210981	41.3438113
Vodice	1675860	14.4989760	46.1706268
Maumee	181879	-83.6600072	41.5644585
Leimen	453397	8.7469777	49.3370164
Angles	2144594	6.5543623	43.9446680
Nový Bydžov	439104	15.4662700	50.2299070
Nahant	2362391	-70.9061488	42.4188876
Venice	117980	-82.4216711	27.1146969
Pedome	3715033	-8.3880463	41.4159022
Iringa	1600802	35.6958564	-7.9463511
Etawah	1959118	79.0795469	26.7480515
Galion	182584	-82.7888410	40.7385710
Dwarka	2816412	77.0582405	28.5778130
Lac Cox	932793	-78.7680392	47.2293780
Liljan	2908419	15.5967899	60.5408294
Arorae	3830763	176.8191661	-2.6430001
Fresia	1796332	-73.6046897	-41.1531109
Elva jõgi	3941965	26.3837081	58.1326847
Holden	5840344	10.9425035	64.0770839
Shangi	3973126	29.0206863	-2.3930426
Kribi I	3828841	9.9066796	2.8009368
Edsken	2220767	16.1793662	60.5280518
Lac Fou	1483403	-72.3484466	47.1943926
Flaten	2269493	15.6962624	57.3648749
Józefowo	7008804	23.7141346	53.1484653
Haczki	6786142	23.5781870	51.9036606
Stølstjørn	3251234	6.8614768	58.9261713
Makemo	6063133	-143.7734120	-16.7446649
v. n. Fryšták	6890387	17.6887453	49.2682507
Araras	298532	-47.3357673	-22.3340001
Flaten	3782937	17.7386414	59.1953691
Mossjøen	7506245	9.7793667	61.2770868
Heimre	5703249	7.9380799	61.2468922
Kutjørna	6272325	5.6406888	60.7666786
Svalsjön	3378595	12.0399755	59.5100015
Matina	362192	-42.9569922	-13.8525464
Teodorów	5390357	19.6315627	52.1673254
Pralja	7481412	19.9023087	43.2670365
Trecak	6949357	21.0118506	43.2543770
Grojec	2552951	19.5657493	50.0873531
Spance	6948892	21.2625929	43.1972591
Vodice	6970244	21.5583894	43.2055981
Infias	6409539	-7.5481350	40.6256327
Fregim	5830052	-8.1156846	41.2668797
Golina	5975550	16.6425486	51.3792275
Flaten	5464586	17.5388537	59.1300758
Lungsjön	2684993	16.2367140	62.8459023
Teodorów	6373128	17.1664286	50.9687974
Grobek	3208696	18.3430364	51.5495654
Sopřečský rybník	1105823	15.5642469	50.0817532
Zwrócona	6407707	16.8126761	50.6180563
Upemba	5399826	27.4613764	-11.6958094
Helmas	1250121	19.6203950	41.1911365
Rodaki	5141751	19.5184650	50.3992100
Jaguar	4468301	-65.9695197	18.2401260
Arenas	4467699	-66.1401586	18.1551308
Arenas	4468176	-66.7073899	18.2431978
Mafoni	3721394	13.1491381	11.8493899
Senchi	3708144	5.0761713	11.2947841
Bujawa	3711552	8.0434397	12.8725947
Lac Cox	908734	-76.9022934	46.9307089
Gualel	3651150	-79.3728182	-3.7642714
Jakiri	3837809	10.6485025	6.0898316
Maruda	3708116	4.7492648	12.5318325
Yamel B	3711850	8.0796354	12.9366419
Gwamma	3710533	8.5893852	11.6931000
Andorf	548960	13.5706589	48.3604005
Matina	5711784	-83.3031804	9.9847953
Taisha	3718307	-77.5518625	-2.4213843
Cirrí Sur	7367603	-84.3684147	10.1435511
Gayawa	3710508	8.5638468	12.0752523
Kufena	3709513	7.6635555	11.0891647
Samawa	3707089	6.7569678	12.2394334
Aktepe	6776528	34.8753257	38.6844904
Aurahi	7098442	85.8168695	26.8912202
Aurahi	7594598	86.6243294	26.4994949
Arjewa	5808967	83.6259811	28.1457781
Selang	6776007	85.7327212	27.8513975
Dumara	5986153	83.1274699	27.5219790
Lac Dow	1864313	-69.8242471	48.7550684
Lac à Yves	1594007	-69.6769266	48.3478983
Aragvi	1744618	44.7274664	41.8737227
Aurahi	7611945	86.3006070	26.6292041
Aurahi	7671554	86.0163943	26.7098917
Aurahi	6848373	85.5330791	26.9032245
Okhare	6669683	87.5117462	27.0548823
Kahule	6699851	86.9192781	26.9900513
Mareng	5975905	83.1941635	28.0627621
Jiubao	2168426	104.4052246	32.3768532
Dolgoe	6287482	38.3707366	59.8707715
Deulek	5895581	80.7784771	29.5372702
Hatraj	5913133	80.5007817	29.5507953
Deulek	5913112	80.5101468	29.5926013
German	1028021	-4.6165015	54.2188386
Dak Sin	6663378	107.4808497	11.8498958
Ex Lake	2416104	-101.1312280	56.9897922
Holden	1844170	-71.8672279	42.3588468
Golčův Jeníkov	440525	15.4750415	49.8083878
Belpre	182963	-81.5905320	39.2831289
Parbat	4588143	83.7280340	28.2021247
Seehof	1682662	7.5237456	47.3050106
Vidago	4194884	-7.5714897	41.6529940
Vidago	4194879	-7.5702654	41.6416640
Venice	122953	-90.1699262	38.6761740
Linden	964256	9.1975198	54.2517046
Vodice	436505	14.8827882	49.4625400
Fjørtoft	6163914	6.3846879	62.7003239
Villøyna	6188043	4.8903822	60.7406901
Selsøyna	4765190	4.8185161	60.8116189
Jevika	6199332	10.9315261	59.7739445
Linden	1682536	7.6853574	46.8465291
DuPont	237678	-122.6471370	47.1113425
Tahmek	5961548	-89.2795537	20.9004139
Krukówek	6804211	22.8364398	54.0242683
Fabius	175854	-75.9847790	42.8349240
Seehof	1444904	11.4276104	53.6999606
Bom Fim	5320138	-51.2116930	-30.0336572
Leimen	1251058	7.7903970	49.2889328
Mistrató	1343033	-75.9636659	5.4064574
Všestudy	439604	13.5085037	50.4539701
Holden	238742	-82.0700723	37.8145214
Spanga	272189	5.8703991	52.8175906
Linden	7460239	-87.7894393	32.3011053
Szarbków	6463657	20.6400131	50.5470818
Garhwa	1972005	83.6478642	24.0502856
Hemmen	334162	5.6901401	51.9275727
Rogale	6897552	22.1975566	53.3866421
Všestudy	437533	14.3458392	50.2911090
Aidu küla	353823	27.0691361	59.3153057
Wee Waa	5793572	149.3785063	-30.3058804
Oara küla	353005	24.2807015	58.4704272
Oegeln	452306	14.2765539	52.1868427
Araras	5349570	-47.3357673	-22.3340001
Bom Fim	4111082	-54.6298573	-20.1638527
Tauche	85890	14.1578952	52.1537879
Mengen	70109	7.7154003	47.9609848
Aidu küla	353449	26.1979433	58.7205235
Goleen	6876639	-9.7497866	51.4998587
Seefin	6876644	-9.6793262	51.6001633
Beckov	1556716	17.9197269	48.7850365
Linden	1729475	10.5643887	52.1482554
장위3동 (Jangwi3-dong)	3883207	127.0542171	37.6183629
Aidu küla	352238	25.6323825	58.2502815
Heliwa	1720148	45.3831281	2.0790973
Jasola	3589120	77.2943856	28.5422327
Tijoca	6449376	-46.6869364	-1.3129863
Barcos	6425116	-7.5914691	41.1319578
Vinica	6854811	22.4947094	41.8864961
Matina	6402223	-42.9569922	-13.8525464
Makemo	6063123	-143.4255987	-16.8236595
Peceno	6654179	21.5401665	42.3422607
Berkau	3643295	11.4945671	52.6271185
Upemba	5502950	27.4872092	-11.7030377
Upemba	5411295	27.4609322	-11.7050661
Mosteirô	6022211	-8.5285127	40.8975677
Colman	6788826	-7.7185490	52.4376899
Préstimo	6017823	-8.3414433	40.6257855
Chaves	6426093	-49.6534616	-0.1433585
Lukala	5834205	27.5378624	-11.6298538
Upemba	5807511	27.5170745	-11.6444628
Beltar	6797594	86.8951948	26.8142323
Bokhim	6693825	87.0381073	27.2005203
Ambung	6669426	87.5049725	27.1920633
Vinica	2272573	19.1219484	48.1231142
Creeve	6981927	-6.9111104	54.0776126
독산2동 (Doksan 2-dong)	3879575	126.9008904	37.4624948
Duleek	6967505	-6.4508939	53.6615019
Lezama	6879629	-2.9555897	43.0236704
Wehdem	1317729	8.4787764	52.4356739
Rendel	3297274	8.8002185	50.2106870
Ngonga	7268018	33.9196614	-9.6668731
Achlum	385299	5.4937941	53.1545024
Covide	4168829	-8.2108011	41.7231974
Borden	127620	-85.9558408	38.4709325
Linden	418618	8.6598239	50.5329180
Bodaky	3166684	25.8111017	49.8912014
Chagny	2237107	4.7811924	46.8996024
Blandy	1228023	2.2547655	48.3205119
Đắk Tô District	7063842	107.8101239	14.6834460
Angles	154331	-1.4136022	46.3874004
Linden	1253837	7.6425228	49.3511624
Linden	135176	-83.7824213	42.8189943
Linden	251748	-90.2742126	42.9184745
Mackey	127744	-87.3907530	38.2504659
Raksha	3943642	36.9668092	48.4721949
Linden	127416	-86.9039393	40.1920205
Kopana	4254958	20.8574982	51.9395807
Józefowo	6824915	22.9342739	53.9593801
Mariel	2576653	-82.8072311	22.9713448
Maiske	3586359	37.7751641	48.6261013
Artema	3942284	37.6017774	48.4882361
Cayuga	176049	-76.7253258	42.9171434
Józefowo	3957536	19.1566989	52.6127517
Khmeli	3547742	56.0921467	57.9522853
Bislig	7720356	124.6751799	11.2906296
Teklia	6044353	24.4770582	51.5354115
Arloff	3232676	6.7937621	50.5946949
Linden	7365624	11.3106221	49.7181405
Linden	5492654	150.5161451	-33.7110706
Boroec	6476874	20.5889061	41.2930038
German	6724107	22.1117973	42.2762608
Quanda	5803934	148.7819668	-31.0935519
Gudhem	4561660	13.5658551	58.2274604
Bombay	6068612	149.6560362	-35.4254756
Albert	5814034	147.4725529	-32.3820723
Boorga	5823158	146.0168613	-34.0217820
Galore	5878788	146.8348662	-34.9797814
Balugo	3744391	124.8214097	11.9074313
Saluda	180247	-82.3456569	35.2382805
Józefowo	7102000	23.2535543	53.0336165
Meerle	3364200	4.8015931	51.4726990
Saluda	194168	-81.7714074	34.0012619
Linden	196145	-87.8424644	35.6071090
Linden	129244	-94.2698571	41.6419604
Grojec	1777281	19.2361524	49.9898680
Cayuga	127519	-87.4639702	39.9473305
Linden	453165	7.8518027	50.5991151
Żabojady	7243802	22.6047562	54.3103588
Siljce	3167550	25.1505237	49.2578848
Arnoia	4175608	-8.0103982	41.3666675
Józefowo	6804176	22.8915886	54.0145164
Libiszów	4266472	20.3206361	51.4402737
Djenet	4274526	3.7386675	36.8458548
Holden	198870	-112.2721880	39.0984099
Albert	130039	-99.0110782	38.4539350
Teodorów	6431393	20.3076508	50.4451259
Ksawerów	6431083	20.3470539	50.3887683
Mézières (FR)	1683372	6.9327616	46.6865661
Żerdenka	6950722	22.3147744	49.3895888
Keener	178944	-78.3059654	35.1168990
Zborówek	6495487	21.1053039	50.3926864
Naklik	7083902	22.4840651	50.3721730
Chagny	3289338	4.6998616	49.5704736
Beckov	1551258	17.9197269	48.7850365
Beltra	6065836	-9.3798847	53.9480910
Imanta	147426	24.0160110	56.9620096
Creeve	5568108	-7.4825249	54.9814089
Farran	5936168	-8.8338108	51.5971916
Cappog	5659108	-7.1704065	54.1718374
Annees	6075547	-9.2302748	51.7334038
Vinica	2272514	19.1219484	48.1231142
Finnan	4749362	-7.3020488	52.7967987
Rafwee	4060091	-9.0664034	53.4489455
Rafarn	5765106	-8.4934013	53.1808160
Farran	6304448	-9.6505028	52.3472356
Lislea	4679102	-8.0931716	54.0751563
Belten	5720158	14.0525055	51.7813367
Kenien	5582744	-13.6599310	9.5535111
Farran	6167028	-8.6719163	52.0360439
Pubble	5310279	-7.3837722	54.7296573
Inches	5729149	-9.1737972	52.0793137
Maghon	5338744	-6.4540033	54.4047638
Lislea	2105042	-7.2633845	54.1887002
Creeve	4678766	-6.3110715	54.1778533
Farran	5978496	-8.6680119	52.3160497
Creeve	4826605	-8.1354773	53.8427380
Lislea	5745314	-7.2459084	54.0152673
Balsaw	4706163	-6.7119509	53.7236906
Creeve	5658743	-6.8771289	54.2180855
Lislea	5326587	-6.6439822	54.2839491
Derlen	4552626	6.8503956	49.2915117
Linden	7176198	7.1697740	51.4266717
Lahern	5963052	-8.6228382	51.7346142
Seefin	3311908	-8.4486890	54.0061985
Farran	6005475	-8.8080637	51.6936636
Creeve	5324911	-6.4363677	54.2619744
Seefin	4247759	-7.9009882	53.0862196
Paloma	5262461	-48.8788939	-18.8634581
Paloma	5262460	-48.8813986	-18.8579206
Manger	4554997	-6.6869786	52.9838299
Lislea	2923364	-7.4721513	54.3137564
Lislea	2438828	-7.7668591	53.6100292
Caraun	5626293	-9.1166266	53.5615727
Aughil	4784503	-6.9115810	55.1498789
Creeve	4184237	-7.8083537	53.4483842
Bredon	1875153	-2.1142284	52.0275593
Lislea	6256570	-8.8722663	52.7475659
Lenaue	3818815	-60.8640827	-32.9036859
Sranea	4465257	-8.3491144	54.3319622
Lislea	3301631	-8.6041471	54.0904113
Lislea	5709814	-7.0839107	54.0635678
Japiim	7208731	-59.9813460	-3.1145197
Skeard	5322604	-7.1547559	52.3178937
Malmen	6422398	16.3528689	56.6666406
Döllnitz	4718583	11.5223573	52.6656452
Gneeve	4226758	-7.2555492	53.7815525
Lislea	4547038	-7.2200137	54.4705304
Moghan	5469420	-6.8895223	54.5175488
Berkau	4718580	11.4844489	52.6265319
Farran	6333704	-9.4841300	52.2105018
Rafarn	5806596	-8.4818235	53.1840428
Čilistov	2206700	17.3121457	48.0068411
Seefin	5768165	-9.0402695	53.6434179
Laghey	5467127	-6.7015482	54.4902991
Palais	1981838	2.4363996	48.7799047
Caraun	6210363	-8.7531884	53.3491029
Riadok	2206934	17.0848744	48.4603846
Walang	6056454	149.7683395	-33.4503197
Corang	6076592	150.1287561	-35.2168624
Kilgra	6069943	152.9851603	-28.5632271
Cauran	3363024	-7.8030054	53.4722291
Bilbul	5823281	146.1578503	-34.2837033
Kilgar	4208694	-7.1202785	53.6731376
Inches	5824239	-9.9491011	51.6833999
Lislea	2309844	-7.6399497	53.7990486
Farran	6147771	-10.1602902	52.2717908
Caraun	4022006	-8.8585532	53.5602488
Goleen	5838441	-9.7081965	51.4932672
Farran	6171408	-8.7415020	51.8823638
Dalkey	6603765	138.4226401	-34.1892279
Intack	4465946	-6.6072379	53.0310698
Andorf	4744365	11.0074041	52.8675231
Gneeve	2306186	-7.5829746	53.6774345
Brenar	5308538	-7.3260383	52.3696744
Farran	5253956	-8.9078821	51.5588419
Beltra	5158163	-9.2602101	54.2878676
Manger	4052070	-7.1141829	52.9318856
Gneeve	5760362	-9.1892573	53.8580626
Seefin	5735383	-7.0944900	53.9410259
Creeve	4152355	-7.5617264	53.4492064
Creeve	2319127	-7.7166740	53.7358062
Creeve	5742730	-7.2720563	54.0244514
Bribri	5370336	-84.1636991	9.9614067
Scrabo	4649817	-5.7168892	54.5827220
Farran	5626686	-8.3384895	52.4699347
Lislea	4730262	-6.8280047	53.8731359
Corlee	5709066	-9.0197771	54.0214582
Hagley	1875219	-2.1156935	52.4272905
Creeve	5441178	-6.7951653	54.6925202
Cruagh	1309698	-6.3063919	53.2433143
Lislea	5267499	-6.6959435	54.3042419
Cappog	5731074	-7.0198261	53.9776483
Culham	73832	-1.2560009	51.6565226
Drumaa	1606596	-7.3129372	54.2237017
Boyagh	5569131	-7.4731130	54.8763931
Broden	5518423	-7.7115204	52.4669448
Ocieszów	7739034	16.4236197	50.4266704
Nový Bydžov	427904	15.5025305	50.2357577
Nemile	429574	16.8379746	49.8763648
Farran	6199920	-10.2647882	52.1363537
Creeve	5681667	-6.9011076	54.0977378
Maghon	5684113	-6.9600200	54.0632134
Lislea	5661391	-7.1611469	54.1232906
Drumaa	3904107	-7.8054968	54.3708287
Valtínov	427832	15.2683873	49.1021996
Doubí u Třebeně	424409	12.4009022	50.1187385
Lislea	4619212	-7.0307635	53.8221169
Creeve	4853710	-8.2418282	53.8325973
Hulice	426246	15.0947466	49.7077717
Všestudy	425320	13.5085037	50.4539701
Litice	430008	14.4471787	50.6101357
Debrno	431904	14.3205919	50.2180813
Cogran	4126636	-8.0232072	53.1855506
Araras	5155583	-52.6951263	-27.0886962
Lislea	4265061	-8.8926978	54.0404772
Lislea	5201364	-6.2922076	54.0956361
Golčův Jeníkov	427742	15.4736625	49.8125250
Křížovice u Ktiše	436020	14.0920803	48.9236601
Pustějov	430754	18.0214330	49.6939969
Březová Lada	423734	13.6973286	48.9589427
Všesulov	424960	13.6147836	50.0407084
Borden	2433426	0.6861865	51.3314276
Klášterský Mlýn I	423707	13.5090955	49.1439114
Doubek	427762	14.7447200	50.0192161
Seefin	5822545	-8.6853309	53.2040961
Velame	4601857	-35.9015293	-7.2720173
Caraun	5839074	-8.9245112	53.7347346
Farran	6288587	-9.7395232	52.4230488
Creeve	5655832	-6.8603401	54.1852998
Chácara 121	7381686	-54.7743529	-22.2052679
Lislea	5560752	-7.2653406	54.1151391
Cappog	5348333	-7.0260125	54.2701242
Binnen	4006161	9.1333834	52.6202001
Lislea	6204630	-8.4217022	53.4284991
Hörstmar	3975839	8.8515586	52.0099420
Rheder	6531057	9.1720204	51.6817513
Creeve	5390867	-6.8077315	54.5547448
Mabolo	6142874	120.9490946	14.7113575
Cruagh	3355702	-10.2172508	53.5245525
Manger	3573526	-8.1632577	54.4624553
Lehill	3582558	-7.6206425	54.3126377
Creeve	5120126	-8.3310714	53.6815141
Cappog	3910649	-7.6786683	54.3211430
De Bron	2075441	18.6298773	-33.8564568
Caraun	6094217	-8.9237391	53.3807586
Lislea	4772909	-7.2463927	53.9115038
Lislea	2223780	-7.9864315	53.9538167
Dalkey	4604147	-6.1093954	53.2753981
Savagh	4276025	-6.1248922	55.1086149
Lislea	4788783	-6.5198379	54.9085926
Lislea	4766958	-7.2582912	54.5690213
Corboe	5486549	-7.2223546	54.4578761
Kaniva	3181088	141.3222950	-36.4091490
Hattah	3112574	142.3809451	-34.7027000
Creeve	4193604	-6.3602036	54.7260695
Pubble	3572678	-7.4869770	54.3675203
Lislea	5225378	-6.4552304	54.1562243
Lislea	5225120	-6.7738396	54.2513757
Pasang	5267801	84.1569374	28.5804847
Józefowo	4000113	17.1835820	52.1035920
Cayuga	185353	-94.6529649	36.6314044
Osieczów	3227679	15.4708429	51.2981947
Boneau	142367	-109.8655687	48.2904534
Radostów	7125120	23.8702223	50.5632510
Holden	140667	-93.9894844	38.7124210
Lake No	50784	30.4556106	9.4948984
Teodorów	3590871	21.7638895	51.4152239
Ksawerów	7081839	23.7253325	51.0711131
Hodges	194066	-82.2479381	34.2877690
Colman	195108	-96.8183537	43.9827424
Lescar	2730826	-0.4470900	43.3790043
Radostów	6364057	21.1224324	50.7047517
Klecza	5903794	15.6281099	51.0069484
Orelec	6949741	22.4460061	49.4452953
Remila	6561889	6.9034373	35.5871075
Rogale	7083450	22.7317146	50.4782041
Linden	179839	-78.7488375	35.2539935
Linden	3942530	4.7756847	50.8989107
Ikenne	3718475	3.6977468	6.9010050
Belpre	130220	-99.0992392	37.9511786
Józefowo	6896956	22.0579139	53.3367686
Radlin	7649897	22.1985383	51.0631377
Döllnitz	2406389	12.0326681	51.4091875
Kwande	3716088	9.3998035	6.8549397
La Poma	3059851	-66.1467245	-24.1764728
Changy	2624551	4.2515042	46.4165310
Radlin	6279821	20.7497363	50.8564153
Ksawerów	6146534	15.0400284	51.0384197
Le Fieu	97212	-0.0341198	45.0536309
Abasto	3264037	-58.1000933	-35.0085436
Cayuga	181410	-97.3844276	46.0759944
Pategi	3718106	5.8172727	8.6704601
Elmira	140965	-94.1540255	39.5087979
Montégut	166360	0.4969894	43.0496185
Montégut	123660	-0.2048757	43.8746840
Rülzheim	904761	8.3134694	49.1446902
Montégut	132331	0.6691581	43.6431983
Chaves	185548	-49.8851249	0.0185259
Linden	1647520	7.1697740	51.4266717
Skeden	6611111	16.1559712	58.5762778
Fejrar	935771	14.9901106	49.1910166
Block O	7717849	-8.0540377	6.0278884
Incapo	2809165	11.1909693	45.8646528
Inaudi	6173239	-64.1924446	-31.4773925
Agrelo	5998875	-8.4790412	42.0539110
Bergue	7565188	-54.6023868	-26.0028660
Phase I	3871769	77.2278117	28.5340414
Mikawa	7690489	137.4103633	35.0282212
An tArd	2733574	-8.4710248	54.2627821
Breidt	3841346	7.2820043	50.8551589
Potkanów	2919318	21.1034541	51.3556423
B-Block	7011451	77.1177602	28.6638774
Büttikon	4857671	8.2727912	47.3290128
Jamnik	4867683	19.5215788	49.8190721
Corenc	2547665	5.7631982	45.2164116
Chesni	7565257	-55.7677184	-27.9239763
Harpan	3082703	15.9353136	60.0573877
Jasola	3758347	77.2923115	28.5472238
Vodice	2364882	15.7732430	43.7625356
Ansina	3556771	-55.4629261	-31.8788662
Tío Pujio	5171187	-63.3551031	-32.2883558
Linden	1525642	5.8155179	51.7465194
La Poma	7303623	-66.1467245	-24.1764728
Hazard	169764	-99.0780865	41.0901270
Alraft	4145450	8.9693873	51.2460218
Zborówek	3333368	20.1731025	49.9602938
Beppen	5681857	9.0419988	52.9328926
Changy	918376	3.8926275	46.1481251
Anikin	5908724	39.9809248	48.1724411
Igling	2971316	10.8313071	48.0998498
Changy	2631875	4.6774906	48.7804251
Kępa Kiełpińska	4235073	20.8868889	52.3718482
Infias	2197246	-8.3130620	41.3969848
Sicaya	1948377	-75.2964592	-12.0139438
Manati	5901301	-76.9853630	21.2582218
Ailles	6829767	3.7155604	49.4518830
Taraco	1913517	-69.9498656	-15.3083879
Beires	345261	-2.8052626	37.0438890
Shanao	1971733	-76.5740313	-6.4061551
Abasto	3565094	-60.6476975	-32.9614677
Tahmek	6430190	-89.2540517	20.8729957
Diezma	343749	-3.3387431	37.3221609
Alseta	6090289	25.5251566	55.8935855
Copani	1907878	-69.0526428	-16.3802642
Llalli	1918554	-70.9240261	-14.9967966
Gubari	5538169	42.5519443	51.5108272
Isola B	4682163	14.2801091	40.8559514
ež. Sylys	6615481	25.8897388	55.5247957
Lagelu	3720574	4.0787884	7.5076205
Ermila	2817788	-3.8745424	33.2090942
Imider	2887541	-5.8164781	31.4016199
Tabant	2887314	-6.3480396	31.6608373
