Song	3720376	12.6421190	9.7789797
Sikkim	1791324	88.4541364	27.6010290
Almaty	2465058	76.9183519	43.2198425
Rimini	42791	12.5485421	44.0422719
Newark	170486	-74.1668877	40.7301450
Chauny	151112	3.2248687	49.6184243
Annois	2952443	3.1757437	49.7135969
Bomy	1144743	2.2264734	50.5710905
Minato	1761717	139.7434155	35.6527821
Caudry	55622	3.4155119	50.1192418
Englos	58881	2.9529757	50.6266211
Passel	198257	2.9651774	49.5568367
Thiant	53835	3.4371381	50.2961999
Savona	43007	8.4303484	44.3345637
Talmay	153109	5.4553020	47.3673872
Ahuy	145207	5.0205871	47.3697062
Beuste	2506300	-0.2289904	43.2229597
Audaux	1959458	-0.7729170	43.3759564
Fretin	58140	3.1307044	50.5677178
Liomer	2084790	1.8113737	49.8600257
Solgne	1162541	6.3002467	48.9704213
Virsac	1547702	-0.4352762	45.0255306
Riom	110293	3.1383797	45.8936922
Busano	44667	7.6616326	45.3181965
Esnans	111173	6.3226366	47.3327147
Giscos	89777	-0.1563951	44.2626447
Sillas	89769	-0.0530592	44.3711725
Vigone	43684	7.5008008	44.8382979
Goslar	1421453	10.4401480	51.9247024
Jougne	106019	6.4016860	46.7595551
Altorf	75469	7.5345930	48.5240379
Fouday	911091	7.1947803	48.4213233
Iloilo	1506774	122.7513508	11.0805526
Garris	2460495	-1.0587971	43.3409654
Marast	296437	6.3769005	47.5594035
Ceyrat	126386	3.0675404	45.7403364
Bulhon	1205282	3.3898113	45.8855192
Pamfou	1405871	2.8650375	48.4674763
Bormio	47222	10.4009537	46.4926397
Teramo	42107	13.7311219	42.6567878
Arsans	659903	5.6331976	47.3669788
Dortan	21591	5.6449668	46.3184360
Onay	660927	5.6885771	47.3911352
Troguéry	400211	-3.2220395	48.7606583
Camous	2301419	0.3812227	42.9427314
Marsat	110292	3.0837871	45.8734622
Fresse	161376	6.6711967	47.7616921
Coly	2566293	1.2636202	45.0848812
Vaudes	1648440	4.1783798	48.1750451
Percey	1777899	3.8372042	47.9691487
Domats	2944344	3.0543193	48.1168549
Bult	157389	6.6090610	48.2983193
Meudon	31341	2.2229863	48.8027962
Lognes	402773	2.6385437	48.8325038
Meslin	357921	-2.5834790	48.4431259
Covo	45124	9.7956909	45.5027967
Esplas	2018076	1.4947783	43.1856195
Nalzen	2053526	1.7430500	42.9216342
Lugo	345264	-7.5908295	42.9913259
Lugo	348992	-7.4566072	43.0396041
Juneau	2605281	-134.1629626	58.3795846
Lugo	1144898	-7.5544878	43.0122468
Prasco	43414	8.5428204	44.6432436
Dollon	107679	0.5921637	48.0362543
Civens	946372	4.2230396	45.7680925
Gilzem	1163513	6.5281612	49.8706583
Baulou	1982252	1.5480922	43.0184439
Forcey	3097175	5.3721829	48.1512526
Dullin	78622	5.7494973	45.5482723
Gresin	80059	5.6781073	45.6087388
Omessa	2828707	9.1900655	42.3869950
Herrin	58040	2.9636973	50.5498617
Wingen	89516	7.8204298	49.0400359
Longes	146704	4.6796252	45.5084115
Suardi	44059	8.7388654	45.0263625
Vebret	3046316	2.5132395	45.3511138
Goudet	2235979	3.9202184	44.8956290
Cevins	128027	6.5017766	45.6104979
Hinx	965069	-0.9344586	43.7097060
Jarque	341494	-1.6932263	41.5639582
Anthon	167003	5.1519211	45.7812758
Ubraye	2144479	6.6891864	43.9051192
Sinhua	2168869	120.3315011	23.0361356
Province de Boulemane إقليم بولمان	2535033	-3.9102104	33.2476200
Hyesan	6332276	128.2412366	41.3390966
Karatu	1243792	35.4450852	-3.5258519
Chunya	1600789	32.8948998	-7.8233514
Lonigo	44760	11.3912550	45.3871575
Lochum	453166	7.8566281	50.6080821
Sajópálfala	1440899	20.8556809	48.1659479
Ongles	1272914	5.7324576	44.0389835
Amusco	345275	-4.4504763	42.1521209
Villel	348203	-1.1977486	40.2097176
Inzago	45249	9.4821809	45.5404310
Vallet	88152	-1.2704333	47.1762327
Tendon	941527	6.6650160	48.1067991
Matino	40207	18.1160526	40.0280539
Lucoli	41857	13.3728522	42.2594122
Herrin	125953	-89.0256594	37.7930481
Lazise	45105	10.7084413	45.4790508
Merles	144896	0.9684347	44.0668699
Auufer	450514	9.6867285	53.9159851
Xeresa	343328	-0.2177406	39.0143109
Sannes	76199	5.4831894	43.7588255
Gistel	2244279	2.9670810	51.1582502
Gistel	1083198	2.9546471	51.1536342
Olmo	3233788	9.4176054	42.5021147
Zerf	1256076	6.6930728	49.5854138
Opmeer	373622	4.9285679	52.7043817
Opmeer	373618	4.9409997	52.7137441
Igorre	343869	-2.7831329	43.1733509
Turcia	342019	-5.8930370	42.5592936
Werdau	417076	12.3486671	50.7291703
Bluffy	103385	6.2228574	45.8671475
Buborn	1246779	7.5415543	49.6378869
Zamo	5705229	-2.7465862	11.9829496
Noceto	43609	10.1538441	44.8061604
Koti	6128654	-2.9629890	11.4408324
Kurgan	398427	65.3852164	55.4128477
Jarret	2421977	-0.0168871	43.0756509
Lobios	348102	-8.0599771	41.9039061
Savona	42760	8.2525727	44.2334238
Olcsva	1452455	22.3301988	48.0830676
Le Mung	125631	-0.7173936	45.8692482
Quel	340986	-2.0505937	42.2065711
Cerezo	343653	-6.2328446	40.2312904
Guri	3703246	10.4737256	12.6401371
Kettig	548978	7.4562036	50.3929543
Metula	1378949	35.5723066	33.2693401
Toceno	47023	8.4708217	46.1720240
Newark	384312	-75.7586033	39.6790222
Osli	1483319	17.0847681	47.6361837
Taos	171267	-105.5845443	36.3892578
Millay	161192	3.9921158	46.8364631
Teramo	42024	13.6996245	42.6581179
Prat	400215	-3.2959683	48.6804591
Corato	41127	16.3611372	41.0943554
Ebetsu	4085290	141.5459354	43.0944105
Marudo	44545	9.3749559	45.2559502
Grey	7480378	-80.6947056	44.4714162
Onavas	5606121	-109.4949228	28.4568521
Avanos	281083	34.8503636	38.8658584
Zavhan	7305281	93.3144846	48.8215136
Yaxe	6000228	-96.4440131	16.7068338
Monjas	5999635	-96.6327491	16.3744046
Toluca	5606541	-99.6526343	19.2842743
Monjas	4490160	-89.8990144	14.5134294
Kestel	1273939	29.3047316	40.1869269
Salyan	4586368	82.1731844	28.3984624
Ovejas	1324955	-75.1888313	9.5537400
Guri	2409168	127.1326678	37.6005734
Nasu	4217166	140.1005518	37.0318170
Konobo	4001330	-7.8597407	5.8315731
Midyat	1692098	41.3791717	37.3746407
Niksar	1804071	36.8660440	40.5611800
Seyhan	1249257	35.2311109	36.9152779
Dorbor	4001282	-8.2704700	4.9911749
Pachalik de Chichaoua باشوية شيشاوة	5176506	-8.7694280	31.5369930
Mori	46259	10.9551881	45.8606446
Tellin	2450770	5.2189872	50.0677719
Tarp	1149295	9.4087517	54.6617275
Burgio	39297	13.2925891	37.6230582
Nasino	42867	8.0211440	44.1271861
Poio	345983	-8.6921885	42.4419455
Monoszló	1078597	17.6421814	46.9027942
Meduno	179277	12.7954163	46.2170713
Prosiměřice	437252	16.1826351	48.9005769
Rinn	83326	11.5060506	47.2401873
Muta	1676293	15.1362086	46.6257356
Siby	2916383	-2.9996566	11.8535462
Kalush	2190422	24.3653749	49.0437300
Trilla	2816422	2.5209629	42.7371400
Milicz	2850395	17.2696032	51.5214938
Lint	58656	4.5026945	51.1291955
Opio	156355	7.0146516	43.6575964
Ravazd	1440716	17.7318828	47.4918602
Varvažov	437387	14.1595911	49.4369361
Newark	182609	-82.4247269	40.0777184
Itoman	4559181	127.6189694	26.0197538
Rimini	42661	12.6307686	43.9470981
Seelze	382498	9.5857977	52.3839359
Klings	2900134	10.1013115	50.6464147
Newark	3158320	-122.0266099	37.5208347
Farmos	1323437	19.8695675	47.3747788
Oznice	442441	17.9184337	49.4320955
Tooele	198966	-112.3127276	40.5412205
Beitou	2905064	121.5196113	25.1528239
Emmaus	187383	-75.4948351	40.5365538
Plessa	1303787	13.6277776	51.4640873
Branov	442381	13.8426748	50.0019144
Jalrez	6604578	68.5987317	34.5029615
Canyon	115414	-101.9278333	34.9920204
Lugo	43140	11.8971360	44.4775241
Warsaj	6566941	70.1418884	36.0557315
Ledčice	437610	14.2841037	50.3376699
Mauern	29828	11.9083482	48.5322137
Le Cros	2326878	3.3600244	43.8825839
Tosa	4036308	133.6031434	33.2876399
Kure	4089279	132.6820540	34.1689805
Toki	4716909	137.2049572	35.3276305
Kurobe	4807806	137.5902069	36.8177145
Tonami	4807819	136.9893732	36.6135575
Selong	5802275	106.8044293	-6.2343005
Ginoza	4542099	127.9848150	26.4841000
Nasu	4217167	140.1005518	37.0318170
Mori	4674547	137.9447136	34.8799194
Tosa	4036424	133.4614458	33.7487560
Oodu	3995705	130.9000415	32.8952515
Watari	4153615	141.0502353	38.0346555
Atwari	7801936	88.4122112	26.2766593
Bonyhádi járás	2376625	18.5005861	46.3384869
gmina Łańcut	2975474	22.2049331	50.0322316
Mauren	1155951	9.5527379	47.2133314
Castex	2004183	1.3158572	43.1657492
Dokolo	3497127	33.0750780	1.9101289
Rožnov	440687	15.8505131	50.3396999
Mayuge	3501862	33.5894569	-0.1457318
Goro	43680	12.3304063	44.8391344
Sharya	1697483	45.4770857	58.3783687
Honggu	2702680	103.0245947	36.3012947
Hilter	1086004	8.1589805	52.1657814
Midlum	1428586	8.5233615	54.7239513
Armonk	175818	-73.7126238	41.1330485
Cooper	114906	-95.6886547	33.3747720
Cros	952393	3.8321626	44.0020810
Mierlo	162910	5.6063049	51.4394228
Shingo	4107754	141.1170781	40.4497930
Goor	2706877	6.5872347	52.2392663
Bepton	3000492	-0.7873773	50.9588633
Nieste	1115034	9.6543138	51.3083340
Irmo	193997	-81.1802112	34.0884688
Vienau	3685985	11.4839769	52.7155837
Karres	77806	10.7898244	47.2279822
Horn	2069503	10.0851140	53.5512779
Ueno	3556741	138.7280383	36.0590125
Žalany	440168	13.9079543	50.5768591
Lemmon	195020	-102.1585750	45.9375899
Denton	133618	-75.8264212	38.8763592
Tanner	237373	-121.7047257	47.4825770
Vernal	198724	-109.5333208	40.4546160
Velp	1434826	5.9788494	51.9994663
Gallus	4209936	8.6367064	50.1036584
Uarini	332489	-65.4312683	-3.2100001
Widnau	1683964	9.6379804	47.4030369
Rocles	409851	3.7879757	44.7052051
Mori	4088007	140.6382844	42.1455969
Lyme	2045472	-72.1108524	43.8051905
Selles	180041	1.8883154	50.6963769
Felton	117179	-75.5744250	39.0104929
Lausen	1683666	7.7621684	47.4703024
Butnan	2060171	23.9028427	30.2887056
Horn	105949	15.6446483	48.7296109
Koteli	5919953	80.6462018	29.3536029
Parvan	2499668	76.3097903	24.9587173
Puembo	2673409	-78.3693579	-0.1687003
De Vilt	1208819	5.9298359	51.6792435
Utbysjön	6078349	15.1793683	60.5439662
Alcáçovas	6440046	-8.1985218	38.3971717
Bokito	3823213	11.1067806	4.4832278
Tuam	7034699	-8.7690624	53.5310162
Rems	3093640	9.7910296	48.8008466
Tuvesjön	7418586	13.8233967	56.6343727
Osasco	298470	-46.7882805	-23.5350741
Suikka	7284895	29.1949728	61.4602517
Lickov	919009	14.7556082	49.2258906
Vrlane	6314897	21.2493113	44.1663065
Taisho	358733	135.4653827	34.6464055
Minato	358682	135.4501676	34.6598565
Mayran	117209	2.3728690	44.3912268
Varpan	77624	15.6030001	60.6456401
Patoki	5780927	20.1001604	52.1408842
Parisi	298322	-50.0397392	-20.2615001
Açude Catolé	7325957	-38.1801482	-7.6968976
Itatim	362258	-39.7323721	-12.7250376
Utinga	362359	-41.0611065	-12.0200561
Zuce	7472577	20.4359152	43.0177111
Lelewo	5345549	20.6931150	52.5506002
Cabeça Boa	5717580	-7.1369701	41.1903156
Tancos	6483278	-8.4007556	39.4662330
Drzina	5361639	22.5980796	43.1011335
Nisken	3069313	15.8638071	60.1284913
Patoki	6914321	22.7819193	52.7700837
Semlin	7629807	18.4042821	53.9813155
Żelowice	6405556	16.9005411	50.7281486
Żrobki	6828590	22.7541716	53.7663579
Martynów	6628480	21.1429369	51.8447834
Saujil	2258077	-66.2135419	-28.1731270
Sponce	7204785	21.4505480	42.8452331
Suurjärv	2000823	25.7303369	59.3724453
Tomtsjön	2639624	18.8158052	59.8066678
Ruggen	3680286	18.4791824	59.5384434
Pottjønn	6181672	8.7617863	58.5815941
Suurjärv	4451832	26.9217914	57.7279036
Soagŋojávri	7203943	23.1537209	69.4540977
Tumbao	4467776	-65.9215321	18.0214540
Garzas	4467864	-66.7438657	18.1507936
Ovejas	4468515	-67.1139869	18.2614131
Duey	4467726	-66.8406066	18.0944984
Ranten	3860988	14.0778423	47.1546866
Blythe	111975	-114.9120691	33.5603937
Tariwa	3710743	8.3247767	11.6110087
Kiyako	3703425	9.5835216	11.3517027
Buduwa	3698599	10.8266451	12.1980352
Goniri	3698653	12.3124737	11.4873539
Lingui	6653492	110.1719934	25.2932554
Solgen	7136	15.1547453	57.5577733
Molo	6194342	122.5414468	10.6904447
Scugog	2408840	-78.9061092	44.1155467
Vinces	2668070	-79.8065568	-1.4761206
Compud	3728392	-78.9262904	-2.3542399
Mfou	3822612	11.6079506	3.6892091
Toshia	3698746	11.8808207	13.1885672
Wasagu	3708161	5.8253244	11.4157417
Ertl	446561	14.6325045	47.9696326
Unik	3703530	10.1772872	12.3815959
Zuga	3710829	9.1431003	11.5890180
Goniri	3721302	13.6174265	11.4744935
Sierpe	6198914	-83.4934315	8.8090387
Sumaco	3726058	-77.6460519	-0.4913914
Ponoka	4207445	-113.5994334	52.6717786
Rimbey	4233430	-114.2297319	52.6433887
Telkwa	2236722	-127.0594322	54.6834078
Akuyam	3722256	10.6004903	11.4922286
Tiko	3834906	9.3893361	4.0856118
Baiyun	6837367	113.3892528	29.4913671
Thanti	5948482	81.3304966	29.2941231
Malkot	4669266	81.5047209	29.2015709
Sayaya	3711807	7.6170799	12.3011605
Guntai	3703372	8.3624606	12.7664220
Wazata	3709617	7.4809702	11.0639074
Guri	3703373	10.4092339	12.7059387
Dorayi	3710439	8.4959370	11.9569923
Kokiya	3710615	8.0588891	11.9948732
Rijiya	3707078	6.7465726	12.0704879
Uhya	5325065	84.8721828	28.2997447
Salyan	5810721	83.4293022	28.1499560
Bungwe	1738770	29.9640274	-1.4887090
Kinoni	1737413	29.7220848	-1.4568954
Melung	6738435	86.0719713	27.5146168
Salyan	6712081	86.5964885	27.3813615
Sisawa	5977964	82.9283500	27.5286494
X B Tank	373820	-112.2047839	35.8555462
Holt	3158358	-87.4808394	33.2259374
Kigeyo	3966208	29.3246648	-1.8224570
Lac Why	899989	-74.5707704	46.4562893
Denton	115280	-97.1306741	33.2377325
Kurgan	4676636	65.3852164	55.4128477
Yanmen	2172903	105.1915101	32.2192794
Yanmen	2166923	103.6566613	31.4480099
Masyam	5697807	83.4938842	27.7955932
Dhussa	7718908	84.7518989	27.7656056
Taruka	7728995	85.0057976	27.8726273
Huya	2168425	104.0051435	32.5326722
Salyan	6101751	83.7907284	28.2792113
Syandi	5895582	80.8243120	29.5303163
Minazi	1755734	29.7937532	-1.7374119
Shyara	1728583	29.9999659	-2.2550604
Ojwina	6000882	32.8834402	2.2448229
Osasco	43713	7.3468296	44.8498326
Lakuri	5882272	81.7308303	28.7778607
Dorval	197562	-73.7522493	45.4577479
Colazo	7265735	-63.3830902	-31.9638210
Eisten	1685297	7.8953368	46.1755511
Riom	1693144	2.9473208	45.9044850
Payzac	1897876	4.1495087	44.4543263
Fawley	3922639	-1.3598385	50.8269824
Nosedo	6992681	9.2325783	45.4279659
Rocles	124315	4.2017549	44.5710971
Jaminy	6826941	23.0248676	53.6638130
Leppin	3677447	11.5628182	52.9059542
Felton	188887	-76.5594623	39.8581609
Virden	126808	-89.7720021	39.5035760
Sileby	2406089	-1.1006265	52.7383886
Horn	1241654	7.5477125	50.0501090
Monona	242788	-89.3380894	43.0621640
Duvall	237872	-121.9687344	47.7358159
Lüssow	1964350	12.1584149	53.8389340
Holt	1156034	9.1293085	54.8050375
Tiflet	2808198	-6.3226887	33.8957245
Otumba	5606124	-98.7401550	19.6570939
Lüssow	371890	13.0193781	54.2819625
Yona	253781	144.7744130	13.4137599
Bolderāja	1208378	24.0294986	57.0219215
Wenona	125890	-89.0493166	41.0430189
Homs	184877	38.3024266	34.2556940
Ezeiza	3195654	-58.5232328	-34.8516612
Carlow	1444898	10.9283139	53.7569575
Wodacz	6134659	20.1488527	50.4909119
Edisto	191940	-80.8924958	33.4780715
Michny	6897550	22.1662750	53.4029983
Blythe	119350	-82.2066670	33.3046259
Ghermu	5282665	84.4340606	28.4318354
Atmore	110324	-87.4924216	31.0231420
Juneau	251689	-88.7012420	43.4080380
Sajvik	7091069	18.1760426	56.9713408
Kyra	959317	23.2616464	37.7034013
Glaros	531431	26.3259814	36.9862470
Lesbos	6830778	25.9989741	39.1758433
Ovalau	3255510	178.7890814	-17.6839252
Viwa	5427433	176.9297468	-17.1371862
Ambrym	5324349	168.0655857	-16.2350109
Ko Lone	4143197	98.3707381	7.7877066
Ko Bu Bu	5850868	99.1439988	7.5608378
Vergas	137757	-95.8020197	46.6566095
Olgino	1355214	30.1390701	59.9991201
Bagińskie	6894277	22.1225134	53.4955853
Elburn	125799	-88.4796501	41.8834170
Newark	176096	-77.0935855	43.0401349
Karsin	4029356	17.9115085	53.8962615
Brucht	1460727	6.6157576	52.5478195
Dyszów	4454497	20.4213158	51.2121049
Holt	134489	-84.5225272	42.6365510
Błoniec	6483003	20.8188351	50.4566889
Horn	2181959	5.9362473	51.2137787
Weiler	1269804	7.0749464	50.1377778
Bullet	1684871	6.5595180	46.8438324
Dolní Pohleď	441848	15.1421171	49.7463649
Coplay	187388	-75.4962934	40.6702411
Ixonia	252025	-88.5979283	43.1378410
Amilly	111045	2.7936832	47.9913009
Yelm	238000	-122.6219522	46.9428475
Burgaw	179702	-77.9233856	34.5499859
Weiler	548058	7.1218380	50.3057589
Buczynów	4435995	21.1759236	51.9499686
Markhu	4821536	85.1644346	27.6078635
Felton	137243	-96.5055964	47.0768140
Igny	28036	2.2270297	48.7375789
Etowah	183902	-97.1682374	35.1273829
Poll	2613770	6.9941998	50.9140295
Ponder	6571671	-97.2953837	33.1809685
Ikudol	4822544	85.3115154	27.4844358
Zell	356344	14.3743575	46.4742376
Aubrey	114765	-96.9756323	33.3142084
Muna küla	354779	26.9942290	57.7414148
대림3동 (Daerim 3 dong)	3879661	126.8972775	37.5001216
Cupids	2829376	-53.2212513	47.5461797
Sharya	5588953	45.5165771	58.3764093
Zell	2374651	8.6540875	49.6749496
Oteo	7347694	-2.3745471	42.7182820
Tuma	6571862	40.5487549	55.1461516
Iganzo	7267655	33.4637180	-8.8795056
Itatim	6271063	-39.7323721	-12.7250376
Hõbemäe küla	353139	25.4302300	58.1882834
Weiler	3008186	8.8529630	49.2117331
Semlin	1276860	12.3814996	52.6491278
Parisi	5683207	-50.0397392	-20.2615001
Goslar	3411188	10.4317600	51.9067524
Luke küla	354017	26.5436841	58.2395504
Oeti küla	353343	25.6785347	59.0529877
Munain	6882342	-2.3553470	42.8487780
Jucu	1850535	-40.4071783	-20.4667474
Šurianky	2210185	18.0279469	48.4123720
Voka küla	351280	27.5645552	59.3962655
Weiler	6969027	6.5653700	49.4534985
Myjava	2188007	17.5373299	48.7545414
Osasco	5684922	-46.7882805	-23.5350741
Covelo	6553841	-8.0961776	40.3183303
Kapu küla	353320	26.0362839	58.9829867
Puka küla	354982	23.0307635	58.4984616
Poloma	2277137	20.8180654	49.1705291
Exdorf	3144341	10.5453638	50.4579970
번3동 (Beon3-dong)	3883110	127.0428719	37.6232970
Lascov	2277817	21.4812863	49.1608454
Uarini	6251176	-65.4312683	-3.2100001
Puka küla	352889	26.6064654	59.1912158
Kelu küla	355409	23.8891195	58.7476930
Ilvese	1335599	9.0321990	52.4576013
Giru	6153006	-41.1210834	-16.9275001
Sianno	1996913	29.6918578	54.8151033
Ratvaj	2277140	21.1915101	49.1258039
Trebol	4764382	-67.8153702	-38.9753136
Mahlow	4546133	13.4126086	52.3551789
Covelo	5919095	-8.4622036	41.0962953
Melres	5919100	-8.4028389	41.0737171
Tropezón	6357713	-61.2113254	-32.0276358
Vedrin	2337288	4.8762444	50.4933342
Luano I	5805823	27.5035568	-11.6260044
Vtáčkovce	2384787	21.3767839	48.8363298
Bourke	5735934	146.0184359	-30.1883510
Červeňany	2272599	19.3809069	48.3810330
Temora	5925950	147.5250162	-34.4473346
Matehy	6934550	-8.6425216	51.9542854
Warpie	4552471	19.1500994	50.3156831
Fuseta	6431287	-7.7449459	37.0490038
Owel	6954932	-7.3546032	53.5649330
Skreen	6967491	-6.5356055	53.5666386
Emly	6791793	-8.3400331	52.4572434
Fennor	6781133	-7.6007321	52.7044854
Tuam	4179654	-8.8488746	53.5148195
Tõutsi küla	352087	26.4781993	57.9610860
Sipe küla	351650	26.8240439	58.2427627
Horn	2967227	8.2450007	51.6163729
Rabčice	2166357	19.5158994	49.5147866
Talent	186677	-122.7840082	42.2391190
Midlum	1520378	8.6353232	53.7238936
Kornie	7029626	23.5970178	50.3224964
Lanett	110846	-85.2065473	32.8646360
Zell	961327	12.4039904	49.1416440
Zaraszów	7569597	22.5788638	50.9846770
Śniekozy	6553141	21.4799410	50.6788049
Mularzów	4638234	20.2880625	51.0306056
Sibley	181580	-97.9651777	47.2184915
Monona	128796	-91.3926856	43.0498640
Isanti	137075	-93.2451135	45.4913429
Mollas	1252604	20.6917508	40.4354310
Calvos	4113890	-8.2446515	41.4042910
Danowo	6859111	22.5920698	53.6780537
Denton	180187	-80.1149753	35.6374705
Orjais	5397671	-7.4075069	40.3394845
Viking	137879	-96.4067159	48.2178935
Newark	115294	-97.4842701	33.0032589
Weiler	75255	9.6612239	47.3058858
Hraniv	4598492	29.5624656	48.8701165
Bitgum	2655799	5.6812677	53.2334335
Spiere	961190	3.3465264	50.7256802
Burcht	60888	4.3374447	51.2008007
Suan	1342321	-74.9122599	10.3060838
Święcienica	7382540	20.9571963	52.5437963
Savona	176171	-77.2242854	42.2808870
Silvia	1740111	-76.3771965	2.6618016
Holt	137884	-96.1946705	48.2920625
Garwin	128691	-92.6791178	42.0916911
Munina	6730210	22.7406811	49.9975934
Gits	1333997	3.1103285	50.9975916
Kerens	113849	-96.2284615	32.1295440
Minong	251889	-91.8273440	46.0975159
Selmer	195735	-88.6029186	35.1711820
Prokopów	4010042	17.8030587	51.9178358
Mollas	1250579	20.0255444	40.9065134
Oura	4193772	-7.5579594	41.6181082
Manito	126973	-89.7827665	40.4214305
Atteln	5511852	8.8014433	51.5941979
Velp	2722699	5.7197096	51.7477192
Payzac	146000	1.2312914	45.4199965
Amoret	141706	-94.5873660	38.2550474
Assaku	2144573	24.8471645	59.3737329
Mori	2080206	10.9770096	45.8527874
Covelo	5762427	-8.2784067	42.0220783
Calvos	7836592	-8.2272372	40.4807894
Spas	3656238	24.0627738	48.8913226
Molini	2217673	11.0212345	45.9142959
Krivci	6481651	20.5420736	41.5516556
Spas	6481655	20.4771285	41.5502942
Trap	6888534	21.4662010	41.1299205
Usje	6966469	21.4590148	41.9511763
Milino	6774599	21.8668406	41.8066373
Moolpa	5743401	143.7727381	-34.9236716
Oura	5937817	147.5976350	-35.0862974
Toki	3257610	178.8230725	-17.6471029
Levuka	3532928	-178.8022626	-18.2428849
Nassen	7426046	12.4248521	49.2049776
Regeneração	302838	-42.4665358	-6.3585001
Etowah	197330	-84.5275718	35.3455234
Hooker	185075	-101.2153400	36.8594083
Haynes	181567	-102.4711989	45.9738415
Holt	141007	-94.3440883	39.4569384
Sibley	128438	-95.7452046	43.4001200
Horn	1684531	9.4600216	47.4929822
Cromer	5626750	151.2654177	-33.7303136
Dikson	3511962	80.5314786	73.5074554
Danowo	6893951	21.9888589	53.4917905
Washta	129040	-95.7196437	42.5750044
Lynd	137219	-95.8799258	44.3966954
Rogo	3710336	7.8533616	11.5090482
Iłowo-Wieś	6637613	20.3061665	53.1769246
Newark	124824	-88.5802452	41.5365470
Marnay	556769	5.7731895	47.2946606
Snarki	4056794	20.4556308	51.3789007
Owando	3221351	15.9395350	-0.6719709
Bovill	121435	-116.3936163	46.8598709
Chrząchówek	7769753	22.1373304	51.4284057
Leonay	5498065	150.6480471	-33.7687222
Gustawów	4621731	19.9981322	51.0885768
Wahkon	137697	-93.5175744	46.1235995
Pass	4239776	20.5717471	52.2126841
Redyki	7239535	22.7872442	54.3395079
Toluca	125893	-89.1341668	41.0071210
Hauser	121257	-117.0085596	47.7662350
Sibley	141599	-94.2005307	39.1751080
Midlum	2649280	5.4589615	53.1854649
Silo	184318	-96.4769285	34.0347760
Calvos	4170517	-8.2534995	41.5954284
Sonina	4425902	22.2690617	50.0599301
Gustawów	3832011	20.5785993	51.0776034
Alvord	3492757	-97.6937240	33.3539490
Tappen	181455	-99.6267450	46.8708100
Godwin	179841	-78.6812381	35.2166770
Sibley	132079	-93.2928733	32.5413295
Tillar	111194	-91.4555482	33.7121980
Tuam	4101585	-7.8913688	54.2925523
Gowlan	5661495	-7.8175190	54.1409041
İstiklal	6690767	39.3255960	38.8654525
Wingen	6063892	150.9237865	-31.9078867
Moolap	2456153	144.4268750	-38.1794100
Watree	5122584	-7.0820702	52.6192792
Nook	4783134	-7.1427881	54.2012693
2e Bézin II	407776	-73.1331479	18.4166887
Šurianky	2210135	18.0279469	48.4123720
Kirula	5392197	79.8763246	6.8897035
Crough	5678103	-7.5161851	52.2076833
Sessia	5395220	-6.6074047	54.6424637
Rinn	5823154	-8.9054019	53.8695444
Myjava	2187988	17.5765128	48.7540806
Skreen	4671286	-7.3780178	54.5406928
Rinn	4713743	-8.2004027	53.9445218
Galros	4147301	-7.9040647	53.2249287
Lettan	3572713	-7.4586641	54.3686178
Cloosh	4524817	-9.0224979	53.1622904
Rassan	4751505	-7.2446139	53.8747161
Tuam	5128771	-8.1185799	53.7079696
Kray	3189128	7.0772388	51.4677746
Suna	5466596	39.2663303	-6.8061985
Phil-Am	1552386	121.0311726	14.6504331
Exdorf	2539244	10.5349208	50.4579911
Žalany	435821	13.9064643	50.5825094
Cyntia	5262506	-48.6833730	-18.6139045
Finter	4182558	-7.4133938	53.2189096
Rinn	4606451	-7.3860441	53.1438332
Rinn	3394341	-8.5390675	54.0279350
Corkip	5319895	-8.1068539	53.4317888
Rinn	3887428	-8.9033610	53.2666989
Dunmoe	4681447	-6.6352773	53.6845802
Slieve	2446937	-7.8923046	53.7259453
Temora	4170311	-7.7484090	53.1730134
Pass	4245817	-7.7607936	53.1167985
Teeraw	5335379	-6.6902328	54.3614527
Rinn	2295418	-7.8431873	53.8981689
Bult	2498219	9.7738309	52.3632599
Platin	4562560	-6.3855633	53.6875562
Dervin	5141091	-9.3450211	54.0509625
Rinn	5656765	-8.8182794	53.2109373
Fennor	4572692	-6.3989518	53.6206444
Skreen	4580862	-6.5621636	53.5875225
Munnia	4521723	-9.0551289	53.1518541
Sogher	5369996	-6.9915511	54.3471251
Skreen	3842958	-7.8095860	54.2612860
Skreen	5632602	-8.0032983	54.6440412
Crough	5650952	-7.2559906	52.1835312
Derver	4628155	-6.9919922	53.7695146
Glinsk	6152201	-9.5615927	53.7347829
Vijlen	2752193	5.9612087	50.7794976
Culcor	4440417	-6.6932780	53.4372539
Vtáčkovce	2384647	21.3767839	48.8363298
Teeboy	5625617	-7.7306803	54.1128562
Bílov v Čechách	425282	13.4222715	50.0200576
Branov	425396	13.8426748	50.0019144
Mirboo	2689278	146.2016370	-38.4844550
Pygera	6213340	135.4347286	-32.9298833
Ardfry	3341312	-8.9752218	53.2368023
Nook	3313288	-6.9739900	52.2579866
Walmer	6059312	148.7528076	-32.6518446
Dungay	6069838	153.3634974	-28.2710495
Cloy	3561695	-7.6104673	54.5262251
Sessia	5390917	-6.7460317	54.5499291
Ucolta	6532383	138.9584905	-32.9961952
Munnia	5363179	-8.0446036	53.0417498
Colley	6227568	134.6479789	-33.0637105
Glinsk	3356512	-9.8340561	53.3662683
Les Pas	6578285	-1.4785488	48.5840183
Červeňany	2272522	19.3809069	48.3810330
Filzen	5781117	6.5728521	49.6762075
Ratvaj	2277093	21.1915101	49.1258039
Glinsk	6022868	-9.6150691	54.3042810
Coulta	6330935	135.4566443	-34.3994768
Cromer	6681178	138.9776433	-34.7629419
Cootra	6249954	135.9430342	-33.2688748
Fennor	5498620	-6.9522480	53.1368211
Vienau	5299134	11.4852136	52.7082024
Denton	65675	-0.7773994	52.2084417
Denton	7684131	-1.7830336	53.9469033
Lascov	2277703	21.4812863	49.1608454
Cussee	5348948	-7.0530577	54.2763002
Skreen	3910607	-7.7232266	54.3196466
Civit I	1856302	-40.2290176	-20.1583705
Denton	1022549	1.3493878	52.4453230
Drimmo	4621547	-7.5351739	53.0422555
Gowlan	2377220	-7.8533030	53.6972679
Cromer	1022284	1.3023366	52.9259419
Holt	1022689	1.0990538	52.9035094
Illowa	3161050	142.3831409	-38.3336769
Kolora	3149997	142.8681137	-38.1456800
Emly	5626685	-8.3491254	52.4640092
Fawley	3988034	-1.4362091	51.5239031
Walmer	2599220	1.3944359	51.2041117
Bisley	3001042	-0.6384082	51.3235248
Exford	2665228	-3.6534583	51.1428570
Himley	6924414	-2.1628997	52.5278475
Holt	1875234	-2.3011818	52.2585225
Fawley	3731143	-0.9092748	51.5678800
Burn	4822891	-1.0935313	53.7455365
Holt	5537362	-2.2154857	51.3482539
Cibory	6836001	19.9806234	53.6583682
Mawr	1394973	-3.9410330	51.7314729
Tinock	5477864	-7.5244765	52.5885829
Polouvsí	430749	17.8954830	49.5860618
Oznice	426143	17.9184337	49.4320955
Fennor	5443492	-7.6042736	52.7061151
Kluk	426505	15.1186586	50.1204571
Holmes	5624062	-8.1513540	54.6449936
Rožnov	432999	15.8573985	50.3431366
Slieve	4017974	-8.6667366	53.6054690
Rinn	5758019	-7.4650139	54.0225203
Pass	5536956	-8.6722794	52.6905087
Kilkit	5681480	-6.8814370	54.0692043
Hadzor	1875218	-2.1192464	52.2526596
Glinsk	5120777	-8.4298608	53.6528819
Weiler	124890	8.5365351	48.8906433
Caston	1022693	0.8862853	52.5422373
Yaxham	1022686	0.9783665	52.6545951
Bewley	5828114	-7.8160051	52.1147221
Hlavno	432768	12.5895158	50.1499566
Slieve	5392395	-6.4933207	54.0339293
Munnia	5593831	-8.3542267	52.7597387
Rinn	2963265	-8.5738916	54.2767347
Sechov	427829	15.2359898	49.6977220
Studce	433572	15.0559686	50.2816469
Ledčice	427373	14.2841037	50.3376699
Rinn	3292455	-8.4881198	54.1890127
Horn	5964127	8.9318444	51.8630203
Varvažov	428834	14.1439962	49.4335192
Wier	2655705	5.6256978	53.2479116
Kaonze	5522029	-43.4420816	-22.7705733
Rassan	5392365	-6.5845866	54.0439015
Malé Hoštice	435752	17.9476966	49.9461500
Holt	5616568	-1.9427290	50.8362308
Rajchéřov	427283	15.1984345	48.9617777
Prosiměřice	426535	16.1826351	48.9005769
Hemsby	1022690	1.6831984	52.6940106
Holt	2583071	-21.9042497	64.1399711
Gowlan	5480719	-7.9043334	54.2443520
Felton	6318062	-2.6274849	52.1269547
Dolní Pohleď	427996	15.1421171	49.7463649
Bretby	6614301	-1.5550516	52.8019999
Kenley	6841380	-2.6361759	52.5936064
Usna	4649503	-8.1707093	53.9610640
Cottam	576001	-0.5083163	54.0679902
Bilton	722004	-0.2301910	53.7831143
Haynes	4070438	-0.4163148	52.0581654
Zvěřetice	433593	14.2462120	49.0291229
Glinsk	5384628	-7.7873857	55.2140053
Lorrha	5349131	-8.1152431	53.0893216
Minish	6292093	-9.4396616	52.0388462
Fennor	4639117	-6.5469036	53.6998159
Lintel	5336261	8.3621376	51.8504728
Einste	5665389	9.1066497	52.9283344
Rabčice	2230128	19.5158994	49.5147866
Poloma	2277091	20.8180654	49.1705291
Hirtel	4492490	6.9223920	49.3514697
Carlow	2249481	-6.9213779	52.8295784
Pass	4637226	-7.2789966	52.9831062
Burges	5570399	-7.9878238	52.3339858
Shanoo	3495811	-6.5986637	52.2414809
Fennor	4209283	-7.1899642	53.5870996
Elginy	4265820	-6.1872749	54.9303430
Urfahr	7338686	14.2865552	48.3195470
Sessia	5488495	-7.1317953	54.4216266
Exford	3550720	144.5429279	-37.7288883
Walmer	2794736	144.1707122	-36.9765800
Darton	5270032	-6.7853288	54.3431859
Sessia	5390061	-6.5111828	54.6218581
Tynica	3624752	21.3713598	51.3245052
Sobota	6061409	15.6711218	51.0863947
Newark	133783	-75.2746445	38.2668935
Danowo	6863053	22.3270624	53.5718957
Peso	5397915	-7.5646332	40.2075826
Maryna	6817956	22.7416606	54.0939117
Rio Bom	297727	-51.4232281	-23.7950945
Nowy Gózd	3445106	21.0378503	51.5627858
Tonden	2713366	6.1273961	52.1355808
Pigany	6795714	22.5746169	50.2024958
Weir	129693	-94.7734946	37.3082440
Aizwal	2029066	92.8325155	23.8567166
Holt	6263201	149.0140753	-35.2245350
Timken	130024	-99.1789574	38.4720549
Anthon	128494	-95.8661011	42.3891366
Sibley	126173	-88.3783838	40.5876659
Tintah	137769	-96.3182882	46.0111559
Rocles	2816267	3.0321992	46.4417718
Denton	130131	-95.2718884	39.7325820
Denton	142451	-109.9473498	47.3224760
Otoe	169316	-96.1198988	40.7238040
Newark	3077042	-71.9227942	44.7101189
Mignon	111008	-86.2655679	33.1936450
Gustawów	3387653	21.0222287	51.4815071
Jorhat	2026355	94.2649328	26.7691713
Alvord	128745	-96.3006356	43.3402860
Denton	169584	-96.8462793	40.7390020
Chorążyce	5728942	20.2290525	50.2073118
Żuków Drugi	5818979	22.7559245	51.0363050
Etowah	180361	-82.5992350	35.3187674
Castex	125087	0.3113460	43.3811018
Kopacz	5893062	15.9525191	51.1284665
Bogoro	3722236	9.6200272	9.6369083
Covelo	342031	-8.3541048	42.2660788
Virden	171209	-108.9999167	32.6885860
Igny	554673	5.7507071	47.4811178
Amilly	83147	1.4069660	48.4422567
Marnay	1171786	4.9204847	46.6998969
Plessa	1353680	13.6008456	51.4891670
Koiszków	5832308	16.1747212	51.1338992
Schmon	2406565	11.5552958	51.3460090
Toki	6921375	21.5478878	49.6323659
Reppel	6071005	5.5522997	51.1470494
Gustawów	3780853	21.7265021	51.2503365
Ubocze	6066196	15.4305743	51.0576546
Prioma	6854782	20.0632802	53.2531642
Taos	140916	-92.0816018	38.5003309
Selles	305239	6.0918605	47.9773187
Newark	141657	-91.9744353	39.9952960
Horn	5992407	8.9464965	51.8716230
Hatert	1201015	5.8271187	51.8060289
Busken	6612183	16.1826120	58.5913534
Singer	4843553	-55.9141703	-27.3912019
Horn	1128666	8.8831138	53.0935567
CLN 208	3532018	-47.8809110	-15.7633485
Peso	5760817	-8.2868093	42.1045264
Peso	6595161	-8.6845192	41.9474641
Weza	7568509	29.7490441	-30.5936494
Holt	2923108	-21.7019394	64.1701895
Eisten	3646421	7.8967406	46.1961358
Lausen	3873306	7.7607655	47.4703791
Canots	1298409	55.3040595	-21.0230386
Zell	3200202	10.5606012	49.9649401
Cooper	7518973	-93.2100704	44.9488459
Covelo	5760807	-8.2692972	42.0863770
Rio Bom	6013710	-8.4738281	41.9910828
Toluca	7606660	-75.7581984	4.8083145
Wals	2002324	12.9647467	47.7881473
Kalnėnų I tv.	5462345	22.3033037	56.3028506
Złote Łany	2135598	19.0676242	49.8085228
Gyva	3175423	15.9693049	60.1195825
Ujwa	3555886	76.9090755	28.5692066
Ladpur	3565903	76.9961424	28.7391343
Selles	2602457	4.2782012	49.2960134
Denton	119891	-82.6967997	31.7217310
Cros	120584	2.5922212	45.4673241
Širvėnos ež.	52495	24.7565930	56.2118205
Marnay	140103	0.3430481	46.3946693
Gineitiškės	4038118	25.2005050	54.7383379
Selles	552253	0.4849123	49.2999204
Golmud	5904589	94.3758757	36.2562902
Zell	5734263	9.3595620	48.7285526
Mailly	1170998	4.1088008	46.2303309
Munera	340860	-2.4536701	39.0828717
Laroya	347256	-2.3442977	37.2897364
Uterga	343740	-1.7473393	42.7155457
Ituata	1919876	-70.1406572	-13.8569526
Raibenių ež.	6836620	26.4439444	55.4075880
Cornau	2282283	8.4538742	52.6758626
El Mers	2817718	-4.5038634	33.4278517
