Nantes	59874	-1.5372544	47.2382012
Molise	41256	14.6249424	41.7172271
Bimont	2732956	1.9137869	50.5376795
Divion	1154469	2.5062379	50.4697162
Foix	74088	1.6032249	42.9699909
Houlle	188185	2.1694094	50.7993891
Vire	133945	-0.8872595	48.8517468
Jasses	1965226	-0.7315740	43.3134944
Iholdy	1673887	-1.1734862	43.2743834
Coigny	1106408	-1.3821043	49.3227966
Illats	104371	-0.3771952	44.6087559
Allery	1284869	1.8905129	49.9577911
Paunat	1735473	0.8555494	44.9027585
Lavars	1345819	5.6780335	44.8534412
Ollans	1335811	6.2468491	47.4205843
Levone	44687	7.6017676	45.3205875
Repaix	2961842	6.8302964	48.6130659
Gogney	2961882	6.8747397	48.6144263
Colmey	2957345	5.5619647	49.4655119
Kumi	3498173	33.9219127	1.4565401
Olby	126971	2.8531231	45.7506258
Sarp	2273758	0.5776627	43.0172906
Plouha	399620	-2.9367396	48.6854333
Chazot	387506	6.5394534	47.3333989
Valhey	2961290	6.4958476	48.6855259
Parnes	487287	1.7457642	49.1988575
Boulin	2442495	0.1365947	43.2544239
Lombez	125418	0.9035295	43.4643081
Fligny	2920775	4.2676416	49.8842960
Artaix	910514	3.9954799	46.2479903
Tanlay	946608	4.0822141	47.8484096
Cheppy	2979218	5.0738637	49.2271260
Mergey	416098	4.0260560	48.3939856
Nailly	2946488	3.2114367	48.2184095
Moosch	943895	7.0282228	47.8483341
Illoud	3202817	5.5528359	48.2168247
Lavras	315378	-45.0211389	-21.2636606
Massat	2124298	1.4211420	42.8731767
Miscon	88568	5.5164451	44.6256521
Tambov	1777927	41.4349381	52.7322992
Berlou	163395	2.9488654	43.4998645
Glun	127790	4.8227265	45.0080432
Lumeau	2173917	1.7798930	48.1046120
Huriel	64768	2.4721983	46.3757212
Kerlaz	334200	-4.2668611	48.0907144
Biozat	124931	3.2948653	46.0810684
Oletta	3229691	9.3221344	42.6449895
Staple	102892	2.4487890	50.7517131
Arfons	1462310	2.1806698	43.4195881
Affoux	141821	4.4096904	45.8447520
Linars	85846	0.0738820	45.6559846
Naizin	140218	-2.8528205	47.9945660
Cormes	107635	0.7029307	48.1667787
Torija	345160	-3.0292084	40.7506847
Vernie	107404	0.0152468	48.1817717
Jussac	121802	2.4074575	44.9971134
Marzan	146293	-2.3460964	47.5442700
Isenay	2135857	3.7083847	46.9125714
Cerzat	3064217	3.4707197	45.1586054
Ouides	3058691	3.7361536	44.9039053
Verdes	269617	1.4119512	47.9537084
Prados	315030	-44.0808324	-21.1170662
Mantet	2913805	2.2917977	42.4545226
Esteio	242778	-51.1833021	-29.8508368
Hommes	1315889	0.2797400	47.4251750
Méry-ès-Bois	191446	2.3838821	47.3049206
Blieux	2144836	6.3656516	43.8776084
Osmate	46102	8.6594330	45.7875383
Berson	89466	-0.5685521	45.1187487
Rufiji	1600786	38.6316013	-7.9589419
Qigu	2417093	120.1044663	23.1208222
Paulin	2572810	1.3357389	44.9969026
Vesime	43391	8.2268621	44.6329153
Normal	126777	-88.9852138	40.5269830
Duno	46521	8.7367275	45.9204169
Marnaz	75356	6.5252847	46.0488926
Damvix	75508	-0.7468958	46.3223992
Maulay	140113	0.2277645	46.9666454
Asso	46330	9.2673134	45.8672187
Valero	346100	-5.9605162	40.5365706
Pardos	340814	-1.9306136	40.9447444
Ustica	39708	13.1766669	38.7055419
Preone	179201	12.8790319	46.3672305
Arpino	41430	13.6205818	41.6484157
Corcos	345104	-4.6832421	41.8033972
Videix	117290	0.7208173	45.7785389
Dervio	46797	9.3059754	46.0784714
Ouffet	2377751	5.4752708	50.4449471
Embrun	76329	6.4776280	44.5803087
Rapino	41826	14.1692857	42.1978238
Bullay	1269725	7.1442686	50.0583303
Riol	1255897	6.7951914	49.7887017
Persan	535297	2.2683073	49.1484028
Palzem	1256020	6.3971657	49.5710945
Detzem	1255901	6.8602442	49.8038832
Ault	396664	1.4491345	50.0944993
Arvier	45620	7.1046556	45.6694886
Robion	107280	5.1068590	43.8427484
Bozano	242514	-53.7483288	-28.3587526
Parwan	1674782	68.7524886	35.0031102
Gresse	1451605	10.7490053	53.4318466
Agnetz	419545	2.3822589	49.3943700
Weisel	539915	7.8066744	50.1221688
Dorsel	1060415	6.7941179	50.3874148
Augy	406875	3.5128705	49.3405630
Lufkin	3511468	-94.7266132	31.3162589
Zerain	347163	-2.2877191	43.0095422
Cumpas	5605736	-109.8454429	30.0685541
Playen	5615268	110.5357461	-7.9396546
Semanu	5615283	110.6472482	-8.0372780
Orta	1647152	33.0978065	40.5993547
Sant	7297915	103.9656015	46.0185909
Sant	7302704	105.3556915	49.3513250
Dorgon	7304946	92.8806067	48.3133354
Zvimba	7857100	30.4300915	-17.3431736
Amozoc	3988477	-98.0443494	19.0637658
Iztapa	4469378	-90.6714899	13.9908998
Lubero	5327789	28.7610671	0.0063932
Cao Bằng	7100875	106.2463872	22.6574478
Tula	5606558	-99.8055883	22.9478816
Manyas	1820787	27.9318901	40.0655747
Nurhak	1340568	37.4295186	37.9674382
Hayrat	1236143	40.4084659	40.7723314
Samsat	1825794	38.4742251	37.5745602
Mogpog	3591844	121.8075009	13.5829915
Mwumba	2985867	29.8013320	-2.8217698
Bodrum	1827275	27.4845304	37.0668163
Pero	45212	9.0815468	45.5108742
Relleu	340933	-0.3397680	38.5731034
Huerta	339766	-5.4665276	40.9667755
Haux	2174017	-0.8333155	43.0594986
Orfalu	1131458	16.2756172	46.8842431
Megyer	1078510	17.1814529	47.0649134
Olvera	342092	-5.3297795	36.9534361
Petrůvky	442189	15.8983250	49.1603768
Adorjánháza	1078447	17.2319970	47.2501237
Lysice	441752	16.5450977	49.4500193
Rive	1559332	8.4126030	45.2087308
Le Tanu	610741	-1.3451665	48.8052051
Tipaza	2312615	2.3969363	36.5968982
Nobres	333725	-55.7729575	-14.3873368
Eitorf	173114	7.4452000	50.7651331
Haux	90760	-0.3705355	44.7387516
Sceaux	28069	2.2962989	48.7761017
Tiaret	6545450	1.3351707	35.3468430
Revere	44026	11.1402896	45.0401402
Signes	125420	5.8477447	43.2763895
Pino	3225353	9.3539593	42.9063436
Revere	2362362	-70.9935032	42.4194150
Šarovy	440922	17.5993312	49.1510581
Altura	339540	-0.5837329	39.8086015
Arun	114663	-0.5666855	50.8309378
Ruan	148221	1.9266193	48.1088498
Seui	40045	9.3347357	39.8257353
Juva	2522460	27.8125573	61.8095811
Tumaco	1311753	-78.4576302	2.4222083
Tumaco	1311750	-78.5981724	2.0859590
Antras	128173	0.4468976	43.7302628
Missal	297848	-54.2621437	-25.1085603
Jork	2420743	9.7108211	53.5371407
Pirk	1059468	12.1791057	49.6140975
Lenoir	179912	-81.5367750	35.9030619
Gulran	6554246	61.5783607	35.1354895
Nurgal	6609549	70.7414696	34.6969540
Allons	2145435	6.5909487	43.9788393
Zari	6574512	66.7560804	35.8645013
Keszeg	1373917	19.2331378	47.8424039
Estedt	1285618	11.3600678	52.5823625
Bujaru	185609	-48.0551259	-1.6544626
Halloy	2804567	2.4252651	50.1612621
Rymice	437449	17.5326100	49.3468961
Messel	452396	8.7597370	49.9273131
Orneta	1450414	20.1257490	54.1160360
Würenlos	1684469	8.3631863	47.4490277
Borino	1974007	24.3376329	41.6349385
Rifu	4159311	140.9744316	38.3415719
Larvik	404591	10.0219299	59.0967308
Playen	5615652	110.5582880	-7.9473149
Semanu	5615737	110.6479693	-7.9989796
Ngawis	5615683	110.6673329	-7.9275808
Moreau	3143387	-73.6636141	43.2528159
Pernik	1978290	23.0069629	42.6077662
Teno	406655	27.8913272	70.2823342
Skjervøy	407749	20.6989897	70.1709973
Lenvik	407758	18.0805224	69.4776095
Kiso	4760004	137.6198378	35.9078150
Kiso	4760012	137.7526775	35.9951480
Gordon	6596015	-68.6934078	-46.8512302
Gordon	6596016	-68.6949207	-46.7213874
Niseko	4087840	140.6789312	42.7925965
Takasu	4060428	142.3356880	43.8748680
Kubrat	1931070	26.4692979	43.8194490
Roshal	1644067	39.8655560	55.6606433
Essing	956662	11.8051571	48.9448619
Nuenen	192880	5.5440070	51.4860300
Murici	303817	-35.9386944	-9.2765001
Teti	40272	9.1026237	40.1112948
Neutal	109522	16.4508936	47.5407284
Tiszaörs	1325127	20.8372250	47.5002954
Allons	2680975	-0.0805100	44.1991356
Yanjin	2402045	104.2186270	28.1138792
Oyam	3497114	32.4233859	2.3489344
Rota	3186080	145.2114812	14.1553602
Molise	41435	14.4944295	41.6310669
Bemowo	2531595	20.9100451	52.2447970
Kozaki	2679933	140.4098722	35.8822165
Jankov	442658	14.7559688	49.6270405
Uznach	1683953	8.9858940	47.2250183
Veteli	2213831	23.8830159	63.3979083
Poni	2916229	-3.3016812	10.3085943
Komodo	4633057	119.4357928	-8.5893591
Herveo	1309445	-75.2520837	5.0345769
Rennau	1446639	10.9206099	52.3075722
Moya	342305	-1.3585037	39.9687758
Beatty	170095	-116.7217689	36.9296060
Rorbas	1682197	8.5707569	47.5343787
Ruilhe	4135208	-8.4977398	41.4952641
Norg	1429421	6.4606627	53.0758941
Pernik	1739534	22.8825045	42.6280268
Qüxü County	2745219	90.7530950	29.4223612
Emstek	1109687	8.1714764	52.8574856
Tiaret	1281404	1.5945791	34.8947575
Kurd	1503717	18.3104674	46.4433326
Concow	6331273	-121.5289388	39.7484369
Riaz	1683387	7.0566916	46.6399658
Bexley	182497	-82.9333319	39.9644185
Laussa	955168	14.4998848	47.9378004
Kobenz	38096	14.8374428	47.2532655
Inez	130711	-82.5362107	37.8661325
Loza	439756	13.2949163	49.8997312
Beruri	332513	-61.7348293	-4.5390001
O Corgo	344552	-7.4181657	42.9319994
Maysan	3244382	47.0361668	31.9956835
Osogbo	3718750	4.5750447	7.7583222
Winder	119780	-83.7245692	33.9866400
Werder	1427892	13.3400724	53.7412213
Papudo	113203	-71.3687134	-32.4759461
Tipaza	1286213	2.1683687	36.5272741
Eext	1465023	6.7241378	53.0115446
Fons	2180635	4.1805621	43.9070290
Julita	5426232	124.9620043	10.9844865
Werder	449901	11.9956965	53.5132849
Barros	4167427	-8.4010112	41.7254161
Kaloum	5582367	-13.7086565	9.5145705
Yamnoe	1170155	34.1833924	58.7198541
Jaluit	3825980	169.5829884	6.0490000
Otra	7398989	7.7888176	58.5536908
Nový rybník	7493830	15.9035843	49.6283489
Starý Hospodář	1734962	14.8758169	48.9873947
Nový rybník	1426916	14.0038960	49.6755469
Lozane	7202334	21.6415016	42.9925013
Tüskei-tó	3326253	18.1392884	46.4039572
Motuca	298458	-48.1751875	-21.5195000
Jarinu	298153	-46.7199500	-23.0950000
Nantes	298290	-51.2103177	-22.6030000
Vieren	5202720	6.0661168	60.5136394
Knon	76892	13.6710918	60.2002893
Tansen	6080544	14.9989679	60.4106434
Tansen	6245577	15.4498892	60.6849725
Utla	5824833	8.0002691	61.4480577
Syrsjøen	5241030	10.5375911	63.3139855
Grodno	5737357	19.2149592	52.2973188
Lubicz	3673114	14.4401350	53.1200423
Lins	298486	-49.6713250	-21.6445001
Mastki	5793848	19.8924805	52.2061692
Magovo	6949353	21.0537808	43.2565766
Prados	6371567	-7.3916036	40.5542351
Altura	6430120	-7.5070585	37.1902660
Selmes	6437557	-7.7644962	38.1474647
Sosa	6022303	-8.6402500	40.5507727
Vasilj	6355208	22.1403632	43.5651543
Nový rybník	4334754	15.0327092	50.4732650
Błatnia	5604868	18.9447896	49.7533345
Aspern	5383566	11.7058753	59.1676773
Otra	1083601	7.4063266	59.5013677
Vinhas	5728044	-6.8188392	41.5552922
Jary	2823056	16.8632933	51.2853504
Elämäinen	7321299	24.5557459	63.3325319
Lubicz	4628597	19.9508628	50.9857026
Sicevo	7288397	22.0891691	43.3392483
Halovo	6354871	22.3771511	43.9582714
Freney	123240	6.6152966	45.1822133
Snaten	2376417	16.4545417	61.5431352
Torpsjön	2458433	16.8234638	61.9470706
Lac Marin	303411	-1.4053762	43.7799238
Sumane	7210916	21.7790162	42.8944576
Njukčajávri	7205387	23.0824827	69.5367566
Njukčajávri	7222116	23.7130562	68.9556461
Njukčajávri	7208583	23.6871220	69.4188505
Njukčajávri	7193570	23.1981094	69.0277676
Llanos	4467960	-66.2856617	18.1520093
Barros	4467678	-66.4097775	18.2455724
Llanos	4468269	-67.0988368	17.9930868
Goms	1685348	8.2409950	46.4687737
Masu	3710668	8.7869075	11.1188897
Zodi	3708177	5.4406269	11.5168544
Guya	3698664	11.3246431	13.0605801
Pemuco	1652065	-72.1886723	-36.9648564
Bulnes	1597490	-72.2874934	-36.7957285
Capzol	3728390	-78.9245149	-2.3138188
Rivera	3691737	-78.6829369	-2.5232226
삼선동 (Samseon-dong)	3883191	127.0113142	37.5863988
Foguwa	3721271	12.9998291	13.4235712
Zari	3721500	12.7282923	13.1122397
Pramet	945810	13.5049404	48.1287318
Gronne	7206773	9.9550760	48.3548017
Roxana	5716058	-83.6679356	10.3586219
Harris	7570220	-79.5804796	47.5263366
Mayo	7547233	-75.3136916	45.6786532
Masu	3721409	13.3258691	12.1338650
Tula	2538203	37.6222302	54.1934694
Tambov	4637058	41.4349381	52.7322992
Lungra	5947527	81.1569407	29.2062552
Wamiri	3721475	13.5730677	12.9796040
Samaru	3709584	7.6455614	11.1556910
Asso	3709387	8.1736504	9.3400015
Kwas	3710641	8.8147870	11.4951134
Kisaro	1793063	30.0424087	-1.6395235
Kushma	5804654	83.6850020	28.2365278
Oyam	6667252	87.8868392	27.2550476
Jubu	6713129	86.7199317	27.4161261
Zaza	1717055	30.4249831	-2.1471789
Lac Irénée	1179150	-67.1887915	49.9572273
Pritee	6724793	86.2944484	27.5294080
Ketuke	6702175	86.4802437	27.2444817
Lixi	6838209	112.0681093	25.8766115
Tupche	7719436	85.1482812	27.9622056
Kumari	7728916	85.1355714	27.7852001
Kyamin	6092503	84.2619394	28.0587066
Longdu	5692261	108.4084006	30.7397386
Lung	5868081	82.9103921	28.1833984
Saajuu	6703512	28.3015677	61.6936975
Torpsjön	2783568	15.3395605	58.8713465
Barysh	3166659	25.2721609	49.0290582
Washim	1991132	77.2420018	20.3066091
Jaryłówka	7009886	23.8744380	53.1401447
Shkrel	1248280	19.6139457	42.3341750
Flesze	6860005	22.3855145	53.6450583
Goms	1686703	8.1694409	46.4802471
Fons	1245682	4.3475641	44.5824401
Biodry	7087793	22.4524818	53.3285629
Roxana	126643	-90.0300168	38.8306670
Vire	1656688	-0.7636374	48.9676588
Foix	2172304	1.5805719	42.8371299
Wehr	2787781	7.9063059	47.6273851
Vals	2070754	1.7570233	43.0992838
Stelle	252884	10.1004476	53.3818496
Pitman	170495	-75.1312227	39.7337440
Jankov	442659	15.3892142	49.4161092
Vals	1684202	9.1639078	46.5888747
Sauget	122948	-90.1558526	38.5845020
Tienet	6666585	-1.8347416	35.0382285
Nantes	1658291	-1.5318723	47.1064142
Maurik	273053	5.4087084	51.9582534
Sosa	418997	12.6666157	50.4925206
Gordon	188898	-76.3405056	40.7495884
Orta	6345168	8.2047571	63.3425539
Piperi	547092	24.5262538	37.3027863
Werder	3791333	13.9592659	53.9422887
Rota	5432261	5.0224552	61.6084249
Sid Key	7810865	-80.7883394	25.0248610
Komo	3473347	-178.6272068	-18.6829058
Ko Luam	5746868	100.6502789	12.9573994
Piperi	548234	24.3249027	39.3506786
Tromøy	6176013	8.8663742	58.4720627
Jankov	437828	14.2886193	48.9597085
Ixil	5961498	-89.4766585	21.2294034
Rivera	1627812	-55.1930713	-31.4716049
Ostrówki	7105148	23.3386767	52.9737980
Sikora	6859791	22.5377413	53.6567696
Zejmen	1248933	19.7070384	41.7233433
Oriska	181576	-97.7895728	46.9293495
Jellum	2656125	5.7450563	53.1669298
Mook	2725486	5.8925864	51.7565261
Big Sky	142421	-111.2661896	45.2551109
Chunri	2697234	120.6927343	22.4058613
Mayo	133458	-76.5020233	38.8910516
Cutias	331466	-50.3274660	1.0675000
Razine	3937238	37.3125586	48.3662963
Vals	78252	11.5750571	47.0343618
Wehr	1050579	7.2013606	50.4198145
Teno	544817	-70.9682750	-34.8949822
Thayne	252254	-111.0006896	42.9212115
Ashkum	126698	-87.9542924	40.8771904
Tula	40738	8.9903078	40.7475947
Skorczów	6412649	20.4348267	50.2536448
Ault	112450	-104.7363963	40.5831260
Coburn	189151	-77.4613387	40.8665355
Ostrówik	4432706	21.2429236	51.9432861
Lekkum	162084	5.8318982	53.2239257
Batlow	5998989	148.1635729	-35.5571846
Kairos	6173241	-64.2500867	-31.4826848
Obrero	6930704	-62.9857430	-40.7885064
Vecumi	6881354	27.7747532	57.2106106
Motuca	5349680	-48.1751875	-21.5195000
Barysh	3448559	47.1218315	53.6472139
Guaçulândia	4111096	-54.2046994	-22.4755386
Nantes	5349681	-51.2103177	-22.6030000
Loza	7759493	-2.6751846	42.6355694
Oblu küla	353236	25.0896053	59.0501833
Naurod	4278978	8.3001187	50.1291842
신월1동 (Sinwol1-dong)	3880494	126.8344528	37.5311872
Kose küla	355031	25.1030113	58.6300985
Murici	6179617	-35.9386944	-9.2765001
Azimio	6037141	39.2644138	-6.8741031
Rive	1898785	-41.4547692	-20.7425710
Obrero	4764376	-67.8177089	-38.9714938
Sekule	2203804	16.9869182	48.6079502
Povoda	2206738	17.6349649	47.9685097
Malé Zálužie	2210148	17.9806967	48.4355907
Koshki	3153245	50.4655486	54.2063938
Kose küla	350649	27.4936282	59.3285409
Jarinu	5684903	-46.7199500	-23.0950000
Whiddy	6876626	-9.4975103	51.6926403
Kose küla	350917	26.2068392	58.7674146
Poruba	2187779	18.5693788	48.8435071
Bornes	5728047	-7.0085151	41.4600396
Gribov	2321166	21.7211961	49.3007722
Bujaru	6428356	-48.0076241	-1.6572816
Bemowo	7739205	16.4818987	50.5284020
Guayra	4673977	-65.2855046	-43.2511590
Kurima	2277803	21.4651468	49.2317074
Hatu küla	354488	23.9017986	59.1764861
Beruri	6252140	-61.7348293	-4.5390001
Veneza	6205375	-40.0243230	-8.2632662
Veľké Leváre	2206974	17.0105217	48.5040566
응암2동 (Eungam 2-dong)	3886378	126.9229529	37.5917992
Dzisna	6722318	28.2189017	55.5583454
Dromin	6864399	-9.7319523	52.1227819
Prensa	3904874	-65.2918002	-24.1713619
Prensa	6412414	-65.2918002	-24.1713621
Lukuga	5457506	27.4606061	-11.7103544
Briest	6709952	12.4342009	52.4380124
Ariz	6364372	-7.6665177	40.9157835
Lukuga	5411289	27.4558017	-11.7015441
Ariz	5910273	-8.2196403	41.1097800
Runa	2897160	-9.2112851	39.0679464
Santar	6366075	-7.8892198	40.5696361
Arju küla	354697	22.8733868	58.5232263
Brekov	2322648	21.8399915	48.9033932
Obrero	5245860	-64.2122337	-31.4134241
Pakuwa	5804750	83.7242591	28.2288921
El Tato	3382602	-58.7264123	-34.5446103
Togher	6628595	-6.2416236	53.0790614
Knocks	6894730	-8.9574499	51.6989335
Cutias	5231024	-50.3274660	1.0675000
Curuai	6275222	-55.4119000	-2.2726829
Werder	4438192	13.1444188	52.0133371
Lelu küla	355434	22.6031042	58.8104374
Anny	6981918	-6.9623912	54.1147390
Wachow	1266326	12.7578760	52.5346632
Togher	6628596	-6.5122211	53.0839307
Galmoy	6525347	-7.5722462	52.7959584
Lins	5683151	-49.6771125	-21.6590001
Vodi küla	352714	27.0629371	57.7516998
Mothel	6741392	-7.4358336	52.3062908
Athy	4771821	-6.9821970	52.9924637
Rohini	3509673	77.0956811	28.7397321
Dromin	6974488	-6.4419516	53.8394472
Dromin	6810845	-8.6005785	52.4399597
Ruan	6797901	-9.0018756	52.9217691
Tone	2682896	140.1726684	35.8657259
Holsen	1335625	8.6908757	52.2818258
Izarra	7716362	-2.9049382	42.9535652
Drewer	2970790	8.3715527	51.4952628
Atenor	5718285	-6.4880200	41.4306922
Farson	252155	-109.4104385	42.1658309
Damous	2609923	1.7221257	36.5028566
Weldon	177311	-77.6184209	36.4214765
Maltby	237474	-122.0933858	47.8096165
Gordon	5643601	151.1511715	-33.7573935
Shiner	114721	-97.1750067	29.4349530
Parras	5606138	-102.3839714	25.5919460
Pymble	5644408	151.1410393	-33.7454438
Thenay	1030144	1.4351303	46.5972763
Kozaki	7247263	22.3568276	54.2716021
Maynas	1994082	-73.9582268	-2.3748429
Herwen	2723756	6.1155830	51.8787174
Rohtak	1942937	76.5489879	28.8948618
Kijewo	2872004	14.6975944	53.3796399
Altura	137569	-91.9446229	44.0645230
Żurobice	6788619	22.9086996	52.5289078
Syczów	7081836	23.7625406	51.0126479
Joseph	186674	-117.2279367	45.3503610
Bexley	5696589	151.1181274	-33.9525694
Nova Araçá	242615	-51.7312569	-28.6450256
Sroczków	6495485	21.0669832	50.4209872
Campus	125886	-88.3071878	41.0255102
Bobryk	7372010	29.0720612	50.3744780
Phulek	6669689	87.4140234	27.1115860
Lolo	142571	-114.0975691	46.7751740
Mullan	121464	-115.7987379	47.4698563
Geluwe	1274078	3.0689009	50.8269390
Duliby	3166933	25.4270995	48.9291214
Kijewo	3990112	17.2836384	52.2059881
Jannum	2648705	5.9050783	53.3125198
Werder	78782	11.6460243	52.1264981
Lowden	128604	-90.9255825	41.8589906
Slavne	3933999	37.5635469	47.8352091
Bister	1685277	8.0798681	46.3492785
Weldon	129172	-93.7353202	40.8964350
Bukowa	6523012	21.4119069	50.5671244
Brosen	5945771	8.9596943	52.0957778
Kozaki	1634463	56.6987707	56.7220652
Pringi	2680503	24.8031796	59.5303602
Popeli	4491597	23.3905057	49.3084636
Tula	253709	-170.5497037	-14.2249220
Taor	6953076	21.6274789	41.8999133
Ruljak	6785949	22.3323852	41.8045260
Dihovo	6498822	21.2668061	41.0353895
Stenje	6485692	20.8903529	40.9441818
Barovo	6949729	21.3367795	41.9503624
Borino	6441030	21.2848943	41.4372434
Podino	6888547	21.3593486	41.2259735
Barovo	6826232	22.1400217	41.3378637
Darlow	6002784	147.9781420	-35.3406625
Duliby	3988247	23.8159638	49.2313851
Zeni	2645850	41.7232861	42.5216703
Zeni	2650769	41.8755787	42.6101276
Zeni	2645851	41.8224197	42.5642680
Penino	2554989	37.3653399	55.5415110
Repnoe	6597373	36.5277970	50.5367501
Fox Bay	6535964	-60.0912484	-51.9515514
Rivnia	3656160	24.2215914	48.9214779
Santar	5636308	-8.4241003	41.8195707
Gordon	183348	-84.5090498	39.9292400
Devers	6605101	-94.5854695	30.0262805
Wesepe	533779	6.2035324	52.3329414
Slavne	2684779	38.3193681	48.2195668
Martil	2464645	-5.2995294	35.6215223
Uintah	198714	-111.9295274	41.1427685
Revere	137533	-95.3605875	44.2211440
Mayo	1217202	-83.1765806	30.0509575
Lyle	137795	-92.9395964	43.5064504
Polk	188978	-79.9319858	41.3670750
Yeoman	127556	-86.7235927	40.6685339
Bukowa	6176597	20.2053967	50.8580737
Gordon	169245	-102.2030578	42.8074675
Vaughn	142379	-111.5600302	47.5540055
Bukowa	5427520	22.5585304	50.5836479
Uchańka	7094922	23.8528891	51.0847456
Weldon	124773	-88.7499132	40.1228035
Vitrac	2927713	2.3153491	44.8072190
Luta	3832055	20.5848432	51.0620364
Furman	194090	-81.1876532	32.6810580
Bowdon	119747	-85.2558915	33.5377675
Pewamo	134700	-84.8472577	43.0019869
Vals	1529960	11.6200644	46.8696556
Nimrod	137663	-94.8804597	46.6381064
Augy	2353939	3.6206184	47.7714486
Puhi	119136	-159.3999931	21.9698550
Smólsko Małe	3853761	22.7783160	50.4901491
Mayo	194710	-81.8521863	35.0845075
Vinkel	161306	5.4589432	51.7079699
Waubay	195083	-97.3068664	45.3357045
Vinkel	2725273	5.4915054	51.7045394
Mizpah	137071	-94.2163620	47.9184174
Ziepel	3724554	11.8755902	52.1481614
Jawidz	7616527	22.7096328	51.3627686
Hobson	142401	-109.8724566	46.9998294
Lyle	238226	-121.2510760	45.6878679
Polk	182559	-82.2146796	40.9449516
Poruba	2225998	18.5693788	48.8435071
Common	5638475	-8.4294790	54.7431774
Togher	4748681	-7.2636951	53.9040949
Toneen	2301030	-7.4723373	53.7521432
Growee	6059065	150.0886778	-32.6458930
Kelvin	6063607	150.4019116	-30.8317464
Cummer	3629598	-9.4049892	53.8682044
Cummer	6137274	-8.9041249	53.4592891
Common	4119862	-8.8958246	53.4947458
Lurgan	2393037	-7.6135739	53.6219311
Closes	5478280	-8.4859340	51.9120476
Dromin	5396541	-6.4361802	53.8457686
Corr	4194143	-7.5626902	53.5100025
Lurgan	4193959	-7.8545468	53.5080777
Brekov	2322529	21.8399915	48.9033932
Drumbo	5674527	-6.7235048	53.9242745
Mothel	5645399	-7.4159439	52.2968002
Lurgan	3203857	-8.4714439	54.0521644
Meanus	6345491	-9.6948652	52.1748126
Lurgan	4640106	-8.0979362	54.0799031
Drough	6187307	-8.3244462	52.2727967
Tylagh	6335970	-9.5818885	52.2941121
Knocks	5446727	-7.7263205	54.0805455
Derrew	5582693	-8.2399018	53.1425174
Lurgan	4443126	-8.1199847	54.2638346
Sotema	1875613	-40.3663385	-20.3248480
Lyle	3640069	-8.4590884	54.3772644
Lurgan	5746196	-8.8851506	53.8513664
Dromin	5479477	-8.6870482	52.2970065
Trasna	3572744	-7.4522168	54.3454644
Ardlow	4741352	-7.0364212	53.8602892
Bexley	2726735	172.7185041	-43.5159453
Ferney	3569925	-7.5972418	54.4123064
Malé Zálužie	2210085	17.9806967	48.4355907
Cunlin	5634307	-8.4450815	54.6601280
Azimio	6518281	39.2324050	-6.8122898
Sekule	2203787	16.9869182	48.6079502
Ault	4260199	-5.9440922	54.9319007
Finnoo	6154187	-9.1692837	52.5610120
Dromin	6294724	-9.7429244	52.1127931
Togher	4193743	-7.2394277	53.3391559
Mullan	5368638	-6.9214188	54.3644582
Griggy	5370976	-6.9541821	54.2813606
Derrew	5634193	-8.2999377	53.1962147
Lavras	2541648	-46.4354459	-23.4063475
Obrero	105079	121.0298424	14.6283241
Rivera	1693457	121.0219343	14.6055369
Knocks	5998456	-8.9370728	51.6843484
Irby	5335046	-7.8142316	52.9480249
Derrew	6153001	-9.3229533	53.7857180
Common	5634726	-6.7983696	53.1901883
Dromin	6167864	-8.6289649	51.9275668
Dromin	5586446	-8.2858225	52.8172506
Esborn	6874565	7.3266793	51.3771098
Formil	3496767	-7.7467314	54.5630481
Togher	4136863	-7.3412229	53.7702711
Meanus	6044003	-8.6115827	52.5160136
Rossaa	3636554	-7.8439919	54.2776704
Elly	5386724	-7.5894552	55.1301245
Droles	2634112	-7.5226393	54.2775704
Corr	3669993	-7.4240864	53.8862621
Cummer	5609400	-8.0980574	52.7268292
Lurgan	4645594	-7.1384282	53.8542743
Cummer	4760300	-8.7233475	53.8343243
Common	5634727	-6.7521517	53.1187007
Finure	5119110	-8.2114389	51.7989224
Togher	4169069	-6.5133735	53.0795042
Knocks	3628700	-6.5017750	52.2239436
Knocks	4521261	-6.5593316	53.5099269
Mayo	5714973	-7.0212100	54.0672400
Ferney	4580661	-7.5783780	54.4972473
Lurgan	3904867	-7.8747855	54.3069017
Lurgan	5251916	-8.7441761	53.0767173
Mayo	5462813	-7.8534764	54.0537041
Raiz	6554023	-59.9968913	-3.1267353
Skidoo	5430550	-6.2675257	53.4954973
Trüstedt	5289202	11.5121311	52.5538685
Common	4168320	-7.6929812	54.6962805
Doorat	5307047	-7.2231389	54.8122337
Cummer	2514733	-6.4220516	52.7373261
Lurgan	5638773	-8.1593931	54.5486965
Dromin	6281821	-9.4733171	52.4606097
Meanus	6333565	-9.4981529	52.2374648
Kilcow	6333708	-9.5034137	52.2186794
Meanus	5847992	-8.4432451	53.2311155
Common	6054279	-8.8186254	52.4715217
Atrone	6612125	15.1201970	12.0956821
Jankov	436006	14.7162587	49.6506453
Dromin	6269992	-9.6614545	52.5159858
Drumbo	3569077	-7.6723466	54.4526089
Kilkey	2246455	-6.8200717	52.7419087
Parwan	2455463	144.4694792	-37.7356769
Yambuk	3169695	142.0589631	-38.2979050
Ruan	5514770	-8.5050899	52.6992518
Corr	4184299	-7.8177537	53.4626849
Warral	6063869	150.8593711	-31.1493768
Corr	6128636	-7.8165927	53.4585256
Corr	5467477	-6.6664656	54.5177698
Mullan	3843586	-7.9285090	54.3176196
Goolwa	7234718	138.7684893	-35.4887166
Drumbo	4750492	-5.9585400	54.5137314
Elliot	5601353	152.3261837	-25.0056477
Matt	5422722	-6.2196423	53.5925898
Cummer	4500140	-7.6186266	53.0489007
Togher	4123622	-7.8105163	53.3325234
Togher	5264664	-6.2968282	53.8336970
Elly	5946365	-10.0924614	54.1534310
Common	4090354	-8.8563968	53.4155862
Drumbo	5391797	-7.3349458	54.0175903
Gribov	2321127	21.7211961	49.3007722
Lurgan	3518928	-7.4127642	54.3166950
Kurima	2277699	21.4651468	49.2317074
Moorak	3801044	140.6863440	-37.8677606
Lomond	4846557	-6.9700943	55.0728811
Lurgan	4174032	-8.4080957	54.1813380
Ostrówki	6880833	19.4357425	53.4111246
Hawnby	7811552	-1.1732220	54.3275130
Lurgan	4693873	-8.3606229	53.8819941
Mayo	4641095	-7.0903027	52.8365356
Drumbo	5357528	-7.5291080	54.0396690
Lung	4621437	-8.5607244	53.8917710
Koller	2667837	-52.2879937	-27.6461832
Lurgan	4194354	-7.5909938	53.5003694
Palzem	6656749	6.3842464	49.5733185
Wehr	6656719	6.3802836	49.5898628
Toneen	2385540	-7.7823950	53.6591265
Knocks	4632064	-7.4495009	53.0521566
Togher	4634373	-7.3169311	53.0122632
Laghty	5586386	-7.9878595	54.2901199
Poling	2959832	-0.5139394	50.8370068
Jisp	1373143	4.8550344	52.5113853
Dromin	5804893	-9.0320778	52.4486240
Eton	3871076	-0.6143392	51.4948654
Wasing	3956328	-1.1726164	51.3743940
Staple	2595964	1.2534266	51.2693955
Derrew	6153807	-9.3052926	53.7218269
Rope	367967	-2.4625058	53.0712945
Ridley	1414820	-2.6678330	53.0829700
Lurgan	5737720	-8.6952275	53.7672337
Togher	5744618	-8.7536450	53.7847280
Formil	5681027	-6.8810789	54.0607586
Common	5579323	-7.6107136	54.8886864
Lurgan	4122896	-7.7024167	53.3738533
Epwell	4200922	-1.4796589	52.0671347
Cummer	5357405	-9.4968107	53.5781393
Komora	433666	17.4736004	50.1690700
Milíčeves	431845	15.3977364	50.3791829
Tarsna	5480489	-7.6115094	52.5707294
Dromin	6163024	-8.8013966	52.2013897
Křivá Voda	423401	16.8764296	50.0750513
Drmaly	425183	13.4526544	50.5250045
Hudcov	423319	13.7829583	50.6328541
Sylvárov	431537	15.8165184	50.4083100
Urcher	5687449	-6.9695474	54.1671746
Loders	5716025	-2.7039331	50.7423459
Anny	5683835	-6.9796648	54.1068123
Mullan	5658863	-6.8979391	54.1520950
Mullan	5732445	-6.9760525	54.0200799
Urcher	5700870	-6.9917934	53.9106522
Togher	5472501	-7.0123620	53.8857921
Boyher	5649657	-7.0223174	54.1145845
Drumbo	5739017	-7.2396470	54.0803792
Poruba	430848	18.1679801	49.8223212
Togher	5438159	-7.7021941	52.8251306
Catton	6614531	-1.6781593	52.7362513
Iver	3686718	-0.5135769	51.5260506
Lurgan	4853715	-8.1973828	53.8262738
Lurgan	4011755	-8.8198500	53.6030653
Togher	5339371	-8.1976807	53.3727844
Common	5642041	-7.5395366	52.3391698
Vysoká Libeň	426907	14.6492590	50.3441442
Lurgan	3395300	-9.5203483	53.4631113
Skadow	1626125	14.3634248	51.8115442
Buting	1780141	121.0675078	14.5550911
Dromin	6320435	-9.5899991	52.0766047
I Passi	7610835	10.3991322	43.7374121
Togher	6114862	-9.1736866	53.6987329
Wehren	5964131	8.9931521	51.9117052
Veľké Leváre	2206943	17.0105217	48.5040566
Veneza	5543334	-42.5181748	-19.4756101
Timpan	4276027	-6.1292900	55.1047272
Obrero	6418423	-62.2643675	-38.7759480
Togher	4501843	-6.1032497	52.8929059
Togher	6141150	-9.1963522	51.9224532
Loza	424305	13.2949163	49.8997312
Wareya	5576854	-13.6071982	9.6426368
Petrůvky	435546	15.8983250	49.1603768
Lysice	431753	16.5450977	49.4500193
Formil	5669167	-6.7392665	54.0907429
Formil	5649788	-6.6846897	54.1482552
Bolney	2870121	-0.2096893	50.9930202
Exning	4458939	0.3763579	52.2720848
Šarovy	428392	17.5993312	49.1510581
Rymice	426172	17.5326100	49.3468961
Pohora	433730	16.2750100	49.7650621
Veneza	4823159	-52.4142607	-26.8736149
Lowick	6584126	-0.5714064	52.4193545
Common	2029668	-6.6937337	53.3029717
Catton	572558	-0.8957096	53.9649257
Knocks	3758254	-8.9037176	54.0078939
Pero	6589616	9.0852720	45.5072519
Mullan	2925103	-7.7047088	54.2136009
Dornau	7424276	9.1836575	49.8985608
Common	4042889	-8.4956660	53.5932569
Meanus	6271445	-9.7269533	52.0896702
Veneza	6888642	-45.9106478	-22.2880512
Knocks	5994856	-9.0127542	51.6529377
Knocks	5994862	-9.0007779	51.6538635
Formil	2917614	-7.4991359	54.1460608
Corr	5552763	-8.2064259	53.1350736
Lurgan	6197935	-8.4058971	53.4235503
Lurgan	5762920	-8.8552044	53.7185572
Togher	5991078	-9.1554351	51.7639319
Lurgan	5340122	-6.3307587	54.4621817
Lehery	2459428	-7.9521810	53.6498098
Cronin	5417873	-8.2156695	53.4812301
Common	3642501	-6.5463147	52.2471931
Common	4581636	-6.4481888	52.2582891
Lurgan	5816205	-8.6376396	53.1958129
Corr	5329266	-7.4942790	53.9601712
Formil	4868289	-6.8061261	54.9454633
Mullan	4805226	-6.5818330	54.9778963
Tarsan	5342592	-6.4271567	54.4526455
Bovedy	4796138	-6.6078263	54.9468841
Quiajo	3646516	122.9195613	11.4646687
Meanus	6343144	-9.5516841	52.1939110
Anny	5677868	-6.6648382	54.0465095
Gorran	4800774	-6.6965866	55.0222036
Mullan	4801007	-6.6826554	55.0396591
Dirraw	4285833	-6.5163563	55.0027223
Formil	4555838	-7.0330184	54.6837928
Knocks	2630241	-7.3786982	54.2702194
Gordon	3117846	144.1425244	-37.5328100
Beatty	6487427	139.4421515	-34.0203340
Urcher	5240491	-6.5891891	54.0818276
Mayo	4678847	-6.2264472	54.1686050
Knocks	2089723	-7.2981426	54.2049900
Mullan	5214343	-6.8243173	54.3121326
Buttai	6058942	151.5624160	-32.8305635
Nerong	6059181	152.1785751	-32.5270247
Olza	3856209	18.3426265	49.9565192
Viborg	195018	-97.0792245	43.1710510
Birney	142411	-106.4955965	45.4145114
Nowa Biała	4572388	20.1275578	49.4379093
Harris	136600	-92.9912105	45.6006000
Pavo	119726	-83.7378711	30.9597185
Rincon	119536	-81.2330388	32.2942145
Rydzów	6987048	21.3730195	50.2470994
Joseph	198995	-112.2188039	38.6233810
Mniszków	4359442	20.0348466	51.3723383
Rincon	171520	-107.0771307	32.6723950
Recuay	1953191	-77.4144415	-9.9490544
Sokola	5581991	22.0291251	51.7686670
Gordon	119493	-83.3348101	32.8857805
Vitrac	1842537	1.2248094	44.8448993
Rota	346651	-6.3592737	36.6722914
Rivera	1342115	-75.1878773	2.7743535
Bukowa	6880858	21.4220513	49.8409479
Oyigbo	3720764	7.3000317	4.8480379
Sceaux	946584	4.0218448	47.5147285
Bukowa	6436440	17.1524438	54.5989661
Vaughn	171245	-105.2107989	34.6080385
Noonan	181614	-103.0096470	48.8883065
Ossa	3887644	20.4848288	51.5093307
Eton	119709	-84.7655904	34.8248495
Tröglitz	2405016	12.1869810	51.0545972
Gordon	6836731	149.0837335	-35.4563893
Gassol	3720855	10.4650955	8.3828234
Forsan	6587590	-101.3660895	32.1106440
Bowdon	181400	-99.7088349	47.4685414
San Jon	171224	-103.3245786	35.1150154
Wybrzeże	6829831	22.3952610	49.8060314
Bokkos	3720614	8.8948024	9.2285352
Le Grez	108664	-0.1563956	48.1902596
Harris	141022	-93.3502182	40.3052590
Zirara	2813780	-5.7593633	34.2165380
Rdzawa	6063302	20.3455175	49.8196350
Luta	7820063	23.4947375	51.4624124
Gron	945543	3.2644647	48.1556113
Harris	128441	-95.4371054	43.4434120
Wehren	4136955	9.2957363	51.1699327
Kerkom	4097576	4.8643358	50.8569966
Antras	2099688	0.8919525	42.8691707
Vitrac	122966	2.8980258	45.9779311
Fons	122745	1.9528344	44.6578469
Ossa	4459440	20.2592143	51.2723347
Sokola	5721676	16.1414544	50.9823122
Kozaki	7082072	22.9547680	50.4324484
Werder	5679208	9.0504092	52.9809582
Obrero	3652620	-57.6414579	-25.3032178
Mniszków	2936227	15.9477952	50.8560731
Revere	141779	-91.6757305	40.4947374
Obrero	4836879	-55.9208022	-27.3564911
Podino	4859910	21.3457014	41.2179279
Bordum	5663037	8.0736882	53.5105016
Nerong	5761183	152.2137880	-32.5093891
Nový rybník	4267141	13.9518756	50.6996894
Kotlje	3799823	14.9855653	46.5177006
Sausal	7045805	-65.1930955	-18.6223331
Zola	4652147	-1.5868636	47.2128580
Sohl	1649523	8.5558316	49.0624481
Obrero	7565323	-54.4587958	-26.9628226
Werder	5887522	11.6530772	52.1315191
Nový rybník	1744651	18.0748112	49.6976956
Pocisk	6663365	21.1527955	52.2485044
Nový rybník	2906819	14.0237968	49.4331663
Obrero	6683550	-68.2341141	-38.9386558
Drewer	6982366	8.3713418	51.5011629
Kocoon	3749565	77.0027314	28.5087778
Prados	6015600	-8.4873443	42.0286581
Sohlen	5932374	11.6395385	52.0388878
Trogal	5764955	-8.3637855	42.0280927
Skogli	5863310	6.6634973	58.1057724
Eitorf	3838069	7.4879555	50.7544548
Linero	4055464	13.2395164	55.6977351
Komora	3257561	19.8650062	50.1375575
Komora	3291390	19.9738501	50.1429096
Rato	6304090	-8.4707447	41.4151003
Kijewo	3524149	15.1382973	52.2284769
Augwil	2398807	8.5971105	47.4751561
Cusano	6551930	9.1794756	45.5513105
Rivera	3464510	-63.2426886	-37.1551357
Sinjil	7435927	35.2648893	32.0359190
Bulnes	7328763	-64.6772739	-33.5044817
Rivera	4162486	-55.5620911	-30.8981846
Gron	113570	2.7304404	47.1177034
Wangmo	7105568	105.6179360	33.8908954
Megyer	3232087	19.0923444	47.5842351
Suma	5961545	-89.1605186	21.1085459
Stelle	2271574	8.6845936	52.7978015
Polk	169507	-97.7834559	41.0743049
Moya	340780	-15.5910380	28.0826992
Thenay	281720	1.3008187	47.3938656
Wólka Łamana	6900260	22.5229078	50.3450667
Halloy	1231415	1.9380318	49.6497046
Punata	4503309	-65.8496605	-17.5926819
Lentua	302414	29.4543553	64.2503349
Nowaki	4004471	17.2719848	50.5311537
Ixil	6431690	-89.4808673	21.1535136
Moya	1933613	-75.1373164	-12.4564551
Stemke	7181998	7.2940410	51.5136097
Oyotún	1969748	-79.2509739	-6.7789665
Fitero	342281	-1.8643173	42.0372121
Margos	1954542	-76.5445443	-10.0498566
Recuay	1953328	-77.4554009	-9.7135981
Stapel	4718253	11.6345422	52.8080221
Binnum	6703268	140.8617146	-36.7790271
Olza	345305	-1.7773431	42.8251388
Hermon	175973	-75.2315021	44.4681289
Socota	1901161	-78.7178367	-6.2875084
Totoriškių ež.	2920949	24.9263432	54.6410376
Donnay	169033	-0.4158157	48.9464225
Alovės ež.	7128907	24.1777071	54.3371457
Pion	1901144	-78.4823561	-6.1715430
Divino	315435	-42.1342478	-20.5795000
Leitza	342942	-1.8990094	43.1081613
Wu Lake	1179703	114.5014241	30.8056250
