Verona	44830	10.9815027	45.4456576
Rennes	54517	-1.6813594	48.1159997
Shanxi	913105	112.4576871	37.6654554
Vannes	192306	-2.7555088	47.6577120
Ercuis	901576	2.3053302	49.2373232
Cuincy	56239	3.0375892	50.3746422
Doazon	1016588	-0.5527781	43.4551441
Tveria	1387273	35.5209523	32.7829507
Dimont	55121	4.0277949	50.1870274
Auxais	416062	-1.3051048	49.2152234
Merten	1161610	6.6613981	49.2446817
Targon	1547688	-0.2734680	44.7375621
Etting	90794	7.1891528	49.0259955
Semens	88635	-0.2346835	44.6136658
Banvou	1244735	-0.5536579	48.6656817
Flirey	2963099	5.8503034	48.8861069
Xammes	113113	5.8523738	48.9762519
Bougey	1249412	5.8633578	47.7838824
Cugney	610897	5.7188283	47.3663612
Oigney	1243611	5.8503776	47.7557003
Bornay	1335684	5.5551329	46.6126627
Maysel	1359317	2.3697583	49.2529550
Ha'apai	3772678	-174.6229920	-20.0587404
Toyama	3793529	137.3048677	36.7636299
Rutana	1695020	30.0929591	-3.8649002
Couiza	78135	2.2436007	42.9328736
Manzat	124920	2.9381125	45.9435006
Cesson	80135	2.5991448	48.5694782
Lizine	1314085	5.9923572	47.0533774
Marboz	139007	5.2469330	46.3453837
Kerfot	399661	-3.0314617	48.7354550
Moustéru	387143	-3.2301545	48.5283712
Thilay	153922	4.8076336	49.9030524
Anjeux	161193	6.2105263	47.8812679
Corent	125606	3.1940728	45.6600269
Avioth	2971589	5.3880825	49.5672758
Jametz	2964604	5.3921222	49.4251006
Baulny	2979076	5.0189997	49.2660887
Vanlay	2677835	4.0050092	48.0171882
Davrey	2678303	3.9555211	48.0454176
Miglos	1843542	1.5992654	42.7805044
Contre	2465240	2.0913032	49.7486909
Luzech	124603	1.2822721	44.4827304
Ondres	75978	-1.4504107	43.5623599
Doazit	117269	-0.6439338	43.6938050
Duingt	102587	6.1907677	45.8190410
Bessey	2348036	4.6971281	45.3899380
Presle	115127	6.1713124	45.4385582
Ligron	107555	-0.0159113	47.7700613
Sonico	46885	10.4106825	46.1415952
Pornic	93873	-2.1035722	47.1299284
Perles	74145	3.6517349	49.3265495
Barrou	1580895	0.7810326	46.8813284
Gigors	1761193	6.1404213	44.4242884
Rodero	46238	8.9191911	45.8244878
Maroth	533588	7.6736778	50.5644833
Rubite	346790	-3.3435012	36.7802404
Puységur	132371	0.5913276	43.7750983
Sarcos	125292	0.6819133	43.3728342
Mesero	45164	8.8507435	45.4940008
Ejulve	348153	-0.5521455	40.7580957
Norman	185049	-97.3621351	35.2469300
Utelle	362716	7.2547998	43.9392391
Urgell	2818895	1.0974764	41.6639250
Beroun	442333	14.0731735	49.9684804
Liniez	2140649	1.7607651	47.0138405
Libros	342211	-1.2037885	40.1479782
Liveri	40862	14.5642910	40.8990460
Chubut	153548	-68.3066622	-43.9961335
Letino	41304	14.2921551	41.4510383
Brivio	45937	9.4450351	45.7552809
Ascros	1559368	7.0232357	43.9169882
Roffey	3067815	3.9117984	47.9100192
Pulgar	343342	-4.1448696	39.6709922
Pareto	43202	8.3811194	44.5111372
Orsago	46479	12.4440650	45.9191276
Moncey	1335783	6.1364820	47.3614925
Tropea	39696	15.8868526	38.6712700
Verona	44107	10.9857496	45.4424977
Yamato	2689424	139.4542358	35.4715969
Duiven	418389	6.0230324	51.9470217
Arzano	40875	14.2657445	40.9122584
Bassum	1461189	8.7236432	52.8652034
Gemzse	1452609	22.1968775	48.1449874
Napkor	1447611	21.8725872	47.9334144
Elstra	1307660	14.1291864	51.2125892
Kargow	1424302	12.7878828	53.4711283
Etgert	1258429	7.0215409	49.7822034
Brives	1999176	1.9218699	46.8562250
Krembz	1444917	11.0353294	53.6444469
Trairi	302541	-39.3736429	-3.3750001
Laerru	40787	8.8405290	40.8112283
Lourde	1456655	0.6578994	42.9846126
Selent	289960	10.4226506	54.2869624
Wellin	2448802	5.1113874	50.0691922
Donori	39934	9.1361915	39.4412388
Tsahir	7302535	98.6948005	47.9495565
Tlaxco	6000192	-98.1707585	19.6205853
Mutasa	5555252	32.6764123	-18.5871211
Flores	2614837	-89.5236886	17.1643495
Soloma	377274	-91.4001610	15.7035153
Centro	5961458	-92.7747843	18.0271662
Tlaxco	6037847	-98.0458947	20.4025155
Arizpe	5605532	-110.0788426	30.4382329
El Tule	5605774	-106.2876223	27.0164440
Pertek	1829328	39.2893687	38.9033917
Ga West	1991856	-0.3942170	5.6956909
Uiwang	2409184	126.9893456	37.3584027
Sumbas	1248434	36.0436180	37.5578760
Sedayu	5615325	110.2600906	-7.8252293
Dokkum	2642510	5.9975969	53.3223967
Karenz	1451526	11.3518965	53.2393279
Iznate	340749	-4.1935415	36.7832803
Bonito	41086	14.9923313	41.0929569
Chivor	1315419	-73.3543529	4.8600951
Lorsch	537052	8.5579138	49.6432599
Rimpar	182318	9.9561237	49.8632124
Rimpar	183792	9.9561237	49.8632124
Selpin	393336	12.4963068	53.9850605
Renens	1685116	6.5886338	46.5347332
Dornes	157304	3.3386829	46.7195110
Nogent	3072109	5.3579166	48.0420562
Görkwitz	2179165	11.7801877	50.5869764
Holzgünz	958244	10.2485020	48.0231089
Ordino	2804758	1.5298387	42.6009549
Coppet	1684917	6.1920229	46.3207492
Pchery	440976	14.1206220	50.1909473
Seguin	113376	-97.9760877	29.5974714
Neuler	915449	10.0705162	48.9370776
Ágasegyháza	1130325	19.4739747	46.8304723
Marktl	942037	12.8323152	48.2476534
Kőröstetétlen	1315884	20.0215212	47.1022069
Neetze	1387448	10.6436307	53.2740082
Beuron	2805752	9.0090686	48.0688643
Beuron	4452985	8.9651283	48.0457316
Sakuho	3628855	138.3952225	36.1132145
Marxen	307326	10.0026732	53.3081231
Arzano	74059	-3.4546564	47.8946496
Kinsau	933905	10.9055404	47.8789863
Gerzen	191734	12.3958563	48.4970004
Buckow	1332899	14.0587728	52.5630169
Sayyad	6581086	65.6912532	36.1456424
Virgen	1019869	12.4305391	46.9994815
Pepino	348188	-4.7965824	40.0160063
Udvari	1503220	18.5322066	46.5963057
Stepan	4559317	26.2898042	51.1286117
Drawno	2648438	15.7571177	53.2178827
Bodony	1401776	20.0126440	47.9495206
Rialto	42944	8.2549803	44.2267104
Dospat	1974011	24.1918851	41.6274810
Kihoku	4048167	132.7649621	33.2944960
Sanuki	4051238	134.2221815	34.2817774
Kumano	4538610	136.1929646	33.8451979
Shinjo	4120422	140.3452130	38.8000140
Toyama	4807827	137.1742896	36.6413054
Furano	4064385	142.4818765	43.2789765
Narvik	408166	17.6577421	68.2879284
Yamato	3969459	129.2635881	28.4357780
Minowa	4760003	137.9841560	35.9200415
Shinjo	3934734	133.5645088	35.2017150
Kumano	4089181	132.5813950	34.3428775
Yamato	3994448	131.0342494	32.6849689
Pordim	1922479	24.8530754	43.3803645
Atsuma	4082950	141.8692525	42.6273610
Samuil	1931093	26.7398129	43.5585630
Kihoku	4538585	136.3884542	34.1107449
Vizela	3924925	-8.2918961	41.3734031
Lamont	3987159	-118.9142433	35.2597222
Nassau	540068	7.8047322	50.3171958
Theres	387769	10.4285032	50.0324313
Holany	440179	14.4904179	50.6234264
Howell	135113	-83.9371648	42.6067205
Rialto	6581672	-117.3791045	34.1037135
Hinwil	1682138	8.8511240	47.3028156
Goyave	271020	-61.6129303	16.1232158
Buckow	162573	13.4270744	52.4189733
Lemgow	1821903	11.3351216	52.9141786
Maruim	303879	-37.1060861	-10.7198253
Mosman	5652143	151.2476186	-33.8285354
Gourma	2914765	0.5472077	12.2278266
Vinita	184152	-95.1624398	36.6282770
Gulpen	2721279	5.8862113	50.8031315
Loburg	3728129	12.0914833	52.1144816
Sharon	187217	-80.4997566	41.2356829
Messen	1683550	7.4504366	47.0975890
Weisen	1289789	11.7849461	53.0378808
Kibuku	3498127	33.8056152	1.0573753
Walluf	941754	8.1534236	50.0475671
Martin	195145	-101.7343211	43.1732887
Japons	452315	15.5610725	48.7971878
Lavaur	144410	1.7994792	43.6914545
Jaipur	1950062	75.7476063	27.1560862
Flores	2221479	-58.4623479	-34.6350025
Bourne	2387625	-70.5826275	41.7366025
Wishek	181664	-99.5606336	46.2562595
Hollis	330700	-71.5825617	42.7569940
Sharon	1948164	-71.1864891	42.1118050
Paphos	3263729	32.4982122	34.9169592
Talove	4722129	39.6698006	48.3114349
Sparta	251429	-90.8147178	43.9371596
Verona	187492	-79.8410936	40.5038600
Gotelp	7624976	18.0067558	53.8551054
Nanuet	175797	-74.0155117	41.1004345
Laryne	3936256	37.9334875	47.8889833
Budkov	442605	15.6717071	49.0522903
Kurjan	1251475	19.7519767	40.7023880
Centro	356761	-3.7079412	40.4175520
Dompol	3814929	110.5078425	-7.6392268
Kanton	3830768	-171.6711445	-2.8155001
Hamrun	7510547	14.4892109	35.8866674
Kyrtjønn	7172962	7.9858177	58.1829622
Kurawa	3707518	6.2320918	13.4486680
Seguin	7551172	-79.8528794	45.3211336
Vittsjön	2382958	13.6668845	56.3479952
Gropen	7163076	18.5434562	59.2363888
Patero	7285005	29.1776830	61.4765099
Vesamo	7258196	28.9949170	61.3741796
De Vest	3301964	5.0808626	51.2674842
Stubal	6967617	21.3004541	43.2738268
Stubla	7247851	21.8116412	43.0580314
Brotas	298359	-48.1028428	-22.2946984
Susana	7212514	-61.5157928	-31.3557889
Stubal	6660961	22.0229259	42.6364470
Usevce	6657820	21.8811720	42.6756926
Piraju	298248	-49.3503929	-23.1940000
Gropen	7106125	16.4519871	60.3773242
Wygoda	5783498	19.9446440	52.0655982
Bonito	362312	-41.3295000	-11.9690000
Stubal	6965555	21.0707070	43.4406874
Mondon	1491810	6.3111496	47.4473398
Gostei	5803677	-6.8173260	41.7859325
Glozje	6649322	22.4054107	42.5070358
Brotas	6439707	-8.1205501	38.8583562
Konuma	7814438	142.8101943	43.6862065
Smykówko	6836018	19.8754156	53.6164209
Wygoda	6835979	19.9333032	53.5242891
Morais	5728034	-6.7900981	41.4950305
Pyhännänjärvi	91275	26.3169349	64.1079899
Staw Żabi	3139655	18.2641562	50.0976548
Centro	7811969	-75.6995856	4.8131198
Wygoda	4029374	17.8853098	53.9847090
Hulcze	7111759	24.0130088	50.4987235
Krvije	6314314	21.3808491	44.3218043
Svodje	7227081	22.2659765	42.9784752
Krubin	6592434	20.8095016	52.4476180
Cygany	5724985	19.2210820	52.2068423
Hrasno	6969260	18.3781995	43.8482201
Podmol	6434454	21.5505496	41.1960329
Stubla	7204822	21.4828248	42.8910030
Tupale	7204762	21.6240291	42.8199860
Røyrvann	2303831	8.1385464	58.1422025
Kyrtjønn	2192619	7.9891277	58.1839401
Tlaxco	1391362	-98.1199938	19.6234921
Centro	4468374	-67.0986280	18.4222063
Moriki	3707072	6.4896622	12.8840378
Lamisu	3698699	10.1800300	13.1319408
Vittsjön	7688905	11.9366536	59.6923789
Rawdon	7707059	-73.7332175	46.0622665
Torata	3652146	-79.8457347	-3.5850589
Mintar	3721412	13.8808627	12.6801972
Matoya	3703475	9.4600891	12.7440887
Dutsi B	3711606	8.1123568	12.8306977
Suscal	3684224	-79.0706386	-2.4636345
Mogote	6403239	-85.2769169	10.6818785
Yamuna	409170	78.0346057	27.2213424
Midway	2221421	-118.7946935	49.0092912
Kwarau	3709524	7.5552087	10.6976743
Tatsan	3710744	8.0774624	12.3058915
Rusiga	1792251	29.9390463	-1.7998988
Beirut	5466662	35.5025733	33.8892264
Sumang	6667645	87.7700659	27.1993277
Tellok	6664308	87.8329146	27.3748348
Kose järv	3997681	26.8727680	58.7318766
Fruita	112557	-108.7354163	39.1525480
Dorion	7596933	-88.6460792	48.8019410
Zhanqi	2172908	104.9479088	31.7687585
Toleni	5943753	80.9962118	29.3930796
Morell	2256634	-62.7055972	46.4144176
Birkot	5690824	83.7710610	27.8455220
Chipur	5921490	80.4934127	29.3533802
ež. Kerėplis	2907970	24.5527759	54.4612145
Papung	6664202	87.6288751	27.6109509
Alster	3084444	10.0272340	53.6206810
Leynar	2113989	-7.0209712	62.1148826
Rennes	1655027	-1.8144256	48.1568360
Vannes	1653470	-2.5089568	47.7180211
Sparta	119973	-82.9723778	33.2783525
Akkrum	1515066	5.8181537	53.0552776
Antrim	361455	-71.9793386	43.0555434
Verona	170775	-74.2443432	40.8336406
Gonten	1683888	9.3488719	47.3149893
Dubiny	6754781	23.5859186	52.7767240
Lierop	165268	5.6694327	51.4240432
Rajkot	1953567	70.7860061	22.3409469
Chytra	6754942	23.5202831	52.7260393
Sharon	361422	-71.9357155	42.8179775
Budkov	437993	14.0095214	49.0723648
Łutynowo	6924661	20.3507743	53.5589389
Pailly	1685090	6.6746480	46.6993021
Termen	1685382	8.0730728	46.3226915
Tamayo	7394842	-71.1608906	18.4770741
Weidum	2656145	5.7449314	53.1430705
Murcki	2677852	19.0636203	50.1743714
Martin	3928998	-1.9094768	50.9748314
Martin	130784	-82.7638239	37.5641239
Pinnau	443732	9.8146000	53.6890504
la Riba	340852	1.1685013	41.3051986
Wiesen	109357	16.3283056	47.7458963
Midway	130851	-84.6803396	38.1551679
Svelle	6774832	11.1137563	59.9203722
Seskli	541620	27.8650619	36.5236266
Storøyna	6398211	4.6952910	61.0990232
Sharon	119682	-82.7949121	33.5601085
Martin	197219	-88.8499940	36.3357355
Đức Phổ District	2518222	108.9912324	14.7486105
Roscoe	187242	-79.8639688	40.0785309
Bokhny	4678977	27.6993775	49.3745798
Midway	188428	-80.2923096	40.3703345
Colver	189165	-78.7897035	40.5418165
Hollis	184806	-99.9154903	34.6882355
Mairos	4193769	-7.3431726	41.8274121
Ungrej	1248931	19.7827160	41.8909464
Sparta	197402	-85.4740347	35.9376769
Teolin	6840081	23.2369507	53.4289768
Assoli	3338068	1.1872874	9.3358244
Bonito	334027	-56.5326589	-20.9614737
Centro	3104142	-53.8068139	-29.6871562
Vovche	3937311	37.4889181	48.2343948
Bowler	251595	-88.9818289	44.8615114
Sparta	125942	-89.7174056	38.1456909
Sselki	1669017	39.7578757	52.6586602
Rur Dam	65512	6.4051460	50.6284288
Ferris	114435	-96.6737037	32.5385055
Poniat	7086365	22.1971705	53.2166096
Sharon	2030462	-72.4356461	43.7831441
Duiven	1516676	6.0218990	51.9573096
Flores	1645684	-56.8748009	-33.5515562
Vining	137758	-95.5344378	46.2637870
Wygoda	7083591	22.1611323	53.0659866
Komuna	3936158	38.3735084	48.3319450
Koppel	187304	-80.3206286	40.8348930
Szwagrów	6522940	21.4179388	50.4586680
Nunhem	2181965	5.9592931	51.2459206
Roscoe	176312	-74.9163028	41.9420565
Sharon	251405	-88.7306184	42.5012410
Centro	6370305	-62.0727967	-38.8779364
Hinu küla	353917	26.8758870	57.7220519
Centro	5523378	-60.7125140	-31.6502945
Theley	7754779	7.0268317	49.5038662
Centro	4286243	-64.1832918	-31.4179270
Centro	5836418	-57.5485760	-38.0026330
Buckow	3930179	13.9192675	51.7591677
Centro	5970218	-60.5742316	-33.8955747
Brotas	5349586	-48.1141618	-22.2390000
Bonito	7389732	-51.7531748	-30.7289321
Centro	5291379	-38.5071172	-12.9715618
Centro	7182682	-67.0267051	-27.6504996
Centro	4637708	-64.5256320	-30.8546635
Sassel	1685146	6.8594578	46.7772504
Savran	2751528	30.0825628	48.1343651
Centro	4773239	-67.9973979	-38.9393197
Arbulu	6880323	-2.5631382	42.8751368
Morais	6205747	-40.3608386	-7.5709142
Flores	6203138	-37.9531485	-7.9272840
Centro	1282449	-5.6632081	40.9643273
Vyhoda	3607695	23.9144578	48.9290700
Kiku küla	350978	26.0880918	59.3028708
Maruim	6164509	-37.1060861	-10.7198253
Trairi	6246067	-35.8443878	-6.2770262
Bonito	4108824	-56.5213227	-21.1603709
Ranzig	85880	14.1889657	52.1219073
Emmu küla	354013	24.0817466	58.6356197
Buckow	4568621	13.3978886	51.9528431
Paphos	7051201	32.4293118	34.7743235
Centro	6527196	-63.5358815	-31.5547745
Wolfen	5878009	12.2603412	51.6726644
Irundi	1848621	-40.4568438	-19.8941652
Wygoda	7791594	17.7077049	51.1773063
Piraju	5684932	-49.3287435	-23.2294234
Lamoso	5913216	-8.3517858	41.3190364
Etting	5623367	11.4088451	48.8038821
Bonito	6458074	-47.3135542	-1.3945117
Zagórzyn	7731988	16.4880526	50.5609417
신월2동 (Sinwol2-dong)	3880508	126.8452648	37.5224863
Centro	4675878	-65.3102279	-43.2541108
Centro	4770061	-63.7576403	-35.6592043
Centro	4775872	-64.2919687	-36.6201624
Centro	6117151	-62.9909985	-40.8097808
Lutila	2261457	18.8387691	48.6313505
Vedu küla	354342	26.7749063	58.5040885
Zaręba Górna	7748788	15.2195400	51.1005983
Erving	1839628	-72.3895753	42.6066563
Bonito	6195101	-35.7372135	-8.4863916
응암3동 (Eungam 3-dong)	3886379	126.9166539	37.5897629
La Pupi	7762946	-75.6821786	4.8141338
Centro	4803347	-67.9213460	-38.9548328
Centro	4764351	-67.8287964	-38.9779389
Forles	6412559	-7.6763929	40.8545607
Guetim	6021225	-8.6048781	41.0169917
Centro	6357710	-61.2194201	-32.0305269
Centro	5478212	-60.7311182	-32.7155620
Centro	6464623	-65.3571278	-41.6065236
Centro	4683204	-71.3210850	-42.9145870
Bothey	3521529	4.6458099	50.5238266
Thines	3395070	4.3825954	50.5867873
Ardovo	2381098	20.4306900	48.5262558
Martin	2183317	18.8879729	49.0803567
Medzev	2384689	20.8639249	48.7113192
Corowa	5892328	146.3582732	-35.9915601
Centro	6894788	-64.4981552	-31.4213209
Nyngan	5813897	147.2574716	-31.5425018
Buckow	76484	14.1577290	52.1869393
Pobzig	7548728	11.8547512	51.8156888
Fehrow	3929489	14.2436670	51.8745093
Centro	5301274	-68.9367107	-46.5403246
Centro	4683293	-69.0688205	-45.5899991
Centro	5325176	-67.9538267	-46.7964382
Buckow	7066634	12.5508280	52.5880665
Reti küla	354090	25.8795204	58.1272938
Dornes	6458528	-8.2562414	39.7543798
Lyuban	6722550	27.9923610	52.7985715
Centro	1643330	-75.5511332	10.4242610
Montal	1530155	11.8555752	46.7708996
Menzel	2971031	8.4038937	51.5318159
Ghorby	3166862	25.3056858	49.4906009
Verona	182758	-84.5049207	39.9017289
Midway	187838	-77.0059370	39.8029640
Sparta	134780	-85.7101262	43.1559250
Roscoe	127017	-89.0116765	42.4309185
Zellik	3962635	4.2705116	50.8875923
Hollis	2021555	-70.6322354	43.6325674
Midway	119816	-81.4306699	31.7980025
Wiesen	386877	9.3662000	50.1055111
Curran	126297	-89.7803767	39.7413354
Centro	5400979	-7.9055909	39.9802049
Bodzew	6634310	20.8143548	51.7958641
Sparta	130864	-84.8988044	38.6880765
Clover	194086	-81.2261542	35.1127110
Midway	198866	-111.4723461	40.5133800
Roscoe	137713	-94.6376659	45.4321020
Dukhiv	3166937	25.7306921	49.9926388
Marcus	237883	-118.0599707	48.6643415
Ferris	127062	-91.1686099	40.4686118
Sparta	180129	-81.1188661	36.5038800
Barycz	4453565	20.4044787	51.2279210
Osmola	6788542	22.9645208	52.5729212
Ostrożne	7036507	22.1582627	52.9353820
Nassau	175844	-73.6122043	42.5139940
Matygi	3644415	21.8643057	51.5238447
Parnay	272381	0.0034346	47.2208052
Tannay	1685161	6.1722910	46.3109519
Luling	131720	-90.3550323	29.9009690
Osgood	183341	-84.4957257	40.3396155
Midway	182479	-83.4768478	39.7328885
Vanlue	183413	-83.4822272	40.9744929
Onward	127559	-86.1958551	40.6943205
Lathum	1422773	6.0302943	51.9931253
Reform	78779	11.6108615	52.0903732
Almont	134872	-83.0456047	42.9234034
Centro	6929574	-4.4191696	36.7192668
Injevo	6882045	22.4216022	41.6140306
Radovo	6867556	22.7643685	41.4518619
Kokino	6839600	21.9434497	42.2589846
Radovo	6885921	21.1656502	41.3264239
Martin	5399794	-76.8404356	39.8881592
Bonney	6586767	-95.4749145	29.3015740
Przeczów	4631551	17.5426026	51.0566503
Marcus	129043	-95.8093342	42.8199824
Czostków	6817060	22.6214799	54.2207654
Martin	134770	-85.6391496	42.5373384
Wanlip	2407927	-1.1242737	52.6953649
Vitava	3946977	38.1477303	47.2681182
Venedy	126912	-89.6458137	38.3965574
Howell	198982	-112.4453647	41.7730395
Osgood	127365	-85.2924100	39.1309984
Lamont	128781	-91.6402415	42.5987050
Rzymówka	5893071	16.0247716	51.1437081
Melvin	135195	-82.8616556	43.1863600
Yalimo	7754455	139.4222922	-3.7869839
Meslay	186983	-0.3942960	48.9533396
Vining	129555	-97.2937839	39.5681329
Slater	128329	-93.6835069	41.8781255
Wygoda	6754987	23.5394371	52.7469016
Sharon	130231	-98.4183643	37.2503270
Zapole	2388049	20.6490320	52.0568703
Vining	128686	-92.3872647	41.9912766
Bonito	303640	-35.7433681	-8.4865001
Lussac	278133	0.4692881	45.8566126
Czubin	4093141	20.6761078	52.1799481
Czostków	6176478	20.1567159	50.8526527
Velles	2143765	1.6344754	46.7001575
Bączal Górny	6904624	21.3513081	49.7702897
Tomaszów	3421092	21.3251071	51.2430691
Tomaszów	4463606	20.1192709	51.2163905
Tomaszów	4657700	21.2727516	51.3976789
Wygoda	6151559	20.3868310	50.6888803
Midway	177211	-80.2175433	35.9731454
Renova	7162872	-90.7237056	33.7824384
Stebno	436511	14.0286248	50.6155670
Pawlin	2584407	22.3672902	51.1969561
Gnojno	6505886	20.8471256	50.6105828
Barycz	6233936	20.2208650	50.9488103
Sparta	182592	-82.7007776	40.3943535
Tomaszów	3787712	21.7501879	50.9886720
Sparta	141238	-93.0822721	37.0007044
Verona	126868	-88.5046522	41.2152849
Martin	2183267	18.8879729	49.0803567
Centro	7297971	-54.0128479	-28.2518148
Centro	5320089	-41.6545501	-21.0266083
Centro	6700044	-40.5006830	-20.6713752
Stöbritz	3560355	13.8321462	51.8475813
Bursan	5664006	-7.8360119	54.1934994
Centro	7073131	-46.9664368	-2.2693769
Centro	7042113	-52.3429652	-31.7630343
Centro	3927835	-41.8432738	-13.6524964
Disert	5616690	-8.1990048	54.7430498
Lavaur	5514896	-8.0124171	54.0794115
Verona	6079588	149.8094494	-36.4473492
Cranny	5323193	-7.2647437	54.5932828
Centro	5207902	-42.4878841	-14.0697576
Clover	5122553	-7.0744736	52.6354312
Centro	7215605	-50.0077583	-24.7933707
Centro	6307775	-50.0077583	-24.7933707
Centro	7198272	-53.0959962	-28.7423196
Centro	4141971	-45.2961333	-21.8521656
Centro	7410857	-49.3014480	-28.7136264
Cooloo	4095792	-8.6562204	53.4873725
Centro	3430501	-48.3662680	-24.0987954
Houska	425879	14.6211042	50.4924165
Bylong	6058944	150.1348055	-32.4010775
Centro	5535102	-43.4170335	-22.8073544
Centro	5535104	-43.4305248	-22.7854930
Ardloy	4229927	-8.4063066	54.0988711
Centro	4141972	-41.3219295	-21.7600682
Centro	5582284	-37.4211003	-10.2176350
Centro	3550276	-48.8460081	-26.3015772
Centro	7074391	-45.7977984	-12.0866163
Centro	5548919	-41.9448756	-18.8566337
Ungwee	3419815	-9.9742915	53.5320702
Lislin	5737185	-7.2463206	54.0549375
Kucany	2386479	21.8450514	48.5003490
Pennue	7685389	-8.1429996	6.0746775
Corwig	4457719	-7.0474643	53.3969707
Centro	7250049	-51.1276250	-29.6840153
Radrum	5687884	-6.9514691	54.1855683
Centro	7257891	-51.1469820	-29.7678845
Centro	6346878	-46.6206947	-23.6846938
Centro	7291300	-54.5596740	-28.1444935
Dunkip	6043981	-8.6386840	52.5060648
Paltok	1552371	121.0231253	14.6431260
Centro	4601787	-35.8819011	-7.2202018
Centro	7825384	-43.8656871	-16.7263370
Centro	3340156	-49.2016570	-25.5378673
Centro	5262505	-48.7037315	-18.5939325
Centro	7039421	-48.9620729	-16.6186152
Centro	4280483	-37.6188424	-11.1465606
Ardrum	6167789	-8.6523532	51.9157261
Centro	7086549	-38.0041455	-11.1882090
Centro	5391458	-36.6623233	-9.7512199
Pratas	3771961	-37.6787164	-10.9197066
Centro	3771953	-37.6702382	-10.9171087
Tynagh	5677980	-8.3670098	53.1532907
Myaugh	3661313	-6.4700921	52.5545736
Centro	1982191	-40.8901492	-18.7578563
Centro	7455903	-35.3511083	-5.8576423
Centro	1915783	-40.2742536	-19.8229720
Centro	6271859	-88.1525881	21.1429985
Centro	1920376	-40.6305980	-19.5348639
Centro	1978484	-40.8316015	-18.3740140
Centro	6192886	-36.6304644	-9.4060992
Centro	7320265	-45.5620397	-21.0928651
Centro	400298	-35.7397999	-9.6621647
Centro	7209319	-51.2124742	-29.5971372
2-chome	5178864	133.9187673	34.6914813
2-chome	5177691	133.9065852	34.6836132
2-chome	5177766	133.9100739	34.6830898
2-chome	5183480	133.9288623	34.6899015
2-chome	5177404	133.9008902	34.6825131
2-chome	5177829	133.9155810	34.6826313
2-chome	5178863	133.9225759	34.6870439
Forfey	2922821	-7.4100483	54.2639218
Centro	3115569	-46.9403860	-19.5930399
Centro	6781082	-48.9982333	-26.4731217
Centro	6004843	-37.5206800	-6.9071680
Centro	4141969	-37.2785699	-7.0266233
Lyneen	2447211	-7.8538553	53.6634782
Lahnus	6170814	24.7130410	60.3369070
Rylane	6200676	-8.8383726	52.8981772
Centro	7198590	-52.5117846	-28.6258735
Centro	7209754	-51.6675231	-27.5680672
Rylane	6316071	-9.3888371	52.3852271
Centro	7223202	-53.4546227	-33.6910386
Centro	7692242	-53.3659239	-33.5214859
Centro	7223335	-53.3942929	-32.0268300
Centro	5977180	-51.7280695	-30.0906360
Centro	7291269	-52.0486778	-31.0009585
Centro	7748311	-50.2720795	-29.8913710
Centro	7748560	-50.5217018	-29.8299892
Centro	7702124	-50.1247603	-29.9679084
Myaugh	2564869	-6.4728922	52.5501702
Ardrum	5481536	-7.8247207	54.0441341
Centro	5231511	-41.0141385	-19.5139512
Centro	7368053	-35.2600943	-5.9147892
Drumar	5658862	-6.9022854	54.1444013
Flores	7185206	-60.0149789	-3.0638228
Centro	7165420	-60.0185815	-3.1288219
Centro	5262564	-47.6719965	-19.1682988
Centro	5262542	-48.3806973	-19.9208105
Assaun	4806894	-8.2188755	53.8913248
Rylane	6173358	-8.8127179	51.9745866
Lyrane	2501941	-6.3777980	52.7050319
Centro	7748183	-49.9232452	-29.4559801
Centro	4023046	-37.0502275	-10.9118651
Centro	7281884	-49.7610642	-29.0039669
Centro	5549237	-41.5082191	-17.8633163
Centro	6849166	-48.6158578	-27.0978617
Centro	3880197	-34.9241371	-7.1257028
Centro	6632614	-48.6562414	-26.8940757
Cooley	6152999	-9.3142277	53.7877522
Ninnes	6621401	138.0164883	-33.9713507
Centro	5418112	-44.1975727	-19.9694693
Centro	7635289	-51.0781964	-30.0022207
Kyogle	6069960	153.0126031	-28.6365892
Boomey	6057973	148.9773542	-32.9765560
Farlow	4189153	-6.9782457	55.0599376
Cranny	4661303	-7.4058963	54.5207875
Kippin	4193995	-7.8171133	53.5262407
Curran	4225016	-5.8056001	54.8506922
Centro	5231365	-41.5682382	-21.1527719
Sharon	5392207	152.2534813	-24.8708609
Centro	3635931	-40.4028053	-19.9341560
Disert	5812543	-9.9382229	51.6208938
Centro	4280484	-37.4271550	-10.6865576
Centro	7223296	-51.5111101	-29.4398789
Ardovo	2380999	20.4306900	48.5262558
Curran	5460858	-6.7586602	54.4330265
Centro	5267579	-48.2755650	-18.9165245
Jazero	1698612	21.2840022	48.6856902
Centro	1918733	-40.0667032	-19.4008550
Centro	4229359	-57.6541933	-19.0010591
Pavuna	5520342	-43.3668420	-22.8143705
Premer	6063747	149.9327950	-31.4792518
Centro	3408743	-43.9403489	-19.9193308
Curran	5477438	-6.7443501	54.5246293
Centro	5244791	-51.0883414	-26.2313530
Petone	2843278	174.8840910	-41.2303643
Disert	5360564	-7.5485774	54.0215835
Centro	7206669	-51.8713858	-29.1653284
Centro	1706468	-51.8910994	-28.8475594
Centro	2666580	-52.2742012	-27.6356736
Centro	7288401	-55.4824517	-29.5890150
Centro	2244096	-57.0856464	-29.7555295
Centro	7182196	-52.4330823	-31.4405983
Centro	7214946	-54.9586327	-28.4065315
Centro	5139634	-60.5434741	2.9094614
Centro	7337672	-54.3216854	-30.3397797
Centro	1371712	-51.4951202	-27.1722427
Centro	3725613	-40.8421950	-14.8510006
Centro	5543235	-42.6231529	-19.5276370
Bawsey	1022282	0.4660023	52.7474727
Suwaib	2964805	44.2583803	33.2190807
Malton	7809390	-0.7836754	54.1498537
Centro	7291288	-52.0494049	-30.1271226
Lislin	4634300	-6.9429327	53.8230867
Centro	5535103	-43.4036339	-22.7655073
Centro	5519154	-53.8403940	-24.2838968
Centro	3656321	-51.0137827	-26.7764655
Centro	7298182	-50.0628380	-29.5815332
Centro	7257512	-51.1849019	-29.9141397
Centro	5547011	-43.3471665	-21.7589196
Centro	4133969	-46.5563478	-23.7037775
Centro	4207752	-54.7884114	-22.0805034
Rawdon	4818766	-1.6791330	53.8471199
Centro	5519347	-43.1797995	-22.9052727
Seagry	5507444	-2.0717035	51.5246117
Centro	6702388	-46.0501853	-20.6137806
Ardros	5986872	-8.3794570	53.3160858
Dually	5537470	-7.8274883	52.5395563
Centro	7081670	-44.8884184	-20.1437248
Pojedy	427302	15.1298770	50.2897997
Foyfin	5610683	-7.5729537	54.7884093
Centro	5994877	-45.9777471	-20.0130237
Centro	5478096	-49.4583863	-18.9750981
Drumod	5643098	-6.9684710	54.0524622
Centro	5571878	-48.2845312	-15.1669631
Centro	6970210	-49.2473818	-26.4277497
Lilley	3644544	-0.3784828	51.9299825
Centro	3498432	8.7912716	45.6588646
Centro	6464038	-44.1714113	-22.5471860
Centro	5544058	-45.0693771	-16.3695082
Fulmer	3687043	-0.5580817	51.5630420
Turagh	5991721	-8.3356222	52.6105061
Centro	4675086	-60.1407231	-12.7425660
Centro	7081249	-44.9737313	-20.1057673
Dvorek	424414	12.4200050	50.1422504
Centro	5522105	-38.5270145	-3.7271557
Budkov	435478	15.6717071	49.0522903
Centro	331500	-51.5156928	-29.1656050
Centro	4231466	-102.1934680	17.9561656
Centro	7841181	-36.6570444	-6.6870348
Centro	5537693	-43.0633221	-21.7179731
Centro	5556910	-38.6565371	-3.7325297
Holany	429904	14.4831845	50.6279902
Pchery	431443	14.1206220	50.1909473
Centro	5537132	-44.2591913	-21.1358533
Ströbitz	1626436	14.3013572	51.7580395
Medzev	2384595	20.8639249	48.7113192
Centro	5176077	-49.2327372	-26.8957486
Gunnod	4042369	-8.4936407	53.5128947
Centro	7318718	-44.3022258	-20.0717911
Centro	5536848	-44.5749287	-20.0750830
Centro	7198527	-53.6559963	-28.4221440
Centro	4276756	-48.5491688	-27.5944728
Centro	6618937	-53.1589718	-27.0726486
Centro	5543233	-42.5251740	-19.4783462
Centro	5543234	-42.6508171	-19.5366327
Centro	4267443	-53.7372587	-24.7331298
SADIA/BRF	4267455	-53.7318584	-24.7482032
Centro	6576271	-48.6500099	-26.7781839
Centro	6658557	-48.6358863	-26.9904320
Centro	3857664	-48.6597865	-26.9081012
Centro	6568715	-48.6783752	-26.7582428
Centro	4066589	-48.9565492	-26.9329965
Centro	6755048	-48.6550058	-27.0199655
Centro	5881210	-48.1925674	-18.6513737
Centro	3111947	-49.2034223	-18.7238355
Centro	4141973	-48.2656218	-15.9441526
Centro	6606123	-49.0740804	-26.4132652
Centro	4129691	-50.1609586	-25.0944154
Centro	3937518	-48.7199294	-26.3807903
Centro	3873730	-49.3826376	-26.2508933
Centro	3505935	-49.0829016	-26.4854280
Cranny	4671280	-7.3512915	54.5205351
Centro	3922043	-48.6359572	-26.2436464
Centro	3788194	-48.8530402	-26.0313593
Centro	6896630	-48.6124487	-26.4598764
Centro	4676377	-49.0731512	-26.9175369
Centro	7724241	-42.8167159	-22.9128879
Centro	5522010	-43.4497270	-22.7573429
Argyll	7826905	-113.4596210	53.5029297
Driney	4768016	-8.5853224	53.8356338
Lutila	2261439	18.8387691	48.6313505
Irundi	4142054	-40.4503055	-19.9245958
Beroun	423583	14.0718606	49.9730858
Vadkov	436666	14.1490458	48.9675311
Břežany u Lešan	432821	14.5329802	49.8347727
Centro	7206468	-52.9411000	-29.6679301
Centro	5544057	-44.9498225	-17.3519041
Centro	4524676	-47.3387145	-15.5410891
Culpho	4663005	1.2267013	52.0990040
Weeley	76863	1.1215347	51.8521876
Farlow	7070899	-2.5253468	52.4200286
Centro	4284716	-47.7693909	-15.9032027
Centro	7631188	-53.0593608	-26.6076434
Garway	6179463	-2.7962170	51.9038702
Leynar	2583083	-21.7703939	64.1421824
Hodkov	427235	15.1455528	49.7844612
Centro	7200669	-49.5142112	-26.2519647
Centro	4142053	-49.4831669	-28.9346871
Centro	5298215	-50.7580837	-27.8996533
Centro	4141970	-41.0500084	-21.6396786
Centro	2017855	-40.8266586	-21.0440852
Centro	5231227	-41.6763187	-21.1303372
Centro	5126049	-52.6145312	-27.1012181
Centro	4601788	-35.6148666	-7.2881226
Centro	5479667	-34.9801489	-7.1232170
Garton	917161	-0.5069750	54.0232844
Centro	7632247	-49.1861385	-25.4368295
Centro	7674071	-55.9202094	-13.0671317
Centro	6951373	-48.6471448	-27.4967725
Mostec	434412	13.1181001	50.0780419
Centro	5746712	-54.8084678	-22.2268923
Centro	7734528	-47.8373531	-23.0502184
Centro	6954970	-48.6309837	-27.6151686
Moerse	2993212	10.7283153	52.3954507
Centro	3066914	-34.8353765	-6.9739885
Herste	6277660	9.0875592	51.7169172
Centro	7352521	-52.8678405	-28.6269278
Centro	7375779	-53.0584763	-27.3306509
Centro	7298040	-53.0672575	-28.0588880
Centro	6484607	-46.6087329	-20.7205068
Centro	7206353	-52.8384667	-27.6139297
Centro	7352325	-52.8053120	-27.7823485
Centro	3901367	-51.0802862	-26.2338449
Huxham	3339951	-3.4913159	50.7694892
Centro	6064018	-48.3821298	-1.3699659
Centro	3084361	-47.5564374	-21.4773721
Centro	5322913	-54.6126419	-20.4602407
Centro	7401755	-49.3716674	-28.6779670
Centro	1850705	-40.4916942	-20.3941462
Centro	6727071	-53.4615343	-24.9529007
Centro	1887678	-41.1145186	-20.8510282
Centro	1900765	-41.5337335	-20.3483967
Centro	4785205	-49.0100626	-26.6266945
Wygoda	6891699	19.9328204	53.2023514
Centro	4601789	-37.8013052	-6.7712999
Centro	7037605	-44.0592951	-20.0235993
Centro	5956213	-48.7880212	-27.6957234
Centro	1844864	-40.3348152	-20.3203845
Centro	2548915	-46.5309460	-23.4667169
Centro	7209264	-51.2548848	-29.3947544
Centro	7398903	-49.4699791	-28.7500930
Drumra	4677727	-5.9441452	54.4622014
Verona	3339259	-51.5156696	-29.1913699
Centro	6170644	-52.2378357	-1.7526421
Curran	4815163	-6.6246057	54.7972910
Centro	6246182	-49.1766864	-28.3267595
Centro	7383973	-49.0089277	-28.4832073
Imeroo	3571801	-7.4190300	54.4022443
Cranny	4869833	-6.6808496	54.7388820
Disert	5011729	-6.8148366	54.7762081
Centro	7209446	-53.4041742	-27.1657060
Centro	2435286	-51.1766689	-29.1648775
Howell	6069923	151.0447903	-29.9383404
Wygoda	3792918	21.5704109	51.0949942
Almont	181496	-101.5044910	46.7296409
Tomaszów	6587926	21.3869516	50.8065963
Nassau	450083	7.8187484	50.2991417
Verona	206645	-79.0050149	38.1950842
Verona	141587	-93.7928925	36.9622145
Nassau	136948	-96.4410650	45.0676940
Lussac	1270589	-0.0965578	44.9683181
Tomaszów	3642991	21.8845845	51.3851875
Melvin	126177	-88.2485151	40.5700535
Sharon	194081	-81.3402468	34.9532220
Tannay	153808	3.5810388	47.3622075
Wygoda	4109797	23.2061285	53.1423459
Huaraz	1953183	-77.6406692	-9.5738067
Slater	140844	-93.0639038	39.2240340
Merten	2804794	6.9209920	50.7820272
Wacławice	6814024	22.7523783	49.8883013
Wygoda	3590872	21.7260465	51.4108810
Lefors	6595905	-100.8038236	35.4402205
Gumlog	119487	-83.0937020	34.4948735
Lamont	237729	-117.9042085	47.2005128
Wygoda	6847567	23.3195994	51.3130357
Karpno	6418827	16.9302826	50.3315457
Martin	119432	-83.1873859	34.4838960
Midway	117193	-84.4553747	30.5011014
Tannay	3286409	4.8308729	49.5259432
Flores	303681	-37.8834451	-7.9288353
Norman	169309	-98.7923321	40.4784054
Wygoda	6147375	20.4546379	50.6060147
Gnojno	2905827	23.1271350	52.2675725
Barycz	3254177	20.0077902	49.9877240
Wygoda	6782210	23.2625214	52.2096332
Tomaszów	3418014	21.0236555	51.2884197
Lussac	154481	-0.4689539	45.4668320
Przeczów	6519778	21.1964656	50.4034231
Verona	181622	-98.0712578	46.3660179
Tomaszów	6453112	20.3760357	50.4632009
Midway	6603640	-95.7559807	31.0263815
Melvin	128440	-95.6077825	43.2853585
Lamont	184270	-97.5582210	36.6911350
Slater	252343	-104.7750585	41.8743599
Olendy	6900905	22.7656416	52.6996737
Flores	1753243	-31.1968314	39.4480166
Meslay	279689	1.1099959	47.8135318
Wygoda	6561706	21.7570036	50.7977532
Chassy	3061806	4.1094212	46.5811844
Kotfin	4056979	20.4347216	51.3595543
Barycz	5596360	16.2469564	51.1007873
Sharon	184234	-99.3381359	36.2754155
Centro	5501263	-55.8942392	-27.3678834
Pivola	2774475	15.6403338	46.5055178
Centro	5535299	-44.0923845	-19.9128495
Flores	6683522	-68.2240943	-38.9467451
Bopser	1107911	9.1900409	48.7609610
Kromme	1860677	4.2521246	51.9910458
Letras	7623583	-75.7403999	4.7999268
Chojny	2372618	19.4857553	51.7114579
Centro	5536497	-43.9214758	-19.6908922
Centro	5282317	-63.8743417	-32.8141473
Centro	5214677	-45.4359896	-21.5560958
Kalnėnų slėnis	6943388	25.3573810	54.6498940
Retobo	6882792	-57.9802229	-30.7674019
Centro	5952631	-57.9835041	-30.7580556
Sonico	5490545	10.3531937	46.1631932
Centro	3859395	10.7565067	42.9225334
Lamoso	6015520	-8.5140886	42.0152455
Centro	5235019	-45.2557979	-21.7003469
Esther	4070582	-60.7343783	-32.6990896
Dolina Łódki	2398851	19.5253243	51.8015666
Centro	5536743	-43.8021593	-20.2541577
Strela	6022672	9.6888255	44.5125430
Mellor	5900958	-2.0465266	53.3959104
Centro	4871536	-63.7332386	-32.4267472
Centro	6412429	-65.3065538	-24.1844005
Centro	3560605	-67.4933834	-45.8660623
Centro	7692312	-100.1347926	19.1926303
Centro	7578719	152.9949124	-27.4829807
Midway	7499608	-122.2995258	47.3777583
Jaunti	3550747	76.9691795	28.7505823
Centro	3631438	-94.4176349	18.1492209
Centro	3545816	-57.1342582	-37.0026000
Beruti	4029096	-62.5129115	-35.8545509
Chassy	948037	3.3330469	47.8502053
Roscoe	195113	-99.3361867	45.4501030
Martin	132257	-93.2218496	32.1026190
Sharon	197210	-88.8258885	36.2324305
Midway	197507	-82.4388590	36.2867310
Norman	179962	-79.7228736	35.1695365
Roscoe	140979	-93.8134628	37.9792185
Cygany	7000630	21.7155314	50.5133691
Barycz	6799272	22.9034262	49.8976412
Sharon	181610	-97.8997078	47.5970584
Osgood	141028	-93.3508165	40.1954820
Chassy	1904382	2.8366860	47.0447133
Wethen	4090623	9.0628261	51.4840543
Parnay	395498	2.5549370	46.8536854
Barycz	6941793	22.0328891	49.8163354
Centro	4078615	-100.3958433	20.5911410
Pailly	2341512	3.3346452	48.3461144
Lavaur	1946901	1.0246630	44.6261102
Žuklijai	6575410	24.6860829	54.5175887
Zapole	6893890	21.7049263	50.2132031
Velles	3116956	5.7214000	47.8352287
Martin	181474	-100.1151729	47.8268145
Bonito	90139	-47.3135542	-1.3945117
Torata	1875912	-70.6880785	-16.9795224
Kerepesdűlő	3182113	19.0921510	47.4961313
Rusiec	4100774	20.8032736	52.0674934
Bańska Wyżna	4574908	19.9822158	49.3933160
M'Ziraa	4120779	6.2723573	34.8867230
Llumpa	1953285	-77.4575807	-8.9702559
Huaraz	1953261	-77.5134195	-9.5825507
Flores	3728541	-78.6580020	-1.8301698
Alatoz	346318	-1.3636487	39.0815200
ež. Ešerinis	2847988	25.3157080	55.9295079
Strapa	6798486	25.5621964	54.8672701
ež. Ešerinis	6050325	25.7448358	55.2109121
Tongod	1900650	-78.8377948	-6.7889648
Arguis	340018	-0.4816373	42.3270190
Le Sart	6822136	3.7217788	50.0581719
Araitz	340408	-2.0011635	43.0345483
Wygoda	3705269	18.4690257	51.2778282
Centro	3280100	9.2763197	45.5840995
Gteter	2759211	-3.0265104	34.2985122
