Gergny	152970	3.9288007	49.9339591
Ayette	1122565	2.7373800	50.1704640
Marest	2918021	2.4122408	50.4681720
Fruges	1151472	2.1114482	50.5143954
Assisi	42284	12.6266685	43.0847246
Goudex	1412656	0.9562908	43.3800637
Thenon	3243124	1.0663058	45.1354694
Halsou	2084668	-1.4155230	43.3842995
Coazze	43983	7.2089960	45.0419176
Peltre	2444605	6.2182596	49.0729973
Carnoy	3347359	2.7559965	49.9860551
Bouzic	3240203	1.2251257	44.7220262
Audeux	137913	5.8677818	47.2578847
Mesmay	453063	5.8498565	47.0580413
Cursan	88813	-0.3328351	44.7964764
Bouhey	135864	4.6759248	47.2013353
Yangon	5996487	96.1133895	17.0594341
Goudon	2522650	0.2413520	43.2455648
Moimay	297359	6.4015365	47.5596565
Cheust	2350375	0.0326528	43.0549902
Yangon	6004094	96.1866180	16.8414389
Moriat	127116	3.2601780	45.4067423
Cessey	453058	5.9254090	47.1153793
Torsac	374133	0.2079921	45.5663181
Bourcq	2124502	4.6153934	49.3841957
Quenne	1282260	3.6538341	47.7782149
Taingy	1920156	3.4102774	47.6149941
Sionne	937912	5.6307486	48.3949649
Roynac	1930613	4.9394923	44.6495544
Ignaux	1839205	1.8406052	42.7413406
Pelugo	46837	10.6354542	46.1031711
Illois	157793	1.6385459	49.7463370
Cornay	3289099	4.9491290	49.3021116
Piumhi	315319	-46.0509584	-20.4605000
Lesgor	75904	-0.9027476	43.8559124
Arinos	315064	-45.9754808	-15.8040001
Beurey	1815020	4.4733502	48.1751239
Durtal	167623	-0.2596637	47.6653887
Jenzat	2215420	3.1954012	46.1604984
Gouise	117601	3.4416165	46.4102813
Eyrein	120687	1.9372363	45.3272099
Messas	150878	1.6340096	47.8080942
Cazaux	1981245	1.5206487	43.0548011
Molles	121941	3.5662370	46.1116177
Arvieu	86668	2.6722328	44.1908086
Itueta	314763	-41.0783767	-19.3731746
Estiva	315364	-46.0157974	-22.4550160
Lorges	271164	1.5080080	47.8176488
Venosa	40935	15.8212456	41.0031860
Arthon	1746809	1.7201619	46.6950080
Couffy	1241830	1.4364047	47.2480017
Beuxes	133962	0.1782838	47.0879418
Iteuil	168628	0.2957738	46.4809835
Marray	104301	0.6936830	47.6259348
Bayons	1758487	6.1847867	44.3235764
Oxnard	112583	-119.2037002	34.1900742
Lanton	109389	-0.9682503	44.7739399
Loudes	118591	3.7446949	45.0981984
Mtwara	1600810	40.0336822	-10.4731259
Plesio	46764	9.2060243	46.0653764
Prilep	6552712	21.5524144	41.3495330
Vebron	287409	3.5434595	44.2513331
Karlum	1418484	8.9886823	54.8193538
Jesolo	45161	12.6538451	45.5347420
Norath	1182323	7.5871479	50.1262332
Betton	107907	-1.6525020	48.1796409
Felsővadász	1391022	20.9176699	48.3705410
Zicavo	2079889	9.1698387	41.8840920
Sarras	130526	4.7776235	45.1865892
Irixoa	346807	-8.0487296	43.2877953
Fuveau	71457	5.5542695	43.4575761
Bitzen	420582	7.6944206	50.7877062
Serrig	1256029	6.5883709	49.5695438
Migron	154538	-0.3950055	45.8039666
Koubri	5675755	-1.2733668	12.2312500
Sülstorf	1451594	11.4027051	53.5107846
Joplin	141747	-94.4967538	37.0952527
Roisan	46064	7.3272948	45.7883062
Ludorf	1424135	12.6921640	53.3814188
Kriens	1682888	8.2598380	47.0163544
Douchy	152301	3.1284090	49.7957818
Uyench	7304937	91.8148871	45.8427720
Teshio	4053916	141.6682689	44.8145054
Solano	1342101	-72.5215040	0.2406324
Tonaya	5606546	-103.9182009	19.8668127
Ashoro	4069245	143.6338335	43.4146199
Morona	108529	-77.8801920	-2.4303097
Ouinhi	2945973	2.4835912	7.0823614
Pleret	5615311	110.4222009	-7.8778120
Romita	5606192	-101.5849178	20.8152049
Winona	137560	-91.6048960	43.9858279
Sarule	40346	9.1440288	40.2154684
Yubari	4082948	142.1141119	43.0426175
Gingst	1438066	13.2473989	54.4524758
Burrel	1249562	20.0108334	41.6108094
Benitz	394325	12.0841227	53.9819760
Vyskytná	441094	15.3553440	49.4282602
Stanau	2179221	11.7298242	50.7878991
Alavus	2641546	23.6296224	62.5671531
Verges	347894	3.0431195	42.0685289
Gornau	422404	13.0553957	50.7763840
Mochov	437904	14.7954737	50.1412953
Sidney	142477	-104.1555457	47.7106650
Uruana	334481	-49.6305025	-15.6131174
Rousínov	436905	16.8797380	49.2039896
Borzna	2407568	32.4318133	51.2489732
Stachy	438039	13.6310251	49.0957929
Rahway	170515	-74.2805417	40.6096287
Plchov	440990	13.9779227	50.2526996
Verseg	1372514	19.5478035	47.7141834
Auriol	74055	5.6583209	43.3593668
Shlomi	1663091	35.1448833	33.0661708
Parsau	1337351	10.8985198	52.5305648
Cronay	1684932	6.7024926	46.7574522
Storsjön	1298025	14.4181079	63.0521564
Rieste	1818489	8.0330061	52.4982485
Burweg	445756	9.2593318	53.6224323
Varrel	1675314	8.6932993	52.5993011
Qarqin	6575493	66.0512967	37.3098909
Gerlos	80136	12.0296568	47.2091112
Gyulaj	1503713	18.2841748	46.5271301
Altrip	418402	8.4786184	49.4258698
Multia	1702329	24.8771562	62.4905418
Kounan	4028468	133.7224913	33.4982244
Saldus	1818974	22.4877501	56.6708545
Kounan	4548810	136.8693230	35.3384513
Pleret	5615241	110.1443071	-7.9342391
Pleret	5615672	110.4069476	-7.8677866
Strand	405657	5.9970580	59.0501018
gmina Żarów	3019953	16.5185759	50.9476102
Ruashi	5387970	27.5411532	-11.6184270
Doushi	4792042	138.9994011	35.4992639
Tomari	4087796	140.4606688	43.0861334
Kurate	4008301	130.6713149	33.7806040
Teshio	4055611	141.7613184	44.8688270
Ashoro	4069253	143.4629671	43.3740059
Sadovo	1955804	24.9868072	42.1142855
Nsangu	6826855	23.7291361	-6.1291158
Verges	161718	5.6802608	46.6577878
Istria	226351	13.7798782	45.0006148
Uelsen	2012532	6.8849012	52.4918731
Rákócziújfalu	1607434	20.2504183	47.0477860
Coswig	207975	13.5656911	51.1331059
Yalova	223472	29.0735012	40.5927074
Wapato	237751	-120.4236963	46.4439319
Osteel	898642	7.2463316	53.5359272
Kermit	6587594	-103.0920876	31.8539250
Yubari	4082951	141.7856522	42.9837105
Elztal	403740	9.2021062	49.4011137
Mellum	3789041	8.1468998	53.7205914
Castro	281516	10.0664099	45.8004636
Neosho	140591	-94.3877837	36.8505860
Ligist	51327	15.1834782	46.9786906
Vallon	1683416	6.9530679	46.8832208
Mrocza	3093880	17.5978007	53.2421854
Tyniec	3231971	19.8196073	50.0094046
Lwengo	5457271	31.3980714	-0.4473464
Castro	40208	18.4246678	40.0097757
Knonau	1682155	8.4591983	47.2266339
Contes	1231645	7.3253915	43.8133406
Buseno	1684053	9.0989127	46.2737606
Orford	2045559	-72.0631524	43.8981727
Tamins	1684184	9.4096560	46.8604506
Oakton	206833	-77.2986644	38.8967289
Gronau	162865	7.0287772	52.1889972
Yampil	3944634	37.9415247	48.9317300
Phenix	206966	-78.7493413	37.0801700
Bludov	438045	16.9274967	49.9410620
Ralsko	436604	14.7887291	50.6126255
Contes	2917401	1.9572547	50.4183413
Trnava	442632	15.9310650	49.2564489
Eenrum	2528140	6.4534346	53.3714597
Trappe	187771	-75.4766984	40.1991189
Drunen	2722715	5.1335748	51.6667897
Ryggen	77699	15.9874826	60.5830435
Skiren	3491834	16.1633978	57.2167007
Storsjön	2669451	15.9659161	60.1815497
Dnipro	1017311	34.9593995	48.4659612
Storsjön	2958348	17.1908418	59.0821034
Storsjön	2410913	17.1180354	63.5472979
Storsjön	1992845	12.8284200	57.6394369
Storsjön	3732322	16.4143799	58.0393560
Selura	2647963	6.7033317	58.3062977
Skopje	6966465	21.4548542	41.9946162
Hyllen	4430818	14.9275395	56.5629150
Kvesen	6046284	15.3283086	56.5243538
Storsjön	2403507	14.4379303	57.3137817
Viskan	4561833	12.6964376	57.5598492
Storsjön	1017365	18.6289591	59.2679248
Storsjön	2385352	12.0431190	57.9928665
Storsjön	2385364	12.0583501	57.9938696
Skiren	3183648	16.2392955	58.0374515
Staw Łabędzi	2866080	17.3262919	50.4709139
Vratna	1706517	22.3022085	44.3899475
Storsjön	1403097	13.1516859	62.8074212
Storsjön	3116881	15.8755230	61.9974443
Storsjön	2079519	20.7772751	67.2722416
Storsjön	309537	18.1014420	62.9120949
Gjusen	7106122	16.5635178	60.3913749
Storsjön	2698654	15.6522418	59.8885959
Storsjön	357730	16.2579765	60.8307791
Toftan	2377116	15.7924150	60.6833339
Storsjön	4040907	16.5123405	60.0701530
Storsjön	1563196	17.1410915	61.9540223
Storsjön	2719320	15.2470347	58.8821795
Bastos	298423	-50.7387572	-21.9450000
Trnava	6330863	21.2474120	43.9547805
Trnava	7486664	20.5800557	43.0989578
Tabriz	6564175	46.3138189	38.0859872
Salreu	6021240	-8.5514155	40.7409628
Resnik	7226840	22.3451878	43.1055575
Storsjön	3179425	16.0420967	60.1290170
Staw Łabędzi	5262175	17.0692397	51.3013705
Strzegów	6405701	17.0445742	50.7535477
Lipowa	6405549	16.9819723	50.7359355
Bącka Huta	4041238	17.9790565	54.3691413
Dunren	6843777	107.3989569	29.7059621
Nowina	6407895	17.1009699	50.6686187
Nikuli	3406908	23.4293260	60.3024441
Prilep	6420039	21.5656506	41.3517611
Prlita	6354687	22.3557667	43.8465553
Staw Łabędzi	6207242	21.0526993	52.2434590
Storsjön	2120042	16.9571111	61.6588045
Storsjön	309995	17.6514927	62.5524329
Storsjön	4668449	13.6816747	61.1772438
Skiren	6475307	16.4122671	58.7185253
Storsjön	1620494	17.1693836	61.2417743
Storsjön	6136997	14.4673381	60.5525502
Citluk	6365644	19.5273817	43.5600706
Dulowa	2550502	19.5054952	50.1356029
Krstec	6416090	21.6660823	41.4135811
Svirce	7204757	21.5949050	42.7529199
Stulac	7205291	21.6720764	42.9423596
Mulita	4468220	-66.1457037	18.2537398
Zirami	3722549	10.3184440	11.5686268
Wajiro	3721471	12.3997561	11.6829839
Kudaru	3709511	8.4529783	10.5802853
Tagoro	3703509	10.1391460	12.5982247
Kwatta	3711715	7.8205147	12.9003229
Varpen	7228646	16.4360509	61.3315294
Dawson	7660838	-94.5387420	48.7837222
Sidney	2221060	-123.4042990	48.6531265
Krimml	900946	12.1578660	47.1568100
Solano	3684242	-78.9309107	-2.8073805
Tahsis	2221305	-126.6370017	49.9174671
Ngoura	3818708	14.0765336	4.8827337
Bundot	3722292	9.5387935	10.0092410
Zarogi	3710825	7.9836382	12.2325495
Kureng	6712411	86.5309036	27.4326283
Sotang	6718821	86.7783110	27.4780066
Stream	7326398	-76.6548679	39.9767920
Stream	4062366	-80.1451097	26.7112475
Shiyan	6661698	113.9247924	22.6625594
Kozare	7222957	22.0979295	42.9304068
Svirce	7207650	21.8547593	42.9804630
Talium	4657793	82.1225811	29.2880728
Jhyaku	6742437	86.1958796	27.7105527
Dolphu	4651986	82.6568483	29.5833251
Kureli	5863712	82.5886865	28.4662464
Phopli	5868082	82.8537411	28.1945931
Lázbérci-víztározó	2975963	20.4694177	48.2028232
Raku järv	1922555	24.7570149	59.3563351
JCB Lake	1596146	-1.8449787	52.9542229
Castro	3076091	-73.6664145	-42.5211659
Storsjön	2629200	14.6688988	59.2305312
Storsjön	65197	16.7051950	60.5740262
Patten	1703108	-68.4957459	45.9905864
Zawoja	3300833	19.5414931	49.6354026
Rosian	3728131	12.1600494	52.1111784
Sidney	182718	-84.1649868	40.2891105
Anugul	1984462	84.9538362	21.0994740
Castro	297619	-49.8295381	-24.8082509
Wutach	2785261	8.4074033	47.8190078
Brulin	7073755	21.9900611	53.0168378
Cichogrąd	6924700	20.3254174	53.6484793
Yampil	6403808	26.2276373	49.9566136
Kampot	2200183	104.3135036	10.7657984
Dexter	135132	-83.8777724	42.3333010
Gronau	1168898	9.7705330	52.0927815
Gronau	6680417	9.8061850	52.0770152
Guanxi	3509551	121.1852594	24.7851203
Dexter	132811	-69.2999862	45.0209085
Víska u Jevíčka	441904	16.7116175	49.6547280
Velká Chyška	441075	15.0338778	49.5093306
Żabikowo	3994843	17.2202029	52.2283485
Mtwara	1600798	39.1241957	-10.7736685
Sienno	3792889	21.4818031	51.0984418
Imbros	1815263	25.8314337	40.1658536
Bryher	3217444	-6.3540306	49.9544002
Atauro	5139222	125.5819230	-8.2179325
Grochy	7093854	22.8478554	52.9431939
Gaston	186636	-123.1450455	45.4345568
Żurawica	3972087	22.7968462	49.8271025
Zasady	7008500	23.4444226	53.1951393
Trnava	440921	17.8282339	49.2938137
Solita	1342124	-75.6635407	0.9169718
Yampil	2730955	28.2738996	48.2419657
Bludov	441842	15.2542263	49.8055700
Plewki	7055347	22.4992765	52.8819748
Winger	137177	-95.9861502	47.5368784
Susiec	7066397	23.2066727	50.4161897
Sidney	126131	-88.0715641	40.0224589
Crasto	5639858	-8.4646395	41.7400244
Cullom	125883	-88.2694881	40.8781399
Kamyszów	6412337	20.4869184	50.3069554
Neosho	251684	-88.5174909	43.3109635
Sidney	169742	-102.9689747	41.1331985
Dawson	189034	-79.6573208	40.0465453
Żabikowo	4554690	16.8666231	52.3491234
Nieławice	7087285	22.3134401	53.2277629
Sereno	5207295	-42.6499150	-21.2941164
Neosho	6705784	-94.3877837	36.8505860
Arinos	6159090	-46.1411653	-15.7317348
Estiva	6482926	-46.0166458	-22.4746915
Xiguan	7856346	107.0998091	34.3784619
Gronau	2374647	8.6814444	49.6840474
Maru küla	355633	25.2597865	58.1965662
Gobō Machi	5670400	134.0529757	34.3432626
Bastos	5683050	-50.7387572	-21.9450000
Salu küla	351472	24.5689055	58.6678680
Molong	5871419	148.9027813	-33.1153417
Reiu küla	351652	24.5985642	58.3233460
Oore küla	354253	24.7593561	58.4665941
Trnava	2204009	17.5813756	48.3731581
Červený Hrádok	2209911	18.3862920	48.3006479
Gronau	3297969	8.7712334	50.1927126
Kalovo	6649360	22.1757456	42.3390768
Nocito	6503593	-0.2762403	42.3094492
Hostie	2209891	18.4433292	48.4612619
Rosina	1859528	18.7710276	49.1796458
Salu küla	352480	26.7199079	58.5322428
Salu küla	351915	25.0675430	59.2685029
Loko küla	355002	27.0473888	58.1937029
Tuka küla	352193	23.7206674	58.8072159
Rounga	5174027	22.8321893	4.7453492
Naziya	3007396	31.5936774	59.8463892
Trnava	6654012	21.6301921	42.2775048
Guanxi	1226698	115.1245847	26.7276324
Ľubotice	2320250	21.2832689	49.0093980
Salu küla	352478	22.8980399	58.5123341
Edroso	5728050	-6.9356689	41.6253727
Kiarov	2272536	19.4135140	48.1126252
Tomari	4745433	142.0700432	47.7660827
Girley	6964664	-6.9307526	53.6684561
Lattin	6791792	-8.2900555	52.4493738
Doonis	6951322	-7.8283472	53.5250756
Brigus	2829374	-53.2164362	47.5379820
Crespo	1643332	-75.5176730	10.4473643
Levern	1336065	8.4544012	52.3797651
Kilmez	3198911	51.0619498	56.9421467
Szczepów	7700627	15.8878431	51.6748480
Mlynci	3167239	25.3372076	49.4856985
Taoura	6663209	8.0424333	36.0926145
Bokiny	7094973	22.9161894	53.0516107
Dawson	126298	-89.4590711	39.8534990
Dexter	140873	-89.9612476	36.7912100
Sulina	297639	-52.7261146	-25.6670000
Emmett	121451	-116.4995901	43.8682130
Peosta	128821	-90.8505456	42.4466655
Dexter	176001	-76.0393466	44.0119550
Dawson	119443	-84.4450441	31.7728354
Clymer	188693	-79.0096423	40.6693069
Wufeng	3509550	121.1393927	24.5840289
Winona	7160479	-89.7243413	33.4973314
Drempt	1447335	6.1931470	52.0188813
Ansley	169756	-99.3831162	41.2882380
Dexter	129245	-94.2278058	41.5210550
Yacolt	237279	-122.4067136	45.8658650
Minonk	125965	-89.0364441	40.9038794
Khatky	3167603	25.5355819	49.4567408
Dexter	130168	-96.7158033	37.1800190
Kermit	240055	-82.4074707	37.8411575
Dawson	136944	-96.0533189	44.9284464
Serans	495750	1.8196878	49.1919679
Zinder	3218807	9.7074107	15.1787000
Yalino	1641960	39.8572501	54.4386807
Stamer	6857669	22.8119404	41.9448130
Setole	6928761	20.9910281	42.0619109
Nangus	6004978	147.9246110	-35.0110027
Bzybta	2632301	40.3934926	43.2379820
Etseri	2645957	41.7127430	42.5325341
Castro	6589859	-8.5505508	42.0284141
Rowena	5765805	148.9584534	-29.7403409
Humula	5981187	147.7496479	-35.4865457
Crasto	5762629	-8.3207634	42.0823350
Lotsee	185284	-96.2091973	36.1332671
Gaston	127383	-85.5008190	40.3127274
Eupora	7154341	-89.2744504	33.5463734
Sidney	127608	-85.7421452	41.1052370
Manson	129212	-94.5405977	42.5298715
Żubracze	6316850	22.2717424	49.2129735
Vignes	3231200	-0.4153504	43.5246424
Homoet	334191	5.7802266	51.9341629
Dawson	129247	-94.2205481	41.8425380
Rowena	186864	-121.2770672	45.6700315
Thomas	239968	-79.4981389	39.1498670
Dawson	6571631	-96.7148616	31.8941150
Emmett	134883	-82.7653297	42.9932300
Castor	132187	-93.1641613	32.2545089
Lipowa	4251834	17.4383250	50.7281733
Sidney	128831	-95.6446464	40.7459135
Dongou	3221052	17.4497168	2.7981945
Disney	184953	-95.0176024	36.4750424
Dexter	136865	-92.7043208	43.7221510
Douchy	165252	3.0505253	47.9415026
Trappe	133723	-76.0556637	38.6632595
Etteln	5512025	8.7821742	51.6312215
Cooter	141690	-89.8102963	36.0472954
Gaston	179924	-77.6443540	36.4938900
Gaston	193999	-81.1007887	33.8178870
Werken	1324288	2.9699568	51.0399992
Texico	171197	-103.0540384	34.3894529
Ferron	198925	-111.1382833	39.0866185
Jerzyków	5986884	16.0969649	51.0399689
Collum	2544652	-7.9701149	53.5622453
Skrine	5370152	-8.1731525	53.5579838
Bernov	427273	12.6828593	50.3310970
Tombay	2516347	-6.3802614	52.7215678
Corlis	4195248	-7.8246512	53.5115084
Stream	5580979	-8.2114470	53.2750693
Ľubotice	2320176	21.2832689	49.0093980
Moyard	5459630	-6.7305469	54.4090234
Curkin	5370014	-6.9858715	54.3606037
Červený Hrádok	2209888	18.3862920	48.3006479
Domeny	5368917	2.7992202	41.9899535
Sheeny	2114107	-7.3710323	54.1822210
Corlis	5330677	-7.4979766	53.9728022
3-chome	5177690	133.9053017	34.6876560
3-chome	5183479	133.9274739	34.6932132
3-chome	5177403	133.9004185	34.6851336
3-chome	5178862	133.9220617	34.6893830
Fortel	4247748	-7.8359034	53.0835102
Garoto	1864831	-40.3124998	-20.3392560
Rosina	2227550	18.7710276	49.1796458
Kyleva	5265791	-7.2456082	52.4440305
Kilrue	4471234	-6.4155494	53.4798983
Crespo	7291271	-52.0575386	-31.0008695
Mallow	6129343	-9.0234554	51.7916720
Tomree	4170849	-8.5580078	53.4956401
Europa	3408798	-43.9682854	-19.8023464
Conray	5602119	-8.2839335	54.3041236
Lisket	4672714	-9.1829917	52.9901910
Yarram	2693247	146.7142636	-38.5631251
Fergus	6163114	-8.7502984	51.9020081
Hostie	2209839	18.4433292	48.4612619
Trnava	2203958	17.5636204	48.3827539
Jeremy	6074551	149.5314554	-33.9884971
Carony	4212523	-7.4790476	54.6239986
Dum Dum	6069833	153.3498131	-28.3892482
Doonis	4192555	-7.8502708	53.5293597
Randox	4200924	-6.1858162	54.6403658
Copley	6239542	138.4048466	-30.4912826
Dawson	6525591	138.9956889	-32.8153854
Rokeby	5292195	-6.3530767	53.8067808
Quadro	1844872	-40.3497865	-20.3167193
Kiarov	2272474	19.4135140	48.1126252
Corlis	4743809	-8.1160388	53.8928130
Moyard	3419741	-9.9935086	53.5324982
Cawton	7846954	-1.0188860	54.1822445
Harton	7830540	-0.9375350	54.0435935
Mochov	427730	14.7954737	50.1412953
Wacton	1022409	1.2112870	52.4705226
Ultima	3108808	143.1951163	-35.4428480
Marnoo	3102600	142.9203085	-36.5832900
Roscat	2194058	-6.7713163	52.7872895
Girley	4632644	-6.9193870	53.6642632
Gautby	1849264	-0.2508177	53.2326000
Wragby	1859498	-0.2974846	53.2855376
Ripple	2599250	1.3685089	51.1931387
Ripple	1875287	-2.1855612	52.0507938
Oaksey	5484460	-2.0064171	51.6419283
Dinton	5572585	-1.9793690	51.0949714
Filton	3572922	-2.5753520	51.5111590
Lacoux	6800300	5.5388426	45.9762412
Trnava	434334	15.6039673	50.1889180
Buxted	2835405	0.1318335	51.0113162
Dolsko	7727046	16.5586734	50.5295261
Heneys	5628203	-8.0880565	54.6789666
Dolsko	426055	16.0708083	50.3394918
Gornau	422407	13.0381380	50.7597271
Plchov	425198	13.9779227	50.2526996
Valdov	430169	15.5358603	50.4652111
Crowle	1875191	-2.1056449	52.2073425
Varrel	2922550	8.7448517	52.6184426
Corlis	4798473	-8.4212662	53.7886387
Hundon	4540953	0.5413655	52.1126460
Offton	4678112	0.9994999	52.1039050
Corrog	4573540	-5.5335522	54.4002699
Finnor	4743603	-8.1620211	53.9024427
Sandow	1626396	14.3591819	51.7583389
Coswig	6300509	13.6053968	51.1405061
Sihote	3505562	18.0620887	48.8997512
Brüntrup	6153840	8.9981465	51.9384831
Bastos	3096136	11.5108705	3.8940184
Itaipu	3408824	-44.0498414	-19.9900111
Bludov	428927	16.9274967	49.9410620
Stachy	423936	13.6305097	49.0896588
Víska u Jevíčka	433003	16.7116175	49.6547280
Milevo	423491	12.9564277	49.6829487
Zátoňské Dvory	434994	14.3294457	48.7296525
Bryher	5415659	-6.3539643	49.9544916
Priddy	2922238	-2.6675879	51.2803930
Orford	4720373	1.5337869	52.0749859
Prusínky	431181	17.5670053	49.4747736
Vyskytná	431297	15.3620294	49.4282602
Velká Chyška	432782	15.0338778	49.5093306
Itaipu	7631189	-53.0564489	-26.6133988
Itaipu	5535114	-43.4284862	-22.7253642
Wacton	6186468	-2.5577019	52.2150195
Mallow	5951341	-8.6436071	52.1396463
Gronau	271678	7.1291315	50.7168890
Nasser	5535722	-54.6345166	-20.4128216
Lifton	3654499	-4.2988119	50.6429503
Levern	4463418	-6.5693245	53.0236525
Topoľany	2386515	21.8789605	48.7759147
Conray	5582704	-8.1024922	54.3790328
Pondol	3646515	122.9224636	11.4447342
Witera	6227545	134.5386533	-33.1694818
Yating	3644897	123.0078973	11.4062955
Nisula	2991189	25.7331793	62.2502371
Mil-Lel	6723614	140.8652841	-37.7781360
Moyard	4826221	-6.9168592	54.7547026
Mannum	6817170	139.3521722	-34.8567137
Rokeby	2599646	145.9662059	-38.0576000
Strand	4623303	-5.6493880	54.2674301
Glasly	5553090	-7.6834352	54.8567014
Cashty	5483077	-7.4280572	54.6790537
Strzegów	4251844	17.2783363	50.6411711
Lipowa	6587997	21.4487749	50.8260119
Winona	6603701	-95.1716963	32.4899393
Nenzel	169408	-101.1023169	42.9280675
Dworek	6061391	15.6602340	51.1041627
Lusina	3253197	19.9311487	49.9807800
Futoma	7107794	22.1341501	49.8545346
Thomas	184918	-98.7475307	35.7467850
Karwin	5725067	20.2642418	50.1467081
Peutie	3962771	4.4644274	50.9312899
Wallis	6586829	-96.0658536	29.6331595
Thenon	3258912	1.0373332	45.1661807
Verlar	5501954	8.5041983	51.6884201
Rumian	6855187	19.9256376	53.4129547
Nyawal	5268077	84.1491464	28.6545819
Serans	3312717	-0.1432427	48.7291872
Lipowa	5816853	19.0646683	49.6673967
Phelps	130905	-82.1583056	37.5119585
Winona	141356	-91.3316520	37.0061585
Kuroch	4034315	17.6247915	51.6320676
Grzawa	5616140	19.0617729	49.9612427
Żurawica	6547858	21.6799069	50.6892640
Dexter	119679	-83.0595579	32.4333070
Okaton	195240	-100.9058350	43.8518735
Dawson	169603	-95.8295889	40.1308820
Dexter	171204	-104.3732758	33.1961495
Emmett	130179	-96.0556585	39.3073454
Nowina	6917103	16.4603580	52.8256469
Tyniec	6159984	20.1612807	50.7162343
Lusina	3317067	19.9253967	49.9647327
Sidney	176116	-75.3960834	42.3067265
Phelps	176061	-77.0621813	42.9589729
Storsjön	3739266	16.9264516	60.9437334
Dawson	181451	-99.7516686	46.8682230
Weiten	6969021	6.5523516	49.5191226
Joplin	142388	-110.7659619	48.5595810
Europa	5535323	-44.0864309	-19.8971575
Block 10	2649883	48.0360988	29.3136785
Knonau	6182805	8.4606981	47.2218889
Krukan	6612192	16.1812002	58.5910038
Viskan	6611170	16.1620235	58.5717181
Brüntrup	4573252	8.9974434	51.9404683
Pirkau	2639308	12.1398098	51.0985607
Tinoco	6303669	-8.4481543	41.4485264
Castro	6299738	-8.5657469	41.4224923
Kothau	5623908	11.4529070	48.7446528
Crasto	5756823	-8.2487383	42.1056827
Wersch	3841191	7.4356603	50.8878299
Cuyaya	3749543	-65.3137691	-24.1949678
Tolisa	3773498	18.6416884	45.0419888
Iquisa	3653206	-94.4637734	18.1444990
COVISAN 9	5525232	-58.0753836	-32.2985722
Alonso	3325803	-56.7281912	-32.3956448
Solcza	5694520	20.3095026	50.3139207
Yitang	7735111	111.7986898	36.9994987
Winona	129627	-101.2437575	39.0619495
Jazowa	6933198	21.6553062	49.8507331
Vignes	946587	4.1258200	47.5375660
Varrel	2692077	8.6974853	53.0278432
Lipowa	3509439	19.5563170	50.0095121
Yavari	1994139	-72.4932551	-4.5829397
Lipowa	3962925	17.4550383	50.3998117
Polkau	5444303	11.7448043	52.7364235
Krzaki	6882099	22.2201860	50.5580298
Lusina	5856805	16.4058948	51.0169575
Morona	1994108	-77.3569829	-3.8124232
Oteiza	344402	-1.9173210	42.5807592
Alosno	348877	-7.0990701	37.5581388
Uoleva	5817200	-174.4024546	-19.8468782
Unciti	339642	-1.4947736	42.7304638
Ksaver	2130022	15.9765231	45.8319856
Maaziz	2808292	-6.3325163	33.6997724
Kozare	1252302	19.9100086	40.8472115
Juknas	6838269	25.7617797	55.9037074
Brokey	7760249	-22.4680943	65.0799756
Anguix	343545	-3.9261124	41.7485297
Yang Hu	6054036	84.5843199	35.4173193
Laqsir	2759247	-5.2227928	33.9045364
Omumma	3720762	7.2354320	5.0931203
