Bayeux	145776	-0.7096027	49.2771233
Holnon	2947054	3.2055765	49.8609657
Moulle	188203	2.1749650	50.7913822
Quilen	2732936	1.9335197	50.5287697
Subles	280497	-0.7510799	49.2378062
Kalisz	2989155	18.0795900	51.7473650
Kalisz	2106876	18.0795900	51.7473650
Kalisz	2456288	18.0795900	51.7473650
Santes	58166	2.9624916	50.5883628
Holque	132470	2.2096960	50.8533404
Coudun	1361458	2.8015190	49.4584677
Odomez	56400	3.5359445	50.4468247
Clomot	132492	4.4879565	47.1927896
Nonant	241072	-0.6506240	49.2377887
Daours	1332064	2.4462504	49.9035616
Roisel	3349674	3.0965881	49.9417580
Curchy	3359695	2.8630286	49.7801004
Rigney	142015	6.1689520	47.3840974
Ouhans	168519	6.2982342	47.0031036
Fouchy	908184	7.2459895	48.3174563
Osasio	43742	7.6119904	44.8743674
Mazion	1664321	-0.6024132	45.1706797
Lignou	1111165	-0.3417329	48.6755195
Wakiso	3498106	32.5130304	0.2182858
Vincey	153909	6.3288689	48.3321786
Mingot	2438949	0.1705672	43.3756610
Gimont	130445	0.8843026	43.6175430
Contay	1083009	2.4701617	50.0099007
Vassel	532235	3.3115316	45.7607718
Taugon	339188	-0.8371010	46.3162245
Viller	2032332	6.6447532	48.9878160
Rocroi	3273271	4.5550026	49.9276538
Govone	43612	8.1047206	44.7932093
Zabrze	2166495	18.7815763	50.3142805
Zabrze	2812113	18.7815763	50.3142805
Zabrze	1774264	18.7815763	50.3142805
Gorhey	941619	6.2845234	48.1896387
Verpel	3287936	4.9298936	49.3809074
Dollot	2946036	3.0658255	48.2109058
Orgeix	1837666	1.8799105	42.6760212
Frutal	315184	-49.0228634	-20.1095000
Aujols	121800	1.5367196	44.4231329
L'Horme	122932	4.5439405	45.4935748
Nanton	2456809	4.8088345	46.6188169
Coussa	2063692	1.6877014	43.0661725
Marsaz	77504	4.9335719	45.1201315
Tourtrès	3210092	0.4179872	44.5095259
Vasles	555959	-0.0561189	46.5721765
Loisin	106269	6.3024045	46.2793948
Sautel	2060619	1.8198031	42.9673937
Pillon	2979875	5.5860644	49.3712319
Tavant	107134	0.3959204	47.1196718
Ruanes	342180	-6.0087570	39.3241538
Veleso	46488	9.1876915	45.9160560
Grazay	1001375	-0.4764513	48.2871899
Ziguan	2108632	120.2573379	22.7443905
Xanten	58591	6.4262591	51.6842624
Puceul	173717	-1.6254779	47.5143203
Bresso	45266	9.1949891	45.5365173
Reigny	1084280	2.3438800	46.5875344
Massay	191488	1.9863239	47.1564005
Stadum	1416963	9.0441231	54.7378658
Luelmo	343828	-6.1401188	41.4280534
Hannut	2362038	5.0663123	50.6573802
Rosate	44747	9.0100364	45.3533907
Mouais	112496	-1.6597789	47.7044291
Piscop	534461	2.3386571	49.0161608
Sellye	551715	17.8525888	45.8693058
Schuby	1156162	9.4657566	54.5173317
Elskop	447315	9.4964849	53.8069534
Staiti	39479	16.0451337	37.9972310
Berloz	2374114	5.2060412	50.7036599
Boxtel	1576162	5.3058793	51.5903233
Kotlas	3729414	46.6608499	61.2257310
Berriz	340583	-2.5790588	43.1875550
Airuno	45987	9.4212240	45.7558878
Glarus	1683142	8.9777648	47.0245693
Sepino	41254	14.6162304	41.4069278
Qujing	2718030	103.9168831	25.7054839
Boromo	2916377	-2.9314268	11.7198716
Cassou	5705425	-2.0115526	11.5615790
Forssa	2387804	23.6350848	60.8945580
Boxtel	299989	5.3157954	51.5890602
Grosne	117185	6.9960260	47.5717749
Rasura	46851	9.5370330	46.0947271
Inzell	941683	12.7759050	47.7715207
Linter	966731	5.0471907	50.8222776
Immert	1258424	7.0250123	49.7694772
Quirla	2778398	11.7662412	50.8701723
Lummen	1245870	5.1773847	50.9988859
Lummen	4740500	5.2025589	51.0031325
Negros	4098809	122.9771131	10.0206763
Bolvir	348889	1.8825788	42.4204058
Marols	660475	4.0347418	45.4722228
Glarus	1685673	9.0932778	46.9851911
Sumber	7302457	105.8651031	48.7445124
Nomgon	7297548	105.1202918	42.4182373
Sevrei	7297552	102.3894245	43.7106552
Tonhil	7304784	93.6399571	45.7956849
Kwekwe	5554781	29.5856427	-18.8106927
Mutare	5555251	32.4370922	-19.2455537
Sumber	7297817	108.6770278	46.4905252
Zentla	6037883	-96.7891820	19.0780940
Ozumba	5606128	-98.7951312	19.0159932
Bukavu	5327777	28.8337580	-2.5104091
Lukula	5327842	12.8881948	-5.3612086
Yangju	2409185	127.0141302	37.8049547
Tatvan	1836400	42.4860233	38.4636935
Siaton	3740504	122.9736457	9.0548025
Forpoh	4001291	-8.2363383	5.1087782
Tuzlukçu	1250959	31.6886498	38.4910393
Abadiânia	334468	-48.7449821	-16.1682425
Ternat	1069836	4.1599612	50.8651148
Senlis	1804789	2.5793816	49.2156475
Uchaux	187031	4.8058305	44.2094127
Bolton	146937	-2.4797321	53.5844754
Tougan	5193114	-2.9217542	13.0945750
Muriel	346973	-4.8394459	41.1231921
Rognes	70229	5.3499579	43.6675254
Merzig	1187154	6.6204573	49.4508858
Ziesar	946195	12.2966249	52.2704906
Shiroi	2679930	140.0700949	35.8007725
Wremen	1163291	8.5194762	53.6520792
Mersin	223131	33.9310296	36.6220407
Cuvier	155541	6.0663494	46.8407950
Butler	187231	-79.8962538	40.8633308
Wethau	2403988	11.8618269	51.1343632
Érsekcsanád	1130367	18.9610603	46.2513837
Velten	1310082	13.1990699	52.6885600
Warnau	310396	10.1567400	54.1887444
Krupka	439332	13.8548720	50.7010316
Zbiroh	438901	13.7581882	49.8716390
Inkwil	1682490	7.6627231	47.2021923
Washir	6592771	63.9726290	32.1879279
Marmul	6573034	67.3530365	36.6363580
Solpke	1285586	11.2738440	52.4955091
Ratten	52124	15.7294133	47.5011348
Pugmil	336745	-48.8625894	-10.4215000
Ilovik	4021351	14.5511385	44.4528353
Jungok	5615622	110.7124106	-8.1994040
Shingu	3350251	135.8578532	33.7879399
Thaton	5996558	97.3204495	17.1113076
Okoppe	4055993	143.2034178	44.4653210
Kosuge	4791929	138.9360186	35.7462450
Yugawa	4174407	139.8804241	37.5681195
Shingu	4008362	130.3411866	33.7719995
Kasuya	4008428	130.4703753	33.6150004
Vogtei	2919288	10.4036721	51.1415698
Verran	407274	10.9127810	63.9420305
Levski	1922475	25.0779686	43.4146810
Fosnes	407205	11.6670646	64.7054530
Dimovo	1916761	22.7938951	43.7099515
gmina Zamość	2778715	23.1677285	50.7035326
Pirdop	3255170	24.2468428	42.6916071
Kadutu	6035471	28.8440767	-2.5100210
Melhus	406537	10.3081345	63.1814332
Yumbel	1622204	-72.6433364	-37.0835252
Wiesau	968891	12.1852491	49.9077566
Durant	184323	-96.3991483	34.0105879
Wewoka	184838	-96.4939741	35.1459925
Vorden	1448991	6.3434982	52.1011179
Poteau	185136	-94.6200578	35.0548685
Borgou	2803880	2.7414928	9.7107455
Arnett	185117	-99.7723244	36.1372084
Senlis	1665582	2.5971636	49.2021127
Le Thor	108394	4.9955712	43.9234401
Kinney	137423	-92.7237572	47.5157465
Hirzel	1682139	8.5990992	47.2192413
Sulgen	1684561	9.1877828	47.5443952
Tucker	119366	-84.2237492	33.8514640
Krakov	440881	13.6448191	50.0399201
Senlis	1216376	2.1465434	50.5339777
Bayeux	1656892	-0.7916771	49.2455633
Bolton	1832795	-71.6027863	42.4391569
Butler	141704	-94.3379165	38.2673020
Lauwil	1683667	7.6741042	47.3828746
Kuinre	2695629	5.8413933	52.7993803
Sangup	3814934	110.4955110	-7.5688302
Hakupu	1558543	-169.8418641	-19.1060642
Majuro	3825987	171.1297834	7.1380000
Kazura	3703421	10.0034522	12.7066497
Gäddtjärnen	2981169	16.0561566	60.1106082
Espino	4467629	-66.8976134	18.2749039
Heinuu	2136733	23.4392291	62.0904785
Mramor	7187257	21.7803583	43.3119123
Vogtei	2902654	10.4005955	51.1567244
Rommen	1649351	12.8786986	59.5171733
Zdroje	6891951	19.6151482	53.2408353
Mutina	6586743	15.1323334	49.1720135
Zmrhal	929793	14.7786971	49.2806085
Vojska	6322207	21.2157499	44.0980330
Palić Lake	2903113	19.7212403	46.0774469
Pontal	298029	-48.0676978	-20.9902848
Thaton	5996862	97.3076018	16.9802322
Janowo	2785508	20.6345498	52.4921269
Tutice	7480973	19.7961994	43.1759913
Godovo	7472274	20.3029272	42.9633506
Zli Dol	6649240	22.4380255	42.4227442
Orgens	6443621	-7.9455747	40.6683158
Janowo	6835993	19.9672825	53.5220629
Drvnik	6357760	22.3944542	43.5353512
Borowe	6287638	15.1392676	51.4740935
Gäddtjärnen	2741761	15.9095577	60.0063464
Wioska	6252504	17.7199192	51.3393483
Janowo	6405918	17.2424467	50.7957499
Anusin	5677453	19.3212118	52.1578474
Boudou	134192	1.0096871	44.1058688
Makowo	6817841	19.6844904	53.6822662
Gyopáros-tó	3171298	20.6263478	46.5687539
Świerczów Mały	3830895	20.6398037	51.1186377
Nolimo	129424	28.1294212	66.3969112
Klucze	5141724	19.5625711	50.3356715
Espino	4468022	-66.0189297	18.1109929
Negros	4468353	-66.3308225	18.2911044
Cuarto	4467904	-66.6098881	18.0073433
Espino	4468518	-67.1152725	18.2813493
Espino	4468080	-66.9169097	18.2483845
Zubiki	3722550	10.0602064	11.8535127
Fezzan	3721269	13.1547491	11.8426183
Wurma B	3711845	7.3890978	12.5893391
Dovern	1515927	15.8101409	58.6685995
Massok	3830924	10.6310698	4.1361068
Moholo	3721417	14.4597022	12.2325137
Makuku	3708111	5.4291051	11.0341901
Busuna	3721245	13.3478214	13.6980974
Tumbau	3710763	8.7979315	12.0011338
Kukuma	3703436	9.6710357	11.4137280
신촌동 (Sinchon-dong)	3887531	126.9425923	37.5658874
Utuana	3644120	-79.6744259	-4.3784065
Bukure	1793993	30.2196338	-1.8104700
Minori	40665	14.6254459	40.6606389
Musawa	3711770	7.6523840	12.1026499
Shongo	3722499	10.3651160	10.5303852
Yamrat	3722534	9.8187706	10.0902780
Tiyin A	3722511	9.8340375	11.1824930
Dundun	3710446	9.0062784	11.9499767
Sumber	3815147	110.3594938	-7.5443119
Rukira	1727480	30.6201384	-2.1610890
Hilton	7589999	-83.8303659	46.1924556
Graovo	7220877	22.1077604	42.8483609
Salkot	5958193	81.4671977	28.8149539
Taluwa	6700853	86.5874285	27.2404480
Guanzi	6790270	105.3587153	34.6092349
Wolfau	194574	16.1049056	47.2524668
Nanton	4204106	-113.7762999	50.3499728
Sirohi	1949082	72.8325866	24.8111811
Klesiv	5933892	26.8983750	51.3118024
Ternat	3113385	5.1266296	47.9149464
Shatsk	6072455	23.9190473	51.4989259
Rennaz	1685117	6.9171393	46.3746765
Potoka	7006883	23.5048403	52.9938786
Sailly	361653	1.7934539	49.0450303
Mwanza	7347101	34.5146595	-15.6136032
Mametz	2505993	2.3062482	50.6271881
Dreetz	1963381	11.9828163	53.7926516
Okemos	134490	-84.4127609	42.7136534
Wiłkajcie	7245699	22.2122585	54.3355408
Munger	1960237	86.5281165	25.2161595
Butler	170569	-74.3439954	40.9986125
Dreetz	1302387	12.4687346	52.7862545
Oraste	5694040	83.9215150	28.0508517
Mwanza	5712706	32.7132371	-2.4553510
Oaklyn	170688	-75.0852505	39.9020900
Butler	127767	-84.8694005	41.4253045
Krygle	4248865	8.2310896	58.1218512
Mosterøy	6148087	5.6481674	59.0791178
Metopi	959828	23.3812326	37.7228195
Sandoy	3729230	-6.7245240	61.8335626
Selvik	5862772	9.1000857	58.6235347
Gertis	533027	26.0288870	38.6050958
Lemnos	537221	25.1499607	39.9088687
Tamest	4171622	-1.3861137	27.4461684
Boazum	2656213	5.6934940	53.0908598
Durant	128600	-90.9150279	41.6003871
Gontim	4173999	-8.1068644	41.5337240
Elsloo	1422691	5.7720756	50.9500689
Laszki	7105095	23.2740173	52.9616507
Anusin	6783812	22.9134194	52.3932599
Windom	3877251	-93.2823454	44.8976382
Windom	136963	-95.1178512	43.8744601
Hilton	176066	-77.7929025	43.2904373
Elsloo	271033	6.2371564	52.9451034
Verbiv	3166759	25.1292214	49.2291676
Zdroje	7098689	23.4805553	53.2454982
Poplar	251732	-91.7836092	46.5832214
Rowele	6744529	22.9227354	54.3396905
Molino	1954546	-76.0565459	-9.9989424
Civray	135829	0.3020350	46.1429050
Lovell	252290	-108.3947014	44.8349950
Janowo	6862478	22.3924637	53.4315725
Zdroje	2872098	14.6231695	53.3781234
Otsa küla	355134	27.2400273	57.8466340
월계1동 (Wolgye1-dong)	3882987	127.0571860	37.6227790
Ternat	3950162	4.1831758	50.8725071
Pontal	5349707	-48.0660476	-20.9952637
Xadrez	7198214	-52.7447950	-28.1757785
Kletsk	6722509	26.6363741	53.0657536
Orbiso	7347687	-2.3321529	42.7096473
Tanque	7538286	-51.5610633	-27.6872964
Repten	3928798	14.0637395	51.7600894
Prählamäe küla	355046	22.7313257	58.9742582
Astoin	6825889	6.1634649	44.3653335
Bayeux	6208943	-34.9227444	-7.1252056
Luua küla	354656	26.6028498	58.6501940
Merzig	6834314	6.6380105	49.4609620
Poteau	5837043	27.4668723	-11.6850152
Zbudská Belá	2321966	21.9587044	49.1657211
Veľké Revištia	2386797	22.1002397	48.7464762
Limu küla	351158	24.9735363	59.3450135
Passin	6801988	5.6956234	45.9394074
Waldow	3546726	14.1385163	51.9723977
Erpent	1701293	4.9094515	50.4474046
Parque	3769353	-67.5250547	-46.4341065
Cerovo	2266224	19.1751614	48.2538594
Irmino	3628932	38.5881129	48.5897864
Lundby	1517089	11.9496478	57.7237829
Gowran	6525350	-7.0754668	52.6395859
Kudres	6304976	21.5797405	44.6175940
Ratass	6859983	-9.6457022	52.2975584
Izoria	7158517	-3.0373716	43.0552515
Kinure	6921899	-8.4356756	51.7160688
Parque	5301355	-68.9079330	-46.5422384
Por Fin	6060168	-74.8280145	10.9746281
Ishkiv	3166642	25.3501418	49.4002354
Ploske	3167360	25.2555671	49.4528626
Daszew	6635513	20.7012526	51.8728873
Makowo	7066677	22.6784990	53.0814518
Asotin	238066	-117.0431062	46.3377984
Aspers	189298	-77.2276497	39.9769235
Liwcze	7111757	24.0440074	50.4936350
Tricht	2730157	5.2616515	51.9086674
Ploske	3167361	25.7914961	50.0475337
De Soto	251364	-91.1980214	43.4303265
De Soto	141167	-90.5672294	38.1443958
Janowo	7247371	22.3173464	54.2699529
Butler	244309	-88.0715370	43.1074119
Atwood	124852	-88.4629247	39.7998234
Doliwo	6797849	22.4583623	52.2468469
De Soto	130188	-94.9554212	38.9716109
Atwood	189006	-79.2593589	40.7497845
Oatley	5555857	151.0715696	-33.9833099
Pieniężnica	6924091	16.9950417	53.8441526
Rouina	2756568	1.8192832	36.2291695
Butler	7443870	-88.2037049	32.0971835
Janowo	3995884	17.2983617	52.2501232
De Soto	129246	-94.0124861	41.5370950
Butler	182662	-82.4195584	40.5883439
Ginnum	2648712	5.8759813	53.3230093
Besovo	3882291	35.8390642	54.4477668
Konino	5476143	40.8729457	57.6934331
Cerovo	6451299	20.8368939	41.7217151
Cerovo	6940192	21.1349487	41.9968169
Cerovo	6885634	21.0811800	41.2109789
Yetman	5850683	150.7817606	-28.9786875
Tubbul	5989345	147.9525223	-34.2438561
Le Saut	4003936	4.6064532	44.7979182
Hakupu	1568871	-169.8440244	-19.1282536
Lundby	7182573	11.3826464	55.2482596
Taviya	3257609	178.7673273	-17.6287849
Obokun	3718744	4.7781457	7.7744021
Durant	7164331	-89.8493997	33.0801247
Butler	125917	-89.5316939	39.2003004
Smoaks	193979	-80.8139817	33.0895865
Janowo	6893597	21.8998249	53.3528983
Janowo	6778310	23.4041106	52.8972689
Borowe	6623739	21.1729110	51.8600463
De Soto	125868	-89.2311069	37.8165385
Tczyca	3479277	19.8925583	50.4205737
Poplar	142503	-105.1998841	48.1111465
Borowe	6625872	20.7837686	51.6541329
Janowo	7083423	22.0044700	53.1650386
Bouwel	3364616	4.7370614	51.1621004
Zdroje	7096041	23.1765157	53.3721130
Bolton	180271	-78.4016435	34.3166670
Werlas	6950003	22.4599481	49.3541136
Endrup	6697906	8.7183108	55.5234973
Oghery	3735229	-9.2354662	53.3536527
Gowlat	5678069	-7.9368678	54.2045633
Creevy	5635191	-8.2229166	54.5255816
Otford	6076695	151.0037127	-34.2070188
Carrow	6235115	-8.9235479	52.7249725
Lisroe	5994962	-8.9283113	51.6616220
Gowran	5122565	-7.0633469	52.6327654
Tooman	4122952	-6.1244501	53.1189125
Poplar	2961008	-6.4962800	52.3885050
Burren	3368315	-9.3163522	53.9237768
Aphort	5596697	-8.5432755	54.9794961
Clyroe	6187093	-8.3056227	52.2815936
Slawin	3619071	-7.9963642	54.4671066
Lisroe	6166939	-9.1762395	52.7991180
Lurgoe	5482604	-7.7465533	52.5867749
Keelty	3634526	-8.4706494	54.3496862
Tooman	5393074	-6.2415579	53.5565839
Selloo	5379906	-7.1259324	54.2505415
Veľké Revištia	2386748	22.1002397	48.7464762
Burren	5938654	-8.7144163	51.6480732
Tomona	2598342	-6.7183151	52.5506526
Malá Lehôtka	1557488	18.6646151	48.7661533
Creevy	4757281	-6.2925060	54.2792965
Bolton	5321399	-6.4604137	54.2598004
Tooman	2208313	-7.8356345	53.8481579
Kinure	5150213	-8.4387309	51.6977557
Lisroe	6325952	-9.5002603	52.1001425
Croley	5706548	-6.8821332	53.9883461
Tomona	4125985	-8.3027590	52.9094449
Pützborn	970959	6.7985870	50.1872945
Burren	5702737	-9.1213108	52.7210106
Keelty	6187275	-9.0074968	52.8404948
Creevy	6061992	-9.3782170	54.0640095
Ratass	6354288	-9.6759232	52.2669542
Gioppo	3416875	-50.9961008	-26.7710124
Burren	6104375	-9.1866792	53.7410143
Lisroe	6316063	-9.4136659	52.4081148
Carrow	4455066	-9.4273158	52.6972412
Carrow	4204467	-8.1260033	54.0523775
Carrow	6054276	-8.7313799	52.4959783
Copney	5160819	-6.6401419	54.4668679
Lisroe	4175306	-9.2466021	52.9436533
Moonta	6637767	137.5822094	-34.0694061
Keelty	3372426	-7.9911052	53.3929921
Bunkey	5981940	-8.4688728	52.6964411
Apsley	6058877	148.9693832	-32.6123075
Lisroe	5813595	-7.7232348	52.1458828
Creevy	4677627	-5.9625776	54.4789987
Burren	4666347	-5.9620002	54.4049279
Pontal	7748185	-49.9279105	-29.4663320
Zbudská Belá	2321948	21.9587044	49.1657211
Warnau	4718731	12.1725740	52.7468896
Carrow	5420650	-8.2847621	52.9001261
Korora	6063633	153.1156213	-30.2500593
Creevy	4766544	-8.6175044	53.8623265
Verran	6287868	136.3224611	-33.8818155
Butler	6333845	136.1642900	-34.0883750
Janowo	6881027	19.8022821	53.3811467
Burren	5425797	-7.6400457	54.0516352
Garvey	5395688	-7.0210494	54.4230674
Pao Pey	3818822	-60.8401155	-32.9129101
Corboy	2306207	-7.6895220	53.7171760
Bruern	4230709	-1.6421263	51.8636133
Anonos	5379988	-84.1208751	9.9331156
Tooree	5967322	-8.4015395	53.2634359
Dooary	4577112	-7.2860017	52.9391633
Creevy	5481537	-7.8396582	54.0494014
Hilton	5646149	-2.3267471	50.8306668
Ascott	3741965	77.1037875	28.4080473
Cayton	7262518	-0.3843231	54.2292838
Hatton	1854766	-0.2367010	53.2707998
Bosley	1404810	-2.1182962	53.1911661
Burtle	2718876	-2.8675673	51.1823704
Tixall	6969337	-2.0425702	52.8093619
Hilton	6945952	-2.0702153	52.6416077
Hatton	2759295	-1.6449790	52.2992157
Sheepy	6655258	-1.5321748	52.6045494
Tanque	5520364	-43.3573792	-22.9140311
Hatton	1433113	-2.5979979	53.3358453
Fovant	5572997	-1.9926310	51.0554611
Carrow	5537462	-7.8101437	52.5518850
Keelty	4201648	-8.3794087	53.7153345
Krupka	433936	13.8247616	50.6867018
Rabows	5661422	-7.2053903	54.1530475
Carrow	5614354	-8.0595179	52.5993095
Ruanes	6160372	-8.7370386	52.1496562
Ousden	4537568	0.5415997	52.2040880
Mensengesäß	7429010	9.1699398	50.0762029
Carrow	5339253	-8.2518578	52.3080200
Mehrum	69536	6.6310910	51.5780990
Creevy	2295444	-7.4469774	53.7958411
Koburk	428716	16.6670337	49.9690196
Krakov	434278	13.6448191	50.0399201
Koclov	434548	13.7966500	49.2499412
Nuzice	435178	14.4521277	49.2654817
Zbiroh	425756	13.7771549	49.8553329
Věstoňovice	426002	15.8595750	49.2906385
Klemov	429500	16.6129748	49.4398926
Přední Chlum	433636	14.1985224	49.6081959
Bolton	4768115	-6.8259582	52.9557671
Alasty	4628950	-6.6004947	53.2718434
Borowe	7697073	16.8756239	50.7083269
Otford	2280898	0.1866708	51.3109164
Ketley	7009903	-2.4774158	52.6933653
Carrow	5554602	-7.8740688	52.2920969
Corboy	5386512	-8.1157435	53.5845299
Horní Žukov	433863	18.5616701	49.7219019
Burren	5498792	-7.8868160	54.2638414
Pontal	2015145	-40.8095201	-21.0002020
Cerovo	2266140	19.1751614	48.2538594
Croboy	4240799	-7.0421402	53.4836790
Carrow	5586440	-8.2599317	52.8177396
Hilton	5380792	-8.0804353	52.9482605
Lezant	5762448	-4.3540448	50.5863684
Molino	1485315	120.9880494	14.3866366
Hatton	2043710	18.5345515	-33.9805511
Guilon	1520225	125.7425188	7.0640100
Burren	5298828	-6.3766705	53.8177102
Oolong	6074608	149.1828505	-34.7931017
Copney	4638594	-7.0682057	54.6406850
Bolton	5194270	-7.3856763	52.5380616
Apsley	3181087	141.0871816	-36.9903950
Tamary	4774788	-6.1911763	54.2089996
Lemnos	2505823	145.4749862	-36.3480651
Vectis	3171869	142.0590705	-36.6731500
Burren	4720254	-6.2696281	54.1341177
Atwood	129695	-101.0405758	39.8122325
Sigurd	199001	-111.9656283	38.8542715
Zwiartów	7062586	23.5092400	50.5583272
Bagieńsko	6853344	19.8672465	53.7408597
Musawa	3711510	7.7097377	12.1112494
Herron	142386	-109.7702735	48.5310560
Butler	119938	-84.2375368	32.5575224
Nowa Dąbia	5577764	21.9117407	51.6571908
Hatton	181718	-97.4579588	47.6366580
Koziel	6634340	20.7478286	51.7752845
Ploske	6064749	24.0125749	51.4562338
Windom	129714	-97.9109679	38.3834252
Kester	4120353	4.1024698	50.7629643
Anusin	3651755	21.6054754	51.2033963
Blizno	5430688	23.0507387	53.9601610
Koziel	6362222	20.9722659	50.7532164
Janowo	3998593	17.2922963	52.3221698
Laszki	6725292	22.9049296	50.0216080
Janowo	4773799	17.1945441	51.5935961
Vellev	5867429	9.8218508	56.3693325
Smolne	6109363	16.4992635	51.5150073
Munday	113840	-99.6260819	33.4493069
Anusin	6825850	23.1382223	51.1757366
Olewin	3371327	18.6407075	51.2244117
Sholes	169694	-97.2941132	42.3339830
Verdon	195073	-98.0992130	45.2446180
Wioska	6203675	16.4649853	51.7447416
Atwood	197483	-88.6656400	35.9777380
Janowo	6637614	20.3188389	53.1903292
Assent	4636471	5.0136688	50.9467713
Hosmer	195115	-99.4736379	45.5787800
Butler	184921	-99.1997717	35.5827170
Mametz	1402895	2.7493785	50.0019325
Atwood	184287	-96.3390219	34.9588358
Ziesar	946003	12.3803928	52.2307994
Verdon	3216901	0.6280309	44.8154523
Zasole	3341030	19.1891264	49.9557110
Verdon	169611	-95.7102064	40.1489145
Civray	388459	2.1809192	46.9791390
De Soto	119722	-84.0638086	31.9547800
Krosna	6034075	20.5269504	49.7790905
Margny	3256542	5.3635327	49.6187625
Butler	130616	-84.3723550	38.7879564
Janowo	6761571	23.7643853	52.8267089
Jastew	6081147	20.6806190	49.9585526
Sailly	3259799	5.1699788	49.5982920
Pontal	7762140	-52.2310108	-31.7807657
Tucker	6981895	-77.8874908	18.4502004
Coucou	4003927	4.6156659	44.7986638
Parque	6881123	-57.9839886	-30.7414118
Parque	3207498	-68.1182573	-38.8349292
Krupka	3258664	19.6842684	50.2003841
COVIFE II	5525231	-58.0752405	-32.2977700
Hatton	237644	-118.8275856	46.7734899
Butler	195078	-97.7150137	45.2606510
Sailly	3337492	4.5670627	46.5316596
Verdon	1771797	3.6252582	48.9491404
Sailly	1102449	5.2768322	48.4348930
Meszna	2930812	19.0566963	49.7461955
Okonin	6863897	21.5446537	50.0352646
Margny	2737486	3.6607606	48.9224279
Bayeux	301421	-34.9227444	-7.1252056
Warnau	3670696	12.1788793	52.7530243
ež. Kaviškis	5376185	23.5825295	54.0058885
Parcoy	1968032	-77.5231894	-7.9844688
Hongos	1944725	-75.6658274	-12.7611701
Gudaičiai	6885531	23.0013618	54.7853266
Gaveikių ež.	4494380	25.4034899	55.0345579
Choros	1901127	-78.7683204	-5.9166552
Olewin	5652811	19.6085607	50.2818964
Chugur	1900938	-78.6998622	-6.6892702
Wipsch	7126637	7.7148508	50.3335987
Parque	4207791	-75.8776880	5.6556046
Klucze	6100014	16.1607818	51.6825775
Schuir	3243247	6.9640048	51.3992242
Maraty	3664461	54.9170327	59.6972153
Juodis	5847698	25.4412839	54.7802527
Podłaźnisko	6844301	23.5036991	53.3026152
Niepos	1900640	-79.1152210	-6.9349462
Orbois	6845081	-0.6843566	49.1287745
Larsmo	1855922	22.4879404	63.8515114
Salaičiai	906730	25.8754493	55.2482337
Jurgežerių ež.	7003067	23.1596447	54.4233635
