Oslo	406091	10.7757291	59.9723974
Würzburg	62464	9.9434804	49.7780355
Linz	86708	14.3016253	48.2950643
Jersey	6956667	-2.1256000	49.2123065
Jersey	367988	-2.1926160	49.1245833
Burgos	344165	-3.6812477	42.3448497
Sonora	1673426	-110.5548475	29.3927211
Espins	171987	-0.4123208	48.9998901
Wailly	224362	2.7238977	50.2480071
Brouay	147109	-0.5635125	49.2093023
Rugles	2805848	0.6886695	48.8146592
Iviers	153017	4.1382916	49.7881306
Pithon	2950699	3.1026833	49.7557028
Socx	135838	2.4200416	50.9370514
Mons	1949374	3.9776387	50.4457883
Drosay	157383	0.7349450	49.7944507
Vonges	153364	5.3887457	47.2885737
Urau	1388175	0.9515829	43.0004447
Merris	74148	2.6554312	50.7163707
Venaus	44372	6.9764529	45.1720832
Woirel	1289084	1.8195185	49.9575149
Tursac	3243197	1.0388850	44.9743702
Butten	1174670	7.2484523	48.9717419
Couret	391156	0.8204525	43.0483023
Pretin	544424	5.8373624	46.9292310
Pouzac	162635	0.1265212	43.0783651
Eyrans	398976	-0.6104321	45.1966665
Saleux	114380	2.2174112	49.8622316
Limons	1205377	3.4503230	45.9777004
Mouthe	106028	6.2076645	46.6834647
Poincy	402261	2.9228248	48.9738862
Sartes	935036	5.6644378	48.2424562
Viey	2332912	0.0137614	42.8959955
Lindry	958603	3.4323767	47.7998594
Jeugny	2622965	4.0584068	48.1138651
Burgos	349004	-3.6765389	42.3247142
Tesero	47037	11.5165037	46.2780328
Pléchâtel	140830	-1.7247917	47.8758988
Fornex	1964326	1.2423702	43.1659887
Ouerre	2378808	1.4954043	48.7078682
Sinsat	1840200	1.6620257	42.7983975
Tharot	282555	3.8631500	47.5350036
Irigny	186340	4.8138776	45.6748477
Barzun	167693	-0.1359512	43.2165251
Bañobárez	346125	-6.6237956	40.8282786
Waly	2979293	5.0979657	49.0233523
Mauron	125342	-2.2974931	48.0840103
Slough	117097	-0.5748722	51.5034269
Seynod	76707	6.0842845	45.8616575
Koto	3554015	139.8124555	35.6342265
Noyalo	959438	-2.6768557	47.6033779
Torgau	534447	12.9937122	51.5390302
Cléguérec	123783	-3.0733814	48.1274048
Lormes	1374063	3.8330291	47.2939956
Blessy	1143134	2.3323563	50.6164438
Tigy	150222	2.1905414	47.7798676
Soulan	2101940	1.2303926	42.9052787
Arthun	568514	4.0388008	45.7652948
Ayrens	129325	2.3357648	44.9907660
Villaz	103366	6.2033292	45.9537519
Lizant	139952	0.2851288	46.0791836
Quer	345774	-3.2825128	40.6136119
Loos	58402	3.0176520	50.6078021
Dawuro	3306764	37.1051835	6.9730589
Musoma	1243796	33.9196448	-1.7041951
Stains	158809	2.3849760	48.9577515
Ugento	40115	18.1571625	39.9210546
Sussac	117285	1.6500473	45.6564929
Josnes	271147	1.5348740	47.7945317
Taulis	2924113	2.6228273	42.5155074
Marzio	46535	8.8572404	45.9371005
Louans	422644	0.7547544	47.1811386
Ripoll	340544	2.2087025	42.1897859
Stresa	46337	8.5098058	45.8859378
Tusa	39471	14.2411200	37.9835258
Orveau	1229890	2.2937800	48.4489259
Hernádvécse	1317838	21.1659106	48.4511756
Schrum	443081	9.2655163	54.1805574
Mouhet	966431	1.4367746	46.3853207
Osburg	1256963	6.8122588	49.6982529
Řícmanice	442017	16.6958112	49.2588959
Morgex	45956	7.0231363	45.7536884
Rois	346198	-8.7201916	42.7885760
Druten	418690	5.6121266	51.8689147
Druten	2728546	5.6004258	51.8847333
Zimone	45025	8.0419583	45.4507423
Copons	339966	1.5205442	41.6473100
Rogolo	46835	9.4872962	46.1094772
Roth	158556	11.1181016	49.2368841
Ernzen	1163502	6.4160283	49.8386824
Ranton	140750	-0.0379768	46.9973717
Fülpösdaróc	1452446	22.4831818	47.9399253
Imst	77102	10.7006903	47.2759021
Oxford	109850	-89.5244628	34.3522089
Nomrog	7304913	97.0046129	48.9087137
Togrog	7297917	103.2825576	45.2576924
Galuut	7304749	100.1457948	46.7402256
Togrog	7304785	94.8385974	45.7729130
Burgos	5605597	-98.8581425	24.9258211
Moro	3718102	4.5154722	8.8535637
Burgos	4664539	126.0675716	10.0163459
Yayladağı	1240892	36.0984191	35.9401413
Sandys	3644223	-64.8746567	32.2738167
Karşıyaka	1268483	27.1287548	38.5030997
Nyim	1367936	18.0934722	46.7994893
Budíškovice	437435	15.5307768	49.0770553
Namtso	1260423	90.5899967	30.7153750
Moivre	2765529	4.6720952	48.9428274
Tagyon	1078627	17.6786081	46.8967646
Sindou	5672144	-5.2153210	10.6921416
Žimutice	437647	14.4714938	49.1803293
Oxford	182574	-84.7472445	39.5070761
Roth	62431	11.0566523	49.1952934
Sori	43096	9.1106329	44.3893765
Sorano	42120	11.7010055	42.6979676
Knyk	440508	15.5824393	49.6460270
Moudon	1685066	6.7854957	46.6704031
Rogers	111547	-94.1330305	36.3355710
Czersk	3090302	17.9719792	53.7897957
Cvikov	440203	14.6321006	50.7731711
Perret	386526	-3.1490721	48.1855634
Rusava	437462	17.7107248	49.3520911
Dambořice	441150	16.9153925	49.0391084
Zalewo	2985049	19.5825300	53.8389229
Chlumy	438182	13.6423759	49.4367494
Lipsko	2693239	21.6502665	51.1628694
Zanzan	1609813	-3.2441426	8.5089931
Cuarny	1684935	6.6913931	46.7689288
Sers	397162	0.3172746	45.5819499
Trub	1682691	7.8833072	46.9479830
Tolosa	342239	-2.0908498	43.1276405
Spay	107704	0.1545490	47.9214845
Kostel	541301	14.8556490	45.4997727
Pucung	5615427	110.7906857	-8.1635504
Uodu	4807796	137.4693099	36.7768505
Mulo	5615644	110.5874956	-8.0307174
Fuso	4567443	136.9178479	35.3601050
Susami	3344462	135.5229903	33.4450503
Wakuya	4154417	141.1645118	38.5570950
Tervel	1933117	27.3766874	43.7533805
gmina Długołęka	3049633	17.1988261	51.1882645
gmina Fałków	2920901	20.0718018	51.1313551
Oslo	2775550	10.7757291	59.9723974
Yasugi	4087881	133.1922612	35.3452069
Nesset	406843	8.1416674	62.5915538
Oxford	179019	-78.5872287	36.3146595
Marlow	372363	12.4785887	54.1680625
Nana-Mambéré	2954785	15.2798098	5.8428655
Gulu	3497245	32.4190553	2.8763527
Svojek	439032	15.4651048	50.5513914
Wülknitz	551076	13.3889254	51.3786796
Sool	1720066	47.6105180	9.0697622
Le Vert	1297108	-0.3951554	46.1031541
Sonora	115173	-100.6466125	30.5729425
Pessin	1343593	12.6758680	52.6509632
Muri	1684371	8.3389674	47.2717821
Douliu	3630187	120.5694286	23.7053458
Hurn	4138053	-1.8279574	50.7764615
Sins	1684427	8.3791361	47.1812934
Asques	102563	-0.4213934	44.9487150
Pfyn	1684548	8.9546617	47.6070368
Siriri	303916	-37.1256734	-10.5600340
Meerut	1958010	77.7756376	29.0056956
Hort	1417680	19.7898260	47.6948818
Sonora	112236	-120.3818158	37.9841280
Mons	2372934	3.9090349	50.4600967
Ploski	6924284	23.2575181	52.8843431
Urdorf	1682224	8.4267945	47.3809488
Spay	544550	7.6452992	50.2585257
Longos	4112279	-8.3688548	41.5237463
O Grove	346268	-8.8961299	42.4700792
Utuado	4468189	-66.6922451	18.2502387
Oxford	1844185	-71.8674504	42.1313709
Trin	1684192	9.3495696	46.8555602
Yarova	3944635	37.6454567	49.0544535
Crosby	181612	-103.2959918	48.9123490
Burgum	2645613	5.9969607	53.2018523
Remy	269933	2.7044110	49.4413947
Rotsee	1676756	8.3141956	47.0697257
Smrk	428068	16.0134754	49.2241135
Oxford	188715	-75.9815704	39.7861627
Mons	2131012	6.7122099	43.7038802
Grou	1516021	5.8521693	53.0967057
Hoym	2215508	11.3096240	51.7797016
Tolosa	3265957	-57.9811085	-34.8999063
lake	2770767	100.4613885	-3.3367422
Oxford	110495	-85.9307096	33.5927734
Muhura	1730295	30.2809759	-1.7501555
Lac en O	7084726	-70.0761169	46.5645696
lake	1183545	29.6869375	-11.6477501
Estero	5900128	-86.5328838	11.8242842
Vismen	3433706	14.2773519	59.2709111
Swieqi	7510591	14.4738275	35.9231206
Naxxar	7510595	14.4347717	35.9299267
Toko	3836233	9.1092856	5.1807013
Mållången	2377012	15.8577635	61.2103257
lake	444033	114.1122199	30.5290023
Lontta	88675	30.1306135	63.4121217
Hätälampi	6523434	26.7615845	61.3321841
Arutua	6063063	-146.5268110	-15.5252146
Tasevo	6378431	19.6763339	43.3877850
Stubik	1706511	22.3232312	44.2955333
Mazool	6558322	58.8327187	36.3496697
Annowo	5482555	17.0156577	52.4981579
Pniewo	5345571	20.8408311	52.5894412
Psucin	5345574	20.7761385	52.5154432
Tolosa	6440336	-7.7215466	39.4134864
Nasławice	6376514	16.8193001	50.8924454
Kłodnia	7634077	17.8521902	53.7970854
Białopole	7082140	23.7303235	50.9836998
Ruplje	7220853	22.2214802	42.8287481
Vatnet	4795651	13.8353679	67.0746277
Pahtpää jõgi	4572773	27.3996889	58.0715551
Jovatn	5341930	29.6623455	70.6054680
Lirios	4468507	-65.9408731	18.2161121
Yaurel	4467738	-66.0691840	18.0230749
Renkum	418742	5.7916922	51.9916849
Vajont	179178	12.6916881	46.1425810
lake	295446	114.1070908	30.4443424
Lac à l'Est	1429523	-70.3234924	47.9356582
Loum	3834260	9.7704769	4.6964259
Rumi	3709572	7.9867809	11.4167388
Room	5876577	81.8321398	28.8163585
Titiwa	3721464	12.9414680	12.2200314
Zareku	3703548	9.7940566	12.1896914
Durr	3722337	9.3978440	9.9396125
Kajuru	3709480	7.6802869	10.3316629
Gulu	3710524	8.2946962	11.8478002
Romo	3710696	8.1448308	12.0799485
Sonaul	6950699	85.7600414	26.7567176
Harpur	6441945	84.8571447	27.1546621
Harpur	6060161	83.6841313	27.4512252
lake	170899	-110.8228466	40.6414269
Fermoy	7033459	-8.3619072	52.1892005
Melovo	6659311	21.7893122	42.7683098
Oxford	394037	-1.2440741	51.7537354
Syabun	6685636	87.3130538	27.3775763
Longmu	6345958	114.5803084	26.1928159
Wendou	5838633	108.5020056	29.8670906
Thumki	5385371	84.1922340	28.1452058
Kızılcaören	1690317	30.7486872	39.8674644
Croy	1684933	6.4867178	46.6854771
Mons	76107	4.1770458	44.1221060
Juncos	4468514	-65.9139804	18.2066971
Cyprki	6860006	22.3663945	53.6501765
Wyżary	7008736	23.6020010	53.1591604
Stedum	2473668	6.6904639	53.3192309
Imst	77101	10.9377039	47.0792089
Roth	1204716	7.4669990	50.0805040
Oxford	135056	-83.2563233	42.8199555
Czersk	4432703	21.2368319	51.9605500
Oconto	251964	-87.8671554	44.8919525
Dussen	144827	4.9657397	51.7350196
Marlow	451337	-72.2171461	43.1284719
Wespen	2263281	11.8191316	51.9561112
Roth	1243986	7.7996624	49.9438051
Borkou	2537744	18.1456802	17.4686886
Łódź-Polesie	2413177	19.4130543	51.7564341
Milzau	2406471	11.8830412	51.3686895
Kołodzież	6855132	22.7640701	53.3835242
Oxford	119608	-83.8712119	33.6285890
Roth	539707	7.8933587	50.2703751
Rifton	176338	-74.0393404	41.8312945
Roth	420580	7.7033084	50.7606390
Omro	251390	-88.7345843	44.0371740
Kulaly	3107000	50.0290349	44.9325302
Xifios	1726976	24.3339121	40.8771405
Sifnos	531978	24.7081359	36.9714013
Urvika	7829097	14.2180356	68.1707840
Kumlet	7367452	21.3012080	62.1583259
Thasos	537593	24.6511815	40.6844261
Ko Rapu	5850894	99.1500504	7.6130640
Szpaki	6921298	22.9606869	52.8090672
Speers	187264	-79.8780666	40.1221000
Mons	270492	2.9596275	43.5712705
Dobrohošť	437439	15.4930161	49.0799944
Piekut	6628504	21.1255096	51.8782903
Waskom	6603694	-94.0634577	32.4766769
Sers	2331004	0.0823432	42.9097123
Zaręby-Święchy	7051775	22.3093027	52.8621735
Lisove	7636617	29.1372420	50.8830519
Malá Morávka	437756	17.2665080	50.0451413
Saints	185782	3.0577614	48.7617003
Rogers	137442	-93.5503307	45.1948490
Ulakly	3946801	37.0869531	47.9963911
Ouenza	6618848	8.1419936	35.9427285
Crosby	136749	-93.9570678	46.4894369
Dolní Branná	440069	15.5976203	50.5943539
Oxford	132841	-70.5123172	44.1363565
Pniewo	7083602	22.2065557	53.1119439
Jugu küla	354718	26.9834941	57.6804340
Rusa küla	350718	27.0497089	57.6256212
Saru küla	353170	26.5447485	57.6087837
월계3동 (Wolgye3-dong)	3882989	127.0641880	37.6261309
Mehrow	1715851	13.6428654	52.5739806
Slonim	6722458	25.3413003	53.0876765
Quinta	7337825	-52.4250027	-32.1482287
Lisove	4099441	32.3267420	48.8396055
Siriri	6164512	-37.1256734	-10.5600340
Chulym	7657371	80.9591197	55.0907044
Sonora	5214139	-54.6168114	-17.6163085
Chouto	6458306	-8.2844989	39.2321447
Roth	3333829	9.1550496	50.2115199
Tuapse	3532696	39.0823556	44.1100099
Dobrohošť	2206745	17.3597843	47.9864235
Holz	4523920	6.9848211	49.3295787
Sepins	6549259	-8.5061732	40.3816451
Roth	7696904	8.7205375	50.7255460
Sejkov	2386778	22.2161158	48.6895151
Kolu küla	353935	25.2613087	58.8122813
Kolu küla	353926	25.0592778	59.1964854
Smilno	2277792	21.3507539	49.3816195
Snakov	2277754	21.0407784	49.3402150
Taunay	4108856	-56.1016863	-20.0732076
Kuri küla	350697	22.9249440	58.9516327
Kolu küla	354147	23.5104298	58.8738193
Wailly	6888450	2.1401543	49.7729265
Rakovo	2183289	18.8910065	48.9821368
Vrútky	2183310	18.8726193	49.1292708
Kokšov-Bakša	2384711	21.3229887	48.6423875
Arutua	6062960	-146.7707364	-15.2198385
Wülknitz	2110925	11.9343153	51.7280512
Brinny	7033462	-8.7154991	51.7879958
Oxford	2021429	-63.8597654	45.7334077
Itaembé Miní	5963315	-56.0040979	-27.4747978
Quin	6797878	-8.8516589	52.8130381
Ullern	1279940	10.6651318	59.9258182
Rowe	1844250	-72.9045912	42.6971054
Kozłowa Góra	2730749	18.9452021	50.4126677
Geltow	374346	12.9624923	52.3705649
Oxford	176187	-75.5960368	42.4408639
Tylawa	6321556	21.6982392	49.4632110
Ursina	189080	-79.3326591	39.8165675
Muczne	5454818	22.7441523	49.1119543
Rogers	181578	-98.2031109	47.0734355
Corwin	182170	-84.0701639	39.5250499
Custar	183384	-83.8438312	41.2852639
Oslo	137881	-97.1297085	48.1969285
Miny	6213909	19.8975832	50.8050582
Oxford	133733	-76.1693504	38.6835534
Poplin	6730342	22.8868545	54.3198046
Acquoy	2730147	5.1281612	51.8995764
Pelzer	191986	-82.4642921	34.6458210
Wörmlitz	3724551	11.8502761	52.1706033
Teosin	7144656	23.7388925	51.1466912
Rezhet	6808669	39.6808529	44.1885708
Jarnołtówek	3963285	17.4364339	50.2756102
Głogoczów	3547222	19.8701456	49.9031371
Dows	128722	-93.5011734	42.6628626
Tolosa	5426251	125.0515748	11.0241421
Rogers	183308	-80.6276669	40.7898375
Lisove	7327992	27.4256754	51.1388423
Sunman	127364	-85.0944447	39.2364805
Pavliv	3167327	24.8151585	49.4425652
Batorz	7467394	22.4998830	50.8453662
Oxford	251422	-89.5577081	43.7796770
Marlow	185167	-97.9548822	34.6291720
Quilho	7837406	-8.3097879	40.4241916
Rakovo	6155540	42.0854918	54.1462481
Yarino	1646922	55.0693669	58.3275163
Yarino	1956296	56.5671638	58.4675034
Tuloma	1451498	32.6851445	68.8122043
Iliovo	6857676	22.6379864	41.9928300
Stinik	6868994	22.9220572	41.4766569
Bomovo	6481645	20.4831552	41.5042430
Shum	6479389	20.6378360	41.1827352
Mannus	5975279	147.9390368	-35.8313054
Ournie	5977644	147.8537673	-35.9459036
Longos	7531749	120.3576973	15.9888538
Oxwich	2729894	-4.1691834	51.5582974
Jägerhöhe	7452908	12.3316991	49.1944896
Burt	135252	-83.9131972	43.2367834
Oxford	127551	-87.2489531	40.5231990
Oconto	169748	-99.7610199	41.1405239
Oxford	169362	-99.6326863	40.2545520
Zarren	2244224	2.9560334	51.0049927
Lipsko	6904044	23.3531529	50.3432612
Żegrze	3446974	16.9688426	52.3765932
Vass	180005	-79.2817729	35.2563440
Merwin	141700	-94.5914316	38.4037315
Staley	180321	-79.5507103	35.7974639
Waubun	137107	-95.9410136	47.1841115
Muir	134419	-84.9360928	42.9973330
Oxford	128465	-91.7897241	41.7249829
Thor	129251	-94.0495710	42.6881158
Mons	35759	1.5750723	43.6092079
Terril	128802	-94.9695059	43.3059355
Moro	186459	-120.7329654	45.4843875
Nasławice	6552286	21.5354071	50.6681330
Rogers	6584725	-97.2249807	30.9248725
Cychry	6635291	20.6549001	51.8909729
Iwno	6109450	16.4651321	51.4203812
Średzińskie	7099842	23.0377006	52.9417276
Iwkowa	6084296	20.5816252	49.8176377
Kariotiškės	5991885	24.9990947	54.6738793
Meraux	131731	-89.9197891	29.9269610
Lipsko	6046896	23.2073559	50.6535899
Vrútky	2228480	18.8726193	49.1292708
Marlow	6039483	151.1686182	-33.4665040
Curuçambá	6064026	-48.3768748	-1.3232032
Vrbany	2187751	18.5168984	48.7530877
Snakov	2277732	21.0407784	49.3402150
Lyroge	4525293	-7.6321234	52.8450618
Moor	4779544	-8.4716132	53.7859006
Lisboy	4198583	-8.4431762	53.7433612
Rerrin	5821633	-9.8130630	51.6369860
Variku	4571316	26.7098572	58.3534917
Lustia	4206145	-8.0880499	53.9970796
Tirlin	5527458	-7.9084889	55.1053591
Lisboy	5370943	-6.9630673	54.3069837
Väst på stan	52813	20.2442208	63.8310001
Pitogo	131671	121.0444863	14.5572778
Hornby	2066934	172.5267543	-43.5515237
Moor	5550073	-7.8877754	52.5188934
Lugboy	5381468	-8.1778862	53.4268280
Moor	5680561	-8.4045817	53.1398937
Garrow	6152601	-9.4986949	53.7706977
Toppan	4068414	-7.8113817	54.2875475
Moor	2385743	-7.7037020	53.6679082
Roth	1485044	6.6262295	50.2534307
Ralusk	5540592	-9.0595450	53.5119930
Lisboy	3572468	-7.4003581	54.3688362
Killow	5254671	-8.9383275	52.8228108
Lugboy	5193819	-8.1540230	53.8266936
Moor	6227433	-8.8420130	53.3172075
Cuilly	5632609	-8.0469793	54.6406722
Quin	6238718	-8.8626318	52.8177323
Brinny	6169356	-8.7022967	51.7909855
Corwin	4584214	-7.2486367	53.8019053
Moor	2298039	-6.2737688	52.6168150
Lisboy	5484020	-7.2045527	54.4126223
Dobrohošť	2206607	17.3597843	47.9864235
Rakovo	2228463	18.8910065	48.9821368
Sejkov	2386743	22.2161158	48.6895151
Sorano	2975189	2.4393907	48.8505749
Yarras	6056465	149.6740782	-33.3658904
Sampor	2265004	19.2047358	48.6259166
Kokšov-Bakša	2384582	21.3229887	48.6423875
Yarras	6063911	152.3598932	-31.4356905
Toppan	3904785	-7.9117005	54.3280389
Gour	5812537	-9.9812215	51.6288738
Veľká Poľana	2323989	22.3163640	49.0919963
Smilno	2277731	21.3507539	49.3816195
Pilhov	2276181	20.6925074	49.4041239
Urunga	6063852	152.9967431	-30.5188282
Trinta	7214949	-54.9803249	-28.3982826
Koppio	6333890	135.8651269	-34.4215839
Saints	6603740	138.3409780	-34.1555245
Sleaty	4641449	-6.9422357	52.8569204
Pau Sud	3730564	-0.3402092	43.3037268
Gayton	66378	-0.9691892	52.1855316
Hornby	7762220	-1.6621406	54.3319215
Weeton	7674850	-1.5804593	53.9181886
Thorpe	7318559	-1.9952521	54.0435431
Snug	5361646	-6.1794678	53.3856377
Rattin	4159607	-7.1746461	53.4474602
Lisboy	5477777	-6.7885712	54.5473132
Gayton	1022518	0.5862161	52.7439261
Stasin	7699522	16.8577325	50.7188476
Muri	6561936	7.4862926	46.9264248
Holtby	7235170	-0.9876160	53.9760644
Toft	1401935	-2.3689609	53.2794498
Eluney	3207495	-68.1539937	-38.8172224
Oxford	5747959	-9.0214044	53.8459774
Ranton	6969910	-2.2147563	52.8122338
Gayton	6979198	-2.0301601	52.8611482
Marlow	3727240	-0.7753704	51.5689394
Latton	5149717	-1.8363716	51.6535163
Wilcot	5493509	-1.7843552	51.3620131
Aust	3574547	-2.6031809	51.6122361
Le Pont	7311452	-0.8594913	48.5487549
Pett	2835971	0.6769223	50.8964964
Tonwee	3505020	-9.3322903	53.4361385
Cvikov	433915	14.6304864	50.7888453
Dolní Branná	431343	15.5976203	50.5943539
Latton	5684114	-6.9568508	54.0741467
Svojek	428547	15.4596063	50.5580872
Marlow	5475624	-7.9676374	52.6256516
Ower	4051731	-9.1580560	53.4747431
Ower	3656139	-9.1742710	53.3859521
Took	5748094	-7.7917116	52.1700935
Quinta	6594838	-8.6917950	41.9682115
Quinta	6594837	-8.6961133	41.9648646
Budíškovice	434250	15.5258058	49.0786635
Lisboy	4668723	-7.2098320	54.5762868
Soulan	2471287	0.1720778	42.8315136
Oxford	3877768	-49.4046734	-26.2148384
Hetton	7149546	-1.4529344	54.8193057
Lisboy	4853714	-8.1891183	53.8353076
Lesy	431221	17.6075306	49.8415065
Žimutice	423667	14.5306227	49.2119999
Knyk	429650	15.5824393	49.6460270
Kamenička	433725	15.8090338	49.3760780
Chlumy	433699	13.6423759	49.4367494
Čímice u Sušice	424251	13.6122337	49.2498366
Dobrohošť	434572	15.4930161	49.0799944
Řícmanice	433701	16.6958112	49.2588959
Malá Morávka	434492	17.2772931	50.0517642
Rusava	431548	17.7107248	49.3520911
Mautby	1022372	1.6571999	52.6365144
Ditton	2333905	0.4550328	51.2921315
Moyfin	4278280	-6.9542411	53.4756921
Těšnovice	432088	17.4158252	49.2651324
Latsey	5733224	-7.0510785	53.9896651
Dambořice	428506	16.9153925	49.0391084
Terezín u Čejče	429396	16.9464604	48.9687139
Vadčice	434082	15.2628257	49.4946837
Milson	7037300	-2.5254545	52.3546899
Astley	4581078	-2.6891991	52.7573650
Nesměň u Zásmuk	428258	15.0153211	49.9291540
Tasley	7064678	-2.4518210	52.5392477
Owning	5306671	-7.3404854	52.3941557
Garrow	3258816	-8.3241083	53.9960166
Trotha	7361571	11.9585745	51.5145178
Lustia	5501272	-8.0303785	54.0300616
Renkum	2728475	5.7434375	51.9920102
Lisboy	5394414	-6.6712360	54.6174452
Lisboy	4253233	-6.6064982	53.8049548
Moor	3643040	-6.5566446	52.2473213
Sarney	4465125	-6.5120116	53.4252630
Suzana	3408955	-43.9334261	-19.8652780
Drumay	5459128	-6.7479069	54.4412036
Fermoy	6051846	-8.2664483	52.1291752
Lisboy	4800761	-6.6856516	55.0164803
Greevy	5459693	-7.5343591	54.6762967
Lisboy	4458990	-6.4181089	55.0710480
Furner	6719251	140.3348353	-37.4142878
Caruru	7395163	-49.0433769	-28.4184581
Lisboy	4595071	-5.6730152	54.3585514
Lisraw	5297940	-6.3991180	54.3010167
Pelton	6059202	151.3198476	-32.8809842
Whoota	6059327	152.4822039	-32.3167192
Sirnau	5734257	9.3402650	48.7202424
Remy	184064	-94.5008794	35.4580249
Mons	396702	-0.0317970	45.8734219
Stasin	7646167	21.8936030	50.9751503
Matazu	3711509	7.6587900	12.2380556
Portal	181639	-102.5456428	48.9937715
Drezno	3651756	21.6332213	51.2059345
Oxford	130161	-97.1704602	37.2732794
Stasin	4461640	20.0912073	51.3218923
Houtem	2242982	2.6043057	51.0069146
Dunlop	6246036	149.0195487	-35.1948867
Kajuru	3709365	7.7714939	10.2550514
Ivey	119494	-83.2973479	32.9094390
Otok	6060812	15.5211245	51.2314895
Zimnik	5595977	16.2528452	51.0092144
Burt	128910	-94.2197471	43.1992645
Portal	119540	-81.9302218	32.5363394
Mrowla	6878503	21.9165365	50.1024108
Stasin	7649898	22.2072563	51.0528521
Jersey	119750	-83.8001015	33.7177135
Kinnum	2649042	5.2754296	53.3746405
Purdin	140635	-93.1662772	39.9489245
Kaylor	195210	-97.8444293	43.1919438
Sonora	334040	-54.6168114	-17.6163085
Curlew	128449	-94.7378087	42.9777779
Stasin	2415333	22.4730067	51.2080441
Oxford	121286	-112.0179500	42.2583575
Stasin	7637294	22.2770154	51.2238327
Sonora	130633	-85.8999959	37.5311529
Kryg	4517973	21.2537967	49.6566333
Białopole	6076218	14.8944001	50.8781487
Mons	154522	-0.3368584	45.8052670
Mons	390216	3.4343602	46.0027147
Więciórka	5117484	19.8374667	49.7618974
Supe	1944850	-77.6020377	-10.8143213
Phase 10	3188282	121.1138049	14.5416652
Pfyn	6183628	8.9527221	47.5973643
Lirios	7354265	-66.2221472	-17.4007531
L'Oasis	2750996	55.6787703	-21.0462341
Zenith	7511178	-122.3177246	47.3856333
Myotha	6604947	95.7236975	21.6655929
Quinta	6301796	-8.5208785	41.4683180
Le Pont	4000069	4.6182969	44.8040563
Riso	2247198	9.8394498	45.8595139
Zalewo	4268366	19.6067318	53.8451317
Wino	3257343	19.8440986	50.1649804
Tusa	2867398	23.6421226	62.5617674
Sins	5726146	8.3944434	47.1915294
Vretbo	4670993	16.0208919	60.2439755
Quinta	6594842	-8.6922052	41.9675209
Toay	3399839	-64.3779218	-36.6738908
Atrium	3756420	76.9719432	28.4477333
Spruce	3627467	76.9551859	28.3632765
Lucy	1675573	6.4796803	48.9412597
Rogers	169533	-96.9156630	41.4647780
Nakusp	2221422	-117.8158722	50.2512396
Lucy	3020880	1.4415122	49.7707347
Tiltil	175894	-70.8849146	-33.0757996
Gačioniai	5680975	24.0008786	55.8844549
Asques	133732	0.9551748	44.0085067
Torgau	2984758	12.9895510	51.5385964
Aizy	6822829	3.5202026	49.4333276
Petrer	345286	-0.7197183	38.4946022
Lloque	1875903	-70.6368431	-16.2977878
Huaros	1944738	-76.4761321	-11.4098513
Moro	1953297	-78.1263681	-9.1592291
Jančiai	6885566	22.9281949	54.7645778
El Viso	346771	-5.0288102	38.5987459
Llusco	1923759	-72.1560681	-14.4324169
Zalewo	6853348	19.7759523	53.7233599
Mimainių ež.	6003150	24.3568470	55.2451673
Stau	3325016	8.2194896	53.1402767
Fonz	341532	0.2374349	42.0034489
Teungo	3720377	11.8911239	7.8695991
Światłowiec	3850294	18.3398013	50.0380212
Cervos	2198369	-7.6794910	41.7543351
Tatoft	2563445	-5.7460152	34.9866056
