Moscow	102269	37.3561001	55.5498750
Erfurt	62745	11.0268028	50.9855808
Santos	298442	-46.2915357	-23.8630000
Gavrus	172209	-0.5063614	49.1165565
Speyer	62352	8.4292367	49.3295396
L'Oudon	134108	0.0559161	48.9605609
Wismes	2666909	2.0850494	50.6644621
Montay	54788	3.5356968	50.1240732
Bertry	55623	3.4430639	50.0835084
Origny	146332	4.6305343	47.7131385
Sonnay	168172	4.9160614	45.3563068
Sassey	550088	1.2250609	49.0484639
Vittel	939961	5.9618357	48.2062616
Saumos	110597	-1.0065280	44.9110225
Voires	1308400	6.2543065	47.1025891
Naours	1352295	2.2841334	50.0467671
Crugny	2592364	3.7313377	49.2513718
Loupes	88608	-0.3805247	44.8113017
Brosso	45136	7.8045163	45.5073622
Mussig	83985	7.5150510	48.2297630
Sədərək rayonu	3789859	44.8844566	39.6872481
Rotuma	7223650	177.0394455	-12.4994759
Matour	1171727	4.4809405	46.3093969
Ansost	2438747	0.1101744	43.4322045
Frizon	153904	6.3522548	48.2856214
Launoy	416926	3.4165234	49.2631405
Tauves	120597	2.6270808	45.5632330
Gazost	2334012	0.0251368	43.0026981
Mazuby	2530994	2.0367309	42.7882678
Touget	133372	0.9195994	43.6846198
Rimons	1695167	0.0140974	44.6737220
Forfry	406958	2.8460895	49.0538924
Solers	412765	2.7247582	48.6594161
Airoux	1209847	1.8767798	43.3665841
Limony	141987	4.7536807	45.3508398
Mugron	116813	-0.7483924	43.7403402
Murles	276395	3.7563186	43.7007110
Gohory	2144971	1.2279868	48.1647935
Luigny	1720698	1.0262780	48.2393693
Puy-l'Évêque	124610	1.1293453	44.5136520
Bieuzy	124137	-3.0366014	47.9988029
Muduex	341097	-2.9537843	40.8210584
Trayes	154829	-0.4836077	46.6700410
Cuzion	124074	1.6145359	46.4651706
Paulmy	172713	0.8265897	46.9830911
Rungwe	1600827	33.7150976	-9.2142029
Rouans	94270	-1.8636724	47.1801101
Esvres	76660	0.7881981	47.2902434
Cussay	422638	0.7635874	47.0190485
Wervik	1274192	3.0429882	50.7998145
Wervik	1274190	3.0531156	50.8120874
Poupas	144980	0.8356487	43.9623756
Esneux	2417895	5.5746429	50.5420127
Esneux	5675723	5.5757727	50.5337249
Kollow	1469081	10.4602972	53.4661917
Aulnoy	954523	3.0926465	48.8488114
Surano	40201	18.3278999	40.0194076
Murato	2331001	9.3265288	42.5721460
Pluwig	1256962	6.7131284	49.6877100
Morolo	41445	13.1935024	41.6449104
Querol	340856	1.4149488	41.4251559
Soltau	1809016	9.8778707	53.0041587
Pápakovácsi	1078620	17.4919359	47.2698204
Planty	2838190	3.6390731	48.2721995
Aurons	70294	5.1505097	43.6720321
el tablón	1311756	-77.4759348	1.2991853
Fuyuan	2758644	134.1541168	47.9247457
Nauvoo	127064	-91.3837761	40.5449365
Rungis	34684	2.3536456	48.7493745
Kassow	1963817	12.0892182	53.8859780
Virrat	1670950	23.6843403	62.2828229
Serris	89587	2.7865371	48.8463004
Bozsok	1131565	16.4924678	47.3197028
Krnsko	437713	14.8556305	50.3849923
Kazuno	4107776	140.8100786	40.1950334
Moscow	121430	-117.0010387	46.7347930
Nupaky	437914	14.6016048	49.9902185
New Ulm	136996	-94.4518552	44.2821195
Sirolo	42474	13.6066139	43.5190935
Tápióbicske	1330550	19.6911003	47.3569396
Suchov	440886	17.5815684	48.8979211
Vernon	74780	1.4889999	49.0920866
Chudeřice	439249	15.5471496	50.1475169
Skryje	438154	16.3096300	49.3901550
Rzepin	3008692	14.8250843	52.3433542
Nayoro	4055806	142.4381467	44.3278590
Utsira	405831	4.7201048	59.2537161
Sufers	1684178	9.3881160	46.5506196
Vorsma	3381557	43.2730511	55.9871957
Krynki	3089414	23.7703118	53.2637638
Krynki	6845385	23.7611847	53.2639154
Vernon	112119	-118.2045705	33.9996045
Wietze	1799278	9.8106677	52.6433046
Vinelz	1682708	7.1197932	47.0324130
Fulton	141333	-91.9506275	38.8654254
Wirdum	898637	7.2119861	53.4817065
Kazuno	4107711	140.7485401	40.3967120
Vinzel	1685195	6.2766855	46.4501065
Soazza	1684171	9.2280715	46.3500507
Ummanz	1438076	13.1698743	54.4678831
Orpund	1682601	7.3014010	47.1417264
Skryje	440772	13.7741726	49.9501942
Pavlov	442589	15.9070590	49.4507020
Bunkyo	1758878	139.7434714	35.7176807
Murilo	3823279	152.3410017	8.6922869
Nomwin	3823282	151.7466701	8.4311500
Lac en U	1945029	-70.8616522	48.7409914
Lac Aldège	1516164	-76.4297813	48.2241387
Utirik	3825993	169.7043814	11.1989999
Norra sjö	2740646	13.8890599	56.4456605
Krusar	6325466	21.3374878	44.0192643
Návdahávrre	3761752	19.2157404	66.8771283
Brzoza	6849950	18.6284933	52.9239916
Krzyżowa	6054871	16.5310292	50.7963726
Dąbrowice	5724799	19.0764068	52.3110351
Pisary	3222117	19.6931358	50.1314887
Crvsko	7480900	19.9576974	43.1243375
Pestis	7199648	21.4844057	43.1355078
Osetno	6876399	19.3074849	53.4244623
Fitowo	6876411	19.3625514	53.5039809
Kosewo	5345542	20.7683771	52.5945068
Mogowo	5345558	20.7657958	52.5630899
Kosewo	2775536	20.6854665	52.4667424
Maçal do Chão	6371564	-7.2861847	40.6917173
Veiros	6439073	-7.5021776	38.9672255
Reszki	6835966	19.8316128	53.6173552
Sugrin	7273746	22.4799294	43.3484005
Brzoza	6405508	17.0093825	50.9090956
Kujaty	4046201	17.8918949	54.2977542
Potworów	6406026	16.7549924	50.5258281
Kozilo	7223640	22.2391650	42.9190506
Oláhréti-víztározó	5975493	21.6932553	47.8640026
Pofalići I	6969250	18.3907233	43.8618125
Synken	3745373	14.1310243	66.7748711
Tossan	7634183	12.8967250	60.9237291
Sálganjávri	7208915	23.3606155	69.5410584
Gárgatjávri	7199844	23.4034526	68.9879773
Losser	377702	6.9881042	52.3002889
Rikoto	3708133	5.2458126	11.4526602
Morley	7660840	-94.1846181	48.8219376
연남동 (Yeonnam-dong)	3884283	126.9226154	37.5628693
Vernon	2221798	-119.3532851	50.2369354
Nkungu	1746351	28.9908481	-2.5306680
Nkotsi	1756503	29.6175041	-1.5738736
Basansarnıç	1774218	34.5268465	38.6697097
Kutles	7251330	21.8665732	43.1273922
Moscow	2555133	37.6255034	55.7243808
Kurule	6677843	87.4906771	26.9495557
Lac en U	6957453	-63.3764063	50.3868780
Toftir	2529869	-6.7300795	62.0977421
Saugus	2372922	-71.0191420	42.4678276
Fulton	176020	-76.4171559	43.3186000
Vernon	123997	4.2239594	44.5072059
Planty	7006650	23.6723785	52.9705291
Pavlov	440605	15.5528115	49.2468752
Heřmanice	440695	15.5516108	49.8286473
Skryje	440444	15.4884750	49.8450609
Pavlov	440462	15.3294339	49.6972170
Pavlov	442662	15.2401831	49.4001658
Ummanz	3791309	13.1697841	54.4680052
Prasso	965894	24.1372944	39.3424925
Rotuma	5450816	177.0935756	-12.5020407
Lessor	4811097	22.2846403	60.3359228
Kvolmo	6188028	4.8947047	60.6967839
Vernon	127490	-85.6096494	38.9857329
Pavlov	440977	14.1659368	50.0958772
Wojtki	6900703	22.9353402	52.6539343
Vernon	7692297	-122.6489935	45.5622544
Suring	251967	-88.3687028	45.0006596
Fulton	5420122	-93.3188588	44.9113115
Wyanet	125970	-89.5828276	41.3605450
Ruczynów	6482922	20.8342946	50.4738476
Heřmanice	440646	15.9075266	50.3905996
Pavlov	438326	16.8463057	49.7329295
Pavlov	442522	16.6809280	48.8715841
Fulton	125739	-90.1591981	41.8609630
Yettem	2730804	-119.2544844	36.4863871
Moscow	188588	-75.5245671	41.3462650
Utulei	253726	-170.6790410	-14.2823826
Wirdum	162076	5.7913584	53.1520352
Moussa	5162820	22.8205139	4.7582688
Lubolz	3549164	13.8229879	51.9654388
Krasny	4553482	31.4396131	54.5685368
Zlatno	2209894	18.3153532	48.4631962
Howley	2846412	-57.0923008	49.1571518
Tłumaczówek	7739150	16.4218243	50.5659015
화곡3동 (Hwagok3-dong)	3880553	126.8339914	37.5439285
Brezov	2277785	21.5030116	49.1426935
Pusi küla	352210	27.1649496	58.6438320
Santos	5683265	-46.2915357	-23.8630000
Mulolo	5508358	27.4283025	-11.6924751
Mulolo	5752214	27.5323509	-11.7130865
Veiros	6278375	-52.1420907	-2.4355383
Veiros	6021244	-8.6099921	40.7514229
Papitz	5712261	14.2050989	51.7824588
Butzen	3546508	14.1820267	51.9376596
Mereäärse küla	350520	23.7020643	58.4639914
Zlatno	2273705	19.8188919	48.5169823
Nkulu I	5834207	27.5264674	-11.6267473
Mutual	3732715	-67.5437890	-46.4448043
Kumroj	6087357	84.5495780	27.5696683
Takaya Chō	5884297	133.9088164	34.3363341
사당4동 (Sadang-dong 4)	3879510	126.9710027	37.4805264
Treysa	4079144	9.1893437	50.9156067
Niskot	5362862	83.3743909	28.3847037
Heřmanice	438956	15.0121900	50.8847662
Lostau	162001	11.7282447	52.1960847
Szewna	6387590	21.3601599	50.9086722
Wirdum	2473251	6.7922972	53.3134200
Vernon	2017154	-72.5363063	42.7757416
Reszki	6828755	22.7437193	53.8138573
Mirnyi	3030953	33.0357903	45.3065619
Rostek	7247353	22.2776704	54.2917927
Fulton	130556	-88.8864079	36.5173480
Stavok	6579584	26.2198326	49.8972530
Fulton	7154998	-88.4015832	34.2644459
Torske	3942323	37.4209813	48.5465951
Mojesz	6061397	15.5988545	51.0841653
Solvik	5944735	17.5201318	62.4032409
Korito	6446960	21.0347371	41.8036418
Merovo	6940185	21.1662809	41.9306026
Skulte	300621	23.9508890	56.9193134
Gurley	5792991	149.7961628	-29.7061424
La Fábrica	4844941	-97.5454441	20.2056578
Tuvuca	3507206	-178.8230305	-17.6863004
Wisner	169461	-96.9149438	41.9862680
Moscow	182742	-84.2264744	38.8598490
Nauvoo	110363	-87.4882493	33.9866629
Osetno	7074395	21.7389652	53.1696078
Piekiełko	3248296	20.1171330	50.0552213
Vernon	7460566	-88.1110588	33.7617850
Stamps	6603674	-93.4909600	33.3472930
Muizen	3359778	4.5183000	51.0083205
Quinby	194137	-79.7338163	34.2323505
Haxtun	6927152	-102.6294187	40.6416459
Pisary	6563501	21.7126513	50.7961564
Piekiełko	6630033	20.8599512	51.8308500
Osetno	6203708	16.4684466	51.6308134
Fulton	127568	-86.2633668	40.9456295
Doliwy	7071318	22.3067862	53.3834735
Vernon	126223	-89.0895440	38.8014604
Krasny	5944956	40.5599908	45.0386825
Vitjaz	4237624	131.1905451	42.6030238
Puxico	140866	-90.1575390	36.9506160
Pottle	4769111	-7.2095779	53.8963127
Xã Trung Lập Thượng	7629291	106.4399139	11.0654647
Suchov	429319	17.5815684	48.8979211
Mutual	4761859	-68.1437982	-38.8236569
Syonan	4164697	-7.5868507	53.4106699
Roscor	4590712	-7.5671469	54.4469781
Ururai	4142028	-41.3951115	-21.8126057
Hopton	1766820	0.9197033	52.3767977
Dunton	1022570	0.7964248	52.8281850
Shower	5588215	-8.4399745	52.7111397
Perton	6924642	-2.2128495	52.5939902
Suluan	2078155	125.9578235	10.7611600
Rossel	6683535	-68.2246493	-38.9614595
Shalwy	4569009	-8.5430306	54.6231954
Zlatno	2209883	18.3153532	48.4631962
Koroit	3162935	142.3817501	-38.2759350
Soppog	5509146	-7.3053874	55.0698658
Zlatno	2273685	19.8188919	48.5169823
Brezov	2277669	21.5030116	49.1426935
Mulaut	4502451	114.8431155	4.8671462
Repton	6063760	153.0310691	-30.4387238
Amyton	6370828	138.3497101	-32.6068703
Pluwig	6664924	6.7064032	49.6909503
Mulboy	5476453	-6.7926432	54.4826712
Pottle	5394926	-7.2823985	53.9958827
Morley	1022300	1.0475184	52.5517051
Sloley	1022344	1.4011672	52.7636600
Yeovil	2877321	-2.6458383	50.9416615
Murtoa	3162937	142.4641841	-36.6476601
Eastry	2596858	1.3000798	51.2396718
Forton	6969697	-2.3438041	52.7848295
Coolry	4679015	-7.1469584	54.5553333
Dunton	3792341	-0.8078216	51.9134270
Risley	544567	-1.3207076	52.9205865
Morley	548071	-1.4146696	52.9563384
Morley	4818802	-1.6037216	53.7406361
La Mézangère	7284128	-0.9311705	48.5423706
Chudeřice	434537	15.5471496	50.1475169
Vtelno	429164	13.6796296	50.4816721
Skelpy	5610730	-7.5627056	54.7683323
Fojtov	424956	12.7850139	50.3072279
Tomany	5652572	-7.0899941	54.1325633
Krsmol	434791	15.4502720	50.5068653
Parowo	6881038	19.7623288	53.4415563
Scarvy	5648545	-7.2120583	54.1602840
Stroke	5452018	-7.7683847	54.0934706
Ulrith	4050679	-9.1928499	53.4611047
Shivey	5450569	-6.8038020	54.6122268
Krnsko	430091	14.8520034	50.3839363
Heřmanice	435343	18.3296709	49.8643850
Petříkovice	434630	14.4859466	49.4946208
Pavlov	430075	15.9092636	49.4485898
Vacovy	424692	13.2528995	49.3588685
Mlynářovice	432306	13.4498037	49.4341715
Líšná u Zbiroha	424469	13.7991311	49.8967139
Lipí u Manětína	424997	13.2247824	49.9633786
Tullin	4175037	-7.9215991	53.4466591
Pottle	5730843	-7.0304172	53.9861172
Skryje	431232	16.3096300	49.3901550
Žernovka	428996	14.7580836	50.0002238
Nupaky	427673	14.6016048	49.9902185
Dunton	4078239	-0.1936489	52.0793937
Borečnice	434384	14.1346401	49.3667616
Tieyon	6194023	133.8662601	-26.2975364
Pottle	3859751	-7.4974135	53.9084731
Pottle	5311305	-7.4347318	53.9993505
Tevrin	4148473	-7.1976599	53.5716413
Chołowice	6851484	22.5765658	49.7548557
Fulton	182595	-82.8288666	40.4630965
Borowo	3783443	21.5390340	51.1739194
Potworów	3761939	20.7096452	51.5071069
Torske	3944631	37.9616164	49.0109055
Fulton	6704249	-93.8139486	33.6126855
Prusie	6901810	23.5154075	50.2448195
Mutual	182864	-83.6360637	40.0788795
Vernon	134951	-84.0325221	42.9391893
Morley	141431	-89.6133631	37.0445065
Sylvia	129951	-98.4091939	37.9584507
Vernon	198967	-112.4545816	40.0951234
Morley	134806	-85.4455557	43.4904540
Tuvuca	3507208	-178.8214950	-17.6758778
Fulton	129893	-94.7195192	38.0102082
Pisary	6423204	16.7166012	50.1288175
Olsvik	6496045	5.2193903	60.3819867
Krzyżowa	5649145	19.3300480	49.5979274
Morley	128849	-91.2458570	42.0060411
Moscow	197198	-89.3896387	35.0586329
Vernon	1216858	-85.7052634	30.6239515
Yantis	6603704	-95.5736960	32.9299755
Moszna	7633195	22.3291834	51.2761789
Krynki	3804086	21.1931983	50.9999383
Borowo	4005388	17.2852717	52.1369018
Gornyi	5917834	40.2024917	47.8154381
Krzyżowa	6055825	15.6693362	51.3268050
Krzyżowa	6105750	16.4153350	51.3900211
Brzoza	3699025	18.4297763	51.2408608
Plover	128753	-94.6221896	42.8767080
Dąbrowiec	3478904	19.8984019	50.3984407
Fulton	195168	-97.8233322	43.7279280
Muizen	4720634	5.1781361	50.7614659
Wisner	132161	-91.6544901	31.9792735
Mutual	184235	-99.1665282	36.2296810
Natrun	1758691	12.9178041	47.3979577
Planty	4670269	21.1479660	51.3953251
Papitz	6431050	12.2450213	51.3949175
Orpund	4856880	7.3040510	47.1398042
Tarumo	7565221	-54.4533296	-27.0125985
Paškonių tv.	4497752	25.6198949	54.2607206
Purple	3730290	77.0323812	28.3958888
Losser	377699	7.0044043	52.2618159
Vernon	144957	0.4872847	46.4300472
Moscow	129775	-101.2061122	37.3263282
Gurley	169745	-102.9739765	41.3217924
Pamięcice	5694547	20.2871154	50.3032879
Piekiełko	6032278	20.3469277	49.7466964
Vernon	176153	-75.5391539	43.0799055
Morley	2983144	5.2308235	48.5743615
Pozhva	1539342	56.1184539	59.0815138
Rusken	9464	14.3479033	57.2508833
Borowo	6825846	23.1032959	51.2159930
Smolno	7212285	19.7225738	53.8471905
Kiauklių ež.	3674019	25.0719977	55.1254851
Linowo	7243792	22.6202837	54.2979699
Pukiškio ež.	6008081	24.6670360	55.8310334
Wunkar	6694912	140.2738387	-34.4857868
Azgour	3534191	-8.3623916	31.1221349
