Verson	280611	-0.4649178	49.1621776
Beuvry	1141528	2.6943689	50.5348039
Cottun	163594	-0.7852375	49.2679218
Voiron	184482	5.5844943	45.3804424
Tingry	1208546	1.7236104	50.6121299
Saumur	272368	-0.0922385	47.2646204
Saumur	5937556	-0.0661854	47.2541743
Pinsot	88850	6.1165360	45.3413047
Souhey	144645	4.4212832	47.4871298
Foissy	131802	4.5516698	47.1254058
Zwolle	1433721	6.0977203	52.5145652
Zwolle	414720	6.0977203	52.5145652
Haussy	55583	3.4837270	50.2248577
Varzay	153406	-0.7447943	45.7010443
Luxiol	111168	6.3476021	47.3792474
Taissy	418111	4.0816342	49.2041444
Trigny	2616593	3.8900931	49.2979172
Urmatt	93459	7.2903607	48.5410045
Parroy	2961829	6.6000518	48.6731042
Pulney	2957028	6.0338207	48.3908905
Perrou	2545885	-0.5484458	48.5754243
Tshopo	192819	25.6323668	0.2077202
Iverny	1292275	2.7903799	48.9974772
Sukhum	2027324	41.0025595	43.0034307
Eymeux	49567	5.1833413	45.0666330
Soyans	1389480	5.0162996	44.6404136
Violot	3070909	5.4463430	47.7585301
Strevi	43461	8.5236888	44.6971630
Nousse	1376214	-0.8236070	43.7208414
Znojmo	437041	16.0396661	48.8566974
Vimont	280634	-0.1843909	49.1386949
Tornay	3069277	5.5987957	47.6908184
Arrout	2094810	1.0205319	42.9477800
Gyumri	7814501	43.8493803	40.7797415
Pomeys	143613	4.4473487	45.6465635
Groisy	75187	6.1739698	46.0179060
Tierzo	340475	-1.9341025	40.7488588
Viviez	142168	2.2233603	44.5540090
Grosso	44551	7.5674159	45.2658779
Toropi	242457	-54.2888237	-29.4764345
Rumohr	548509	10.0167044	54.2537630
Sajókápolna	1428654	20.6845928	48.1959567
Font-rubí	342064	1.6483763	41.4188613
Khyriv	6986647	22.8520690	49.5313137
Kougny	5188367	-3.0662843	12.7071284
Uelitz	1451550	11.4190757	53.4816637
Setzin	1451584	11.0886945	53.4218777
Snæfellsbær	56197	-23.4463319	64.8401277
İpekyolu	3678626	43.6943454	38.6144244
Slavny	1748976	36.5187281	53.5313320
Volary	437975	13.8742931	48.9274755
Brunow	1451532	11.8049096	53.2555364
Jabloňany	441783	16.6012303	49.4707705
Zalaerdőd	1078651	17.1146218	47.0613369
Woburn	1931999	-71.1427960	42.4901516
Oppurg	2179202	11.6562651	50.7210780
Pontis	363769	6.3667752	44.4989008
Perwez	2105643	4.7873080	50.6342060
Chlebičov	437631	17.9773467	49.9613956
Kowary	2935755	15.8360508	50.7786780
Kowary	2935754	15.8360508	50.7786780
Tollos	341234	-0.2520128	38.7619579
Avully	1685447	5.9997484	46.1673379
Zolote	2812649	38.5085874	48.6928226
Žabonosy	441252	15.0315947	50.0369311
Třebenice	439234	13.9317078	50.5156211
Vestby	406133	10.7118653	59.5598562
gmina Głogów	2709064	16.1535898	51.6657912
Kapuvári járás	2375937	17.0323674	47.5516040
Oizumi	5325123	139.4048675	36.2472314
Nagybárkány	1370517	19.6926268	48.0004419
Tantow	1334100	14.3249654	53.2676280
Pujols	148934	0.7009941	44.3686381
Portes	2925671	4.0386980	44.2626869
Wognum	2726755	5.0180643	52.6832742
Mutten	1684124	9.4945172	46.6688384
Yotoco	1554296	-76.3878731	3.8976610
Ostružno	440026	15.2826911	50.4393421
Gressy	953542	2.6631891	48.9661855
Lazrou	5229570	6.2619311	35.8037562
el Bruc	343718	1.7630608	41.6098902
Passow	449886	12.0559181	53.5169550
Wilton	361314	-71.7735664	42.8323924
Třebenice	442631	16.0344003	49.1667446
marais	2605115	31.5668510	6.1720644
Lac Béland	920275	-78.6410971	47.3606905
Pierty	4261764	23.0725119	54.1013602
Quepos	6142487	-84.1500734	9.4575433
Sukhum	2624905	41.0395199	43.0067828
Lac Béland	2604867	-73.3257897	48.8475376
Södra Öllesjön	4040874	14.9598293	56.2343379
Witven	1652262	5.3435380	50.9765571
Striza	6331449	21.4017536	43.8300389
Analândia	297984	-47.6777498	-22.1285713
Witven	1279239	5.6553551	51.3861387
Hörngårdssjön	4648357	15.7831420	60.1966992
Mustas	300050	23.5011848	63.6632086
Keihäsjärvi	1983038	23.7046376	61.8929662
Keihäsjärvi	721586	23.6915461	62.1174687
Vekeri-tó	3852516	21.6815330	47.4482514
Sállanjávri	7190515	22.9046008	68.8561028
Strong	7551462	-79.4145176	45.7500048
Bryson	7041642	-76.6173388	45.6680785
Yungay	1652478	-71.9067753	-37.0980840
Musune	3721423	13.9326712	12.2653734
Rukomo	1796130	30.1235739	-1.6198043
Rukomo	1718840	30.2585892	-1.3660771
Kivuye	1738774	29.8785029	-1.4497114
Nyundo	2281154	29.3395817	-1.7222726
Bryson	114711	-98.3855894	33.1617610
Munuwa	5940944	81.0687124	28.5506743
Khyriv	2593542	22.8496836	49.5313658
ež. Notiškis	3010678	25.1320754	54.8309266
Ano'ava	4053651	-174.7889636	-20.2578552
Onoway	4537802	-114.1858017	53.7066902
Krejwińce	6810951	23.4186472	54.0911115
Loftus	2912394	151.0455117	-34.0448254
Rossau	411427	13.0596834	50.9958313
Saumur	1659042	-0.0930919	47.3585235
Eustis	117463	-81.6702565	28.8561185
Servon	402928	2.5944854	48.7159522
Netřebice	438546	14.4678335	48.7943421
Zaruby	6812047	23.3827878	54.0950523
Sadłowina	6817698	22.6363885	54.0665170
Netřebice	442571	15.1560266	50.2152415
Kobusy	7045617	22.6366816	52.6813499
Wilton	128601	-91.0247368	41.5894205
Gajówka-Wieś	2939809	19.1731018	51.8793179
Wlewsk	6891665	19.7835242	53.2714277
Lisowo	6790588	22.6304460	52.4651999
Norris	124727	-90.0308381	40.6257234
Reduty	6898323	23.3563021	52.6581027
Saxton	188601	-78.2441563	40.2123530
Viru küla	355238	26.7375226	57.7356766
Servaääre küla	352463	27.2572725	59.3540750
Analândia	5349563	-47.6777498	-22.1285713
Vorsen	4720535	5.1712481	50.7053680
Vernum	4591570	6.3420326	51.5037795
Tuti küla	352925	24.7688371	58.9911427
Gressy	1684999	6.6371278	46.7512837
Injoux	6801832	5.7675084	46.0592740
Pronsk	3504965	39.5870491	54.1118143
Tuhu küla	352390	23.8486209	58.5985055
Coutos	5287184	-39.1081297	-14.8926196
Vila Chã de Sá	6443648	-7.9561717	40.6047484
Posses	6152896	-42.7827413	-17.0465631
Motzen	5698002	13.5931703	52.2102230
Kocury	2715420	18.4483127	50.7844731
Niemścice	6526679	21.1069916	50.5731837
Passow	1334095	14.0968036	53.1520384
Justin	6571647	-97.2953741	33.0848120
el Poal	346982	0.8617435	41.6777252
Torpes	122896	5.8797240	47.1711963
Wilton	137360	-94.9956273	47.5057699
Wilton	132589	-70.2361118	44.5971760
Lake Shōji	2313177	138.6066333	35.4888012
Wilton	251432	-90.5257841	43.8135295
Brushy	184148	-94.7561509	35.5577460
Surazh	3167545	26.1764430	50.1462858
Loxley	110232	-87.8040423	30.6623554
Paleśnica	6103262	20.8041597	49.7843477
Piazzo	1384583	11.0349544	45.9230949
Kukety	2012724	54.9030447	58.1027916
Zovikj	6501557	21.7142745	41.1171207
Luzhok	2992123	32.1187783	48.2329731
İbrahimpaşa	283139	34.8415051	38.5848235
Luxnau	1438415	10.4970984	47.3141250
Yetter	129207	-94.8431087	42.3159768
Wilton	181645	-100.7874844	47.1591807
Serwis	6343619	21.0918706	50.8864814
Suszec	5616282	18.8316842	50.0413818
Zwolle	132217	-93.6433946	31.6357145
Trynek	2147565	18.6774309	50.2748926
Rogowo	7095147	22.8947982	53.1372898
Welsum	533781	6.0835007	52.3284649
Vossem	3479738	4.5565660	50.8348833
Żelisławice	6213911	19.8486266	50.8266860
Myrtle	137579	-93.1620138	43.5620144
Yungay	1953194	-77.6854002	-9.1739943
Wilton	4123020	-7.6803560	53.3412142
Rob Roy	6070101	151.0002420	-29.7130377
Volary	423805	13.8697838	48.9100567
Oppurg	2927398	11.6500398	50.7219855
Crummy	2633598	-7.4816442	54.2646151
Crufty	4463141	-6.3499427	53.6782522
Wilton	6076760	150.6901226	-34.2597373
Woburn	3160558	174.9067509	-41.2177378
Watton	6058056	149.4213736	-33.3125460
Moruya	6079549	150.0752955	-35.9080013
Mozart	6074594	149.8218059	-33.8255155
Putiri	1915814	-40.0972688	-19.9020763
Wilton	7833069	-0.6775338	54.2274594
Lismoy	2338529	-7.8161300	53.7683694
Nunney	2928976	-2.3761093	51.2126920
Crummy	5509218	-7.9304967	54.0564885
Loftus	7152388	-0.8815309	54.5337106
Duston	1638100	-0.9457851	52.2493074
Wisley	3007048	-0.4647287	51.3202672
Pewsey	5453146	-1.7741644	51.3396521
Wilton	3412214	-1.8671072	51.0779553
Ostružno	429095	15.6090866	49.7964401
Mützlitz	1266345	12.5114842	52.5578645
Třebenice	434617	13.9916479	50.4757127
Stará Bohyně	432168	14.1424492	50.7377883
Totnes	3531842	-3.6889793	50.4263161
Watton	1022600	0.8277150	52.5687418
Doonty	5685662	-8.9967061	54.0118664
Saspow	1626179	14.3574369	51.7878747
Proseč u Seče	429227	15.6674187	49.8238287
Chlebičov	433027	17.9773467	49.9613956
Sokoro	7445400	-10.1395568	8.5574634
Netřebice	434995	14.4428336	48.7894035
Jabloňany	429608	16.6012303	49.4707705
Teston	2353077	0.4396816	51.2594663
Žabonosy	435812	15.0315947	50.0369311
Watton	919320	-0.4041599	53.9317241
Woburn	4061594	-0.6219307	51.9874444
Přibenice	425734	13.3748901	50.1377427
Velká Černoc	425399	13.5931490	50.2027791
Wilton	5412793	-8.0715488	52.8950853
Shouks	3642450	-6.5485009	52.2413581
Wilton	2697553	-6.6116279	52.4613049
Struan	6705461	140.7661238	-37.1046319
Norris	194098	-82.7558816	34.7636850
Wortel	3364202	4.8085930	51.3975366
Kotuszów	4511386	20.0004271	51.3205743
Yuyang	6761020	109.6840667	38.2423174
Wilsey	129994	-96.6759169	38.6339845
Servon	970953	-1.4147781	48.6018713
Wronin	4749918	20.2051811	50.1476789
Pujols	90766	-0.0325384	44.8050569
Kotuszów	6517588	21.0617717	50.6016217
Strych	7619671	18.2479333	53.9188272
Oppurg	2179141	11.6822968	50.7026293
Torpes	2252296	5.3299788	46.8391670
Rossau	2843593	11.6438433	52.7888304
Gliny Małe	6989392	21.3151599	50.4114937
Wólka Pełkińska	6757435	22.6184382	50.0914185
Eustis	169288	-100.0289994	40.6649989
Block 1A	2649886	48.0185084	29.3232758
Neutor	3859588	7.6078846	51.9695826
Derby 16	3004235	21.0574312	52.3169440
Pretos	5996372	-8.3965524	42.0378655
Tupiza	5387622	-65.7198385	-21.4361080
Veltum	6737947	5.9595380	51.5174674
Horezu	7418439	23.9873347	45.1427491
Portes	2862879	0.9490151	49.0251594
Viques	1948385	-75.2261505	-12.1605986
Yungay	1953366	-77.6774423	-9.0860376
Zazuar	346096	-3.5534462	41.6775094
Unuimo	3717852	7.2302642	5.7964887
Kowary	5698210	20.2605814	50.2340546
Kwaśniów Górny	5654661	19.5919149	50.3920615
Rogowo	6853351	19.8076090	53.7053282
