Norway	2978650	16.6055824	78.5124025
Norway	1059668	11.5280364	64.5731536
Ploisy	74011	3.2763171	49.3315013
Wittes	179365	2.3959422	50.6721450
Longwy	113134	5.7650085	49.5217552
Pluvet	155446	5.2651035	47.1976115
Ossenx	1965551	-0.8076824	43.3775210
Husson	974189	-0.9077470	48.5855564
Wuisse	2171963	6.6719412	48.8559946
Mutzig	75456	7.4574543	48.5375588
Uzeste	92958	-0.3258400	44.4301223
Seveux	901213	5.7716238	47.5339496
Nomexy	153863	6.3670050	48.3073494
Mauzun	361798	3.4266915	45.7048648
Luquet	398750	-0.1190807	43.2613289
Nistos	166379	0.4595008	42.9904619
Polisy	2998891	4.3595196	48.0596903
Guipry	165706	-1.8537288	47.8277259
Ychoux	1782750	-0.9534431	44.3551793
Mouron	2748441	4.7807229	49.3162912
Auzits	115802	2.3080373	44.4954291
Salgótarján	1372090	19.8311676	48.1098394
Sauzon	215327	-3.2345823	47.3557021
Osoppo	179254	13.0696370	46.2471852
Zubogy	1418046	20.5772485	48.3824806
Vélez-Málaga	347397	-4.1044852	36.7852430
Tyukod	1456961	22.5246960	47.8425629
Luzern	1685677	8.1902547	47.0310521
L'Île-d'Yeu	156066	-2.3482645	46.7100665
Wirfus	1259303	7.2074178	50.2006054
Katzow	1432695	13.6546290	54.0518054
Rastow	1451572	11.4191259	53.4412230
Tützpatz	1427899	13.1527672	53.7230181
Zepkow	1424139	12.4923799	53.3120884
Meroux	118054	6.9081304	47.5945204
Zierow	1479678	11.3684140	53.9232530
Lutter	906282	7.3740228	47.4595501
Tuxpan	5572040	-97.3936618	20.9298337
Tuxpan	5606568	-103.4114705	19.4374898
Tuxpan	5606567	-100.4876387	19.5774956
Korkut	1831011	41.9126159	38.7693876
Cantón Tibás	5375374	-84.0822158	9.9574621
Akyurt	1667099	33.1540517	40.1240125
Kemalpaşa	1269520	27.5036844	38.4296013
Tuxpan	7697243	-105.4197545	21.9929532
Kluuvi	184713	24.9421232	60.1738708
Sumter	193961	-80.3549401	33.9314773
Noyers	3316745	3.9940652	47.7028144
Thusis	1684187	9.4358483	46.6903079
Murray	130747	-88.3238438	36.6168434
Mustin	1964780	11.9840635	53.7025710
Costur	344864	-0.1667281	40.1172765
Luynes	77176	0.5373967	47.4123407
Toszek	2818018	18.5249462	50.4599514
Vormsi	226119	23.2487810	59.0044644
Žeraviny	441130	17.3860332	48.9098568
Rustaq	6566750	69.7954932	37.1231875
Murray	198912	-111.8869754	40.6550890
Toyota	4567509	137.2833113	35.1408854
Tuxpan	5765359	-97.4074003	20.9565891
Norton	206869	-82.6355064	36.9301385
Moroto	3501830	34.6399817	2.6156454
Soroti	3497400	33.6060705	1.7906287
S-chanf	1684145	10.0301815	46.6200807
Weston	1216863	-80.4031020	26.1036320
Muscoy	6581684	-117.3475712	34.1548600
Savyon	1932371	34.8785944	32.0451922
Quinto	343131	-0.5330902	41.4142048
Weston	1901018	-71.2993892	42.3578577
Quinto	1684746	8.7171051	46.5258732
Uezwil	1684443	8.2779902	47.3128432
Lititz	188828	-76.3041819	40.1528005
Waupun	251927	-88.7363417	43.6301770
Rumney	2045473	-71.8085928	43.8298249
Skopun	2527930	-6.9009568	61.8956868
Ålførkammen	5716303	9.0026401	63.4389454
v.n.Staviště	7139526	15.9556460	49.5689947
Gostun	7481032	19.7505502	43.1842604
Lukovo	7276957	22.3030044	43.4482066
Suzano	298085	-46.3196309	-23.6142337
Lukovo	6657620	21.9971298	42.4927303
Tyvann	5781737	9.3150482	58.9097194
Lukovo	6949471	21.0434732	43.1875442
Sortes	5803694	-6.8429627	41.6963042
Musulj	6649343	22.2532344	42.5232967
Goszcz	6240144	17.4789640	51.3940057
Pustki	7624975	18.0010647	53.8682559
Lukovo	6346313	21.8405190	43.8023897
Sós-tavak	7080176	19.7858178	47.4595037
Hánssajávri	7174410	22.3211697	68.9607977
Rakauskų ež.	6901851	23.1382045	54.5723327
Quinto	4467911	-66.6106762	18.0149366
Zinyau	3710826	8.5539198	11.5121036
Norton	3075870	-71.8169558	44.9776248
Phường Trung Mỹ Tây	6928030	106.6159621	10.8549466
Wopung	6699865	86.9413010	26.9515271
Putten	419136	5.5782739	52.2477300
Lago Reñihué	5138532	-72.2588828	-42.7636595
Osorno	1794711	-73.1232143	-40.6035268
Ruvuma	1600825	36.1283858	-10.4729352
Mustin	1476162	10.8737541	53.6844919
Norton	1946501	-71.1917676	41.9499455
Weston	240104	-80.4653048	39.0402939
Bałupiany	7245713	22.2303344	54.3129842
Trhové Dušníky	441389	14.0209922	49.7173316
Loukov	436090	15.0540178	50.5672852
Norton	181947	-81.6565204	41.0236428
Weston	169577	-96.7426741	41.1917564
Petrov	442515	16.4855719	49.5335608
Bahía Lear	6991448	-74.2160300	-50.9622077
Kołaczyce	3011222	21.4318528	49.8107233
Tworki	6921621	23.0076239	52.8224797
Sotuta	5961542	-88.9692991	20.6157245
Wald (BE)	1682710	7.4605805	46.8801803
Żubrynek	6805437	22.8083204	54.0174042
Murray	169342	-95.9294513	40.9168345
Norway	132570	-70.5518278	44.2198789
Petrov	442467	17.2787070	48.8784592
Wrotki	6826938	22.9891898	53.6837317
Turner	186626	-122.9493594	44.8486249
Lutter	2396126	10.1026666	51.3278315
Petrov	441131	14.4427938	49.8944273
Zhovte	3936964	37.1482756	48.1865113
Loukov	437017	17.7186933	49.4177625
Truszków	7667692	22.0695038	51.1059632
Buxton	2021653	-70.5297353	43.6325674
Noyers	110087	2.5374814	47.9077843
Kukowo	6433443	17.1704403	54.5394643
Nizhyn	5162189	31.8896628	51.0415759
Mugumu	7235961	34.6607017	-1.8335501
Suzano	5683270	-46.3265677	-23.5880935
Muru küla	352308	26.5451734	59.3813272
Sulu küla	353280	24.5019121	58.8211324
Sikenička	2218547	18.6911476	47.9305540
Mičakovce	2321644	21.5249472	49.0854120
Triton	2855219	-55.6156264	49.5195431
Tammispää küla	351902	26.9974381	58.9314698
Vyšné Ružbachy	2276243	20.5565140	49.3154818
Bustos	6022046	-8.6081495	40.4960688
Luttre	3460906	4.3888817	50.5145626
Priort	1818699	12.9796107	52.5159307
Pludry	2715433	18.4779575	50.6635191
Sulu küla	355394	26.5586608	58.2107370
Tominy	6563543	21.6738655	50.8533148
Norway	135099	-87.9133290	45.8007485
Weston	186751	-118.4268605	45.8159350
Lizton	127400	-86.5416680	39.8856205
Weston	183403	-83.7958471	41.3483700
Kukowo	6828756	22.7421733	53.8314778
Weston	2030037	-72.8145128	43.3194143
Zweins	2652725	5.6011386	53.1910045
Powers	186760	-124.0723788	42.8860345
Homoty	6779946	22.9957861	52.3940294
Norway	128593	-91.9228157	41.9031750
Norton	130107	-99.8935004	39.8372214
Powers	135121	-87.5267438	45.6879614
Wożuczyn	7062296	23.5834707	50.5721307
Weston	141417	-94.8892482	39.4001734
Lukovo	6476879	20.6073275	41.3566787
Lukovo	6707988	22.2517518	42.0409587
Rykove	6778341	34.7512416	46.3346296
Mziuri	2645837	41.7447229	42.6056807
Turna Mała	6783769	22.8680786	52.3712668
Tixter	4484437	5.1117578	36.0291572
Spivey	129932	-98.1658004	37.4485240
Krusza	6896756	21.7152528	53.3606898
Butowo	6878701	19.1509059	53.5969745
Buxton	6076570	150.5309232	-34.2559200
Chrząstówka	6907386	21.6299113	49.7693529
Mietiułka	7843953	23.2689453	51.4661074
Rumney	7585073	-3.1269572	51.5050332
Kallebäck	1517107	12.0265414	57.6822440
Skerry	5554829	-7.7712674	55.0530882
Weston	6195764	-8.3236037	53.4085165
Skerry	4611037	-7.4130426	53.1032700
Torque	4172220	-7.4118994	53.3770440
Polsum	312068	7.0539043	51.6334225
Weston	7701131	-59.6390909	13.2151365
Krásna Hôrka	2167064	19.5490703	49.3267520
Weston	4807474	1.5644407	52.4273062
Norway	6074605	149.8021014	-33.7712918
Duross	3565339	-7.7389152	54.4660464
Buxton	5606880	152.4937676	-25.1871642
Uworra	6197219	133.3557025	-31.9601714
Oughty	6158853	-9.6089172	53.7131823
Mičakovce	2321551	21.5249472	49.0854120
Vyšné Ružbachy	2276194	20.5565140	49.3154818
Soodry	3509701	-8.7139473	54.2597008
Sikenička	2218498	18.6911476	47.9305540
Weston	7681641	-1.7194768	53.9319478
Witney	4210062	-1.4940176	51.7873838
Norton	6013552	-2.2085116	51.9197507
Guston	2602606	1.3216766	51.1465747
Weston	1410380	-2.3916720	53.0641564
Moston	364753	-2.4144380	53.1473423
Weston	6979196	-2.0409100	52.8381695
Norton	5503955	-2.1618180	51.5650551
Siston	215404	-2.4618131	51.4663388
Putten	272936	5.5782739	52.2477300
Medvědice	435930	13.9319811	50.5168416
Weston	3636161	-0.1610534	51.9535681
Norton	4870351	0.8837611	52.2558084
Weston	1457732	-97.1826486	49.9165986
Vlaštovičky	433800	17.8103184	49.9641932
Znosim	426277	14.8652679	49.7031786
Petrov	429266	16.4855719	49.5335608
Trhové Dušníky	425709	14.0209922	49.7173316
Žeraviny	428370	17.3860332	48.9098568
Moston	1445020	-2.8980129	53.2257058
Noskov	434874	14.7961070	49.5563429
Smolov	424624	12.6561474	49.5676202
Norton	6153498	-2.4915513	52.2070794
Háj u Vintířova	433415	13.2397472	50.2873276
Kemalpaşa	7648825	28.9557722	41.0118246
Buxton	2454133	145.7091748	-37.4226750
Quilly	4733303	-6.1809183	54.4059572
Quilly	4869631	-6.6713811	54.7222390
Weston	6059325	151.4560046	-32.8100385
Tworki	6627873	20.9768020	51.7965046
Gościmiec	6896070	15.6370012	52.7869655
Murray	128525	-93.9488786	41.0413480
Sotuta	6421108	-89.0096525	20.5958370
Quilly	149357	-1.9432736	47.4623977
Weston	121284	-111.9783948	42.0372254
Norway	127290	-86.7668360	40.7787670
Norway	193826	-81.1269890	33.4501590
Cieślanki	7485892	22.4056421	50.8895519
Noyers	1924077	1.6751178	49.2465344
Retowo	6435877	17.1078604	54.6246189
Kreis 11	1701621	8.5298568	47.4168904
Buxton	181715	-97.0995967	47.6022240
Simiyu	3775213	34.1836492	-3.1395733
Turner	134747	-83.7876050	44.1422084
Turner	5369533	149.1231028	-35.2680158
Weston	5341631	149.0585753	-35.3310411
Twiste	4142572	8.9633290	51.3376592
Weston	119939	-84.6114105	31.9767420
Block 3B	2649890	48.0281004	29.3222046
tabook	7006935	44.3070411	33.2485608
Syrsan	6609835	16.2305392	58.5729122
Base Aérea	4510775	-66.1637971	-17.4249668
Weston	2144022	-58.8467965	-34.6202957
Pustki	3291475	19.9629025	50.1575708
lagoon	3581871	120.5990615	14.1913237
DIZ Area	3705427	77.2013840	28.6334103
Quilly	2861685	4.5796042	49.4047872
Lopnur	5731736	89.7107680	39.6092216
Noyers	3081438	5.4840186	48.0625347
Buveinių ež.	5934548	22.4488202	55.1820396
Petrov	196180	16.6069683	49.1911414
Pustki	6875956	19.6018408	53.4967586
Kozluk	1842148	41.4319647	38.1787730
