Turkey	174737	35.4495026	39.0520984
Omissy	153472	3.2956758	49.8799328
Quesmy	197565	3.0532566	49.6331034
Rouves	1780590	6.2047520	48.9009951
Verjux	3187808	4.9782236	46.8773706
Guitry	3154302	1.5514393	49.2196900
Soupex	78132	1.8872269	43.3792532
Courry	2716382	4.1610119	44.3034494
Unzent	2017223	1.5355415	43.1698035
Joyeux	147990	5.0999032	45.9460407
Étrembières	102851	6.2037569	46.1695542
Yzeure	124369	3.3852731	46.5661928
Sonzay	104855	0.4853505	47.5125843
Monroy	341583	-6.1783041	39.6728441
Drávaiványi	575362	17.8253490	45.8362596
Auroux	1050369	3.7202438	44.7611568
Orozko	344071	-2.8816000	43.0897108
Grymov	438009	17.4905381	49.4795774
Başiskele	1211497	29.9517414	40.6459218
Mikulčice	441120	17.0605774	48.8172842
Savai'i	1874071	-172.4394474	-13.6212661
Russin	1685528	6.0165414	46.1931027
Tormos	341235	-0.0700528	38.8045572
Ponitz	2449512	12.4014957	50.8578965
Ursins	1685169	6.6681926	46.7332359
La Bouëxière	149903	-1.4371762	48.1748672
Sukumo	4034544	132.4624977	32.5781618
Kiyosu	4567247	136.8421010	35.2161904
Muntuk	5615575	110.4436574	-7.9187186
Wunung	5615649	110.5765479	-8.0271836
Sitovo	1931124	26.9811232	44.0202554
Schœlcher	287888	-61.0987787	14.6518101
Rumson	170374	-73.9984874	40.3612175
Kohuty	4256405	23.5537121	49.9188087
Pierściec	3635515	18.8190670	49.8417751
Topton	188477	-75.7016193	40.5028085
Tuiuti	298299	-46.6896725	-22.8295000
Fageråssjön	7634297	12.8825442	60.8758616
Nowiny	5344194	20.4255867	52.3718688
Nowiny	5345564	20.6444715	52.5468131
Koziny	6831931	19.5906063	53.8243806
Ornowo	6835977	19.9424034	53.6602839
Nowiny	6374749	16.9002447	50.9880451
Nowiny	6856481	22.9651449	51.0094072
Nowiny	6777258	23.5229585	52.8441457
Nowiny	3200889	21.5368584	51.5580047
Byszew	5721602	19.2731769	52.1798298
Ångstjärnan	102336	16.9939231	60.7226605
Máhtesjávri	7216511	23.6545397	69.5858586
Čoavjejávri	7183841	22.8316550	69.0697126
Náhpoljávri	7230848	23.8646744	69.0067699
Katuzu	3698686	11.0209763	12.8548798
Kusugu	3711712	8.3288187	13.0412499
Wutong	6653497	110.0365064	25.3938413
Lac Échoam	553239	-75.3894597	46.0040526
Wutong	6858648	105.5734883	28.5317799
Kumpur	7716637	84.8803415	27.8328696
Nasuty	7248173	22.3063283	54.2035680
Szyjki	6862466	22.4070055	53.3644313
Utupua	3821370	166.5457372	-11.2622991
Lysets	7091638	24.6066011	48.8685011
Synove	6054609	24.6787640	51.4856802
Gierzwałd	6907343	20.0949253	53.5503502
Kuczyn	6855130	22.7924169	53.3727058
Água Clara	4108093	-52.9109306	-20.2237590
Pão de Açucar	6197129	-36.1267419	-7.9596805
Szczytów	7699548	16.5256536	50.7048768
Tuiuti	5684966	-46.6896725	-22.8295000
Trnkov	2320228	21.3619043	49.0317157
Mlynky	2381987	20.4425323	48.8560819
Nowiny	5898826	16.1938715	51.1967485
Gottow	4268103	13.2680007	52.0965650
Hirota Chō	5892125	133.7615258	34.2325673
Snovsk	3629471	31.9503430	51.8223221
Loxton	6691838	140.5857444	-34.4714331
Caryńskie	6312584	22.6100926	49.1559827
Kozery	2382883	20.5901368	52.1032467
Uvysla	3167586	25.9565475	49.1785650
Kuczyn	7046371	22.5246238	52.7184913
Turoszów	6143285	14.9024349	50.9255069
Mlynky	3167238	25.2645926	48.9312668
Rysino	3198244	30.1422344	56.8389871
Mysliv	7140605	24.4948518	49.0021046
Popowo	6860072	22.4025088	53.6181483
Ulnowo	6878896	19.3869448	53.6970618
Água Clara	334028	-52.9264560	-20.1462765
Duńkowice	6738376	22.8938269	49.9674872
Mvouti	3223109	12.4149463	-4.3561690
Nowiny	6847219	23.5135477	51.1772285
Ulnowo	6907335	20.1687600	53.4580644
Lusławice	6103992	20.8346154	49.8632600
Nowiny	6866880	22.8333492	51.1843687
Quarry	2559567	-6.4206532	52.5795183
Trnkov	2320162	21.3619043	49.0317157
Vesnoy	5139045	-8.0922721	53.7807938
Byturn	5483156	-7.4672955	54.6705768
Wiston	2944657	-0.3646139	50.9186151
Quarry	4743771	-7.0159291	52.9845033
Kannebäck	2075132	11.9011940	57.6410677
Yarrow	6078999	149.3072956	-35.4769159
Swilly	5571953	-7.4752432	54.8867001
Quarry	4124608	-7.3205330	53.5617819
Loxton	2957109	-2.8973102	51.3059163
Sketty	1394834	-3.9925208	51.6141405
Zadní Ždírnice	430352	15.6483812	50.5183230
Stará Plesná	434489	18.1530794	49.8583133
Pitrov	432925	18.4679410	49.7346311
Nedaničky	424843	13.3710203	49.4598139
Plačovice	427285	15.5335880	48.9690752
Mikulčice	430955	17.0605774	48.8172842
Nowiny	7699521	16.8491303	50.7252683
Grymov	433117	17.4905381	49.4795774
Svinky	435289	14.6112700	49.2712941
Potton	4077993	-0.2039216	52.1305154
Lužany u Jičína	427058	15.4817187	50.4343217
Mlynky	2381965	20.4425323	48.8560819
Instow	4583515	-4.1694841	51.0564264
Huntly	3080713	144.3212905	-36.6664650
Popowo	6828701	22.7267968	53.7897387
Nowiny	7066399	23.1401983	50.4446513
Karsy Małe	6495215	21.0778792	50.3845681
Nowiny	6243349	20.5291292	50.8232773
Stoki Małe	6406520	21.5358673	50.9646762
Turkey	178962	-78.1836598	34.9956835
Nowiny	4626608	19.9920438	50.9616078
Turkey	115354	-100.8945424	34.3933355
Otuzco	1968026	-78.5630740	-7.8488096
Nowiny	7843949	23.2357495	51.4732219
Nowiny	7592616	22.4810639	51.1420145
Idiazábal	5135400	-63.0309697	-32.8108617
Koziny	2413281	19.4282741	51.7769023
Krzyki	2812685	17.0012258	51.0701900
Nowiny	6761186	23.7326825	52.9032018
Stusli	967301	7.3616493	59.5591732
Otuzco	1967972	-78.5162305	-7.8607120
Olszew	6626525	20.8283352	51.7727030
Juvuln	2373096	13.1546458	63.7218750
Nowiny	7009780	21.9097830	50.6900969
Torvet	4482962	12.3029401	55.9296047
Torvet	4681742	10.3951233	63.4304339
Torvet	6711520	9.6391721	56.9825507
Torvet	5912309	-46.0388822	60.7181594
