Kyushu	6667566	131.1009036	32.4820915
Vierzy	73972	3.2767678	49.2871328
Trungy	280567	-0.7224408	49.1913305
Rosult	56329	3.3556751	50.4548050
Trugny	156972	5.1462236	46.9732650
Sédeilhac	1467358	0.5324982	43.1466590
Pontoy	122415	6.2986185	49.0147524
Grozny	2131460	45.7067399	43.3088696
Vertus	2728542	3.9985237	48.9021524
Montry	406915	2.8255115	48.8865733
Soyaux	86995	0.2033763	45.6389056
Pouzol	122967	2.9652318	46.0955954
Norroy	940027	5.9196324	48.2153869
Servoz	104822	6.7867514	45.9458914
Estouy	149112	2.3253187	48.1911355
Alcañices	345784	-6.3656915	41.6979690
Witsum	1428598	8.4372316	54.6987627
Ozzero	44845	8.9209902	45.3633611
Pottum	535016	7.9973536	50.5978585
Füzérkajata	1431965	21.5075921	48.5191550
Drávasztára	575231	17.8472372	45.8103579
Jezbořice	440344	15.6912861	49.9841541
Grozny	1957640	45.7067399	43.3088696
Sapi-an	3477344	122.5971793	11.5238896
Karaçoban	1832452	42.0673833	39.3471190
Potony	1367990	17.6461650	45.9316328
Gustow	1437552	13.2220640	54.3016186
Chraštice	441420	14.0730838	49.5721963
La Charmée	911450	4.7843621	46.7231145
Nyáregyháza	1323260	19.4772006	47.2668576
Všeradice	440872	14.0943429	49.8714486
Nyuzen	4807822	137.4037873	37.0054071
Tukums	1837754	23.1579607	56.9687962
Orosházi járás	2374452	20.7532758	46.5522830
gmina Kłaj	2754506	20.2775642	50.0124469
Lake Taupō	1130806	175.9310890	-38.8064659
Großheide	898630	7.3635678	53.5707643
Všelibice	438978	14.9609145	50.6297917
Luhyny	3877582	28.4009064	51.0817766
Ruurlo	1450286	6.4703240	52.0643053
Uttwil	1684566	9.3419854	47.5770955
Lago Iberá	1231921	-57.1671311	-28.5139225
Trädtjärnen	4648368	15.8395229	60.2032678
Polná na Šumavě	5834233	14.1301187	48.7942656
Fällträsket	7785285	20.1421578	64.4973145
Macedônia	298246	-50.1737032	-20.0925000
Mycyny	6924653	20.2951796	53.6372887
Sławowice	5975573	16.7377672	51.3603314
Lusowo	7754117	16.7042043	52.4312210
Okręglica	6587371	21.4154986	50.8781464
Härnebosjön	2368095	16.7330746	61.1267722
온천동 (Oncheon-dong)	3937699	127.3221581	36.3560034
Sáppenjávri	5359312	28.9248207	70.0261906
Tirwun	3722510	10.1547783	10.3606877
Muzuwa	3722468	10.7680716	11.6568969
Olaszi-tó	4520264	18.4015075	46.0088969
Tulovo	7211392	21.9920541	42.8736132
青龙湖 Qinglong Lake	6701129	118.1292015	39.6768167
Lac Délias	6876065	-62.7829548	50.4951469
Tozeur	1435826	8.0711308	33.9844104
Île Boddam	7692377	72.2048701	-5.3570813
Zbryzh	3167001	26.1849697	48.9083777
Rossum	334318	5.3198545	51.7970895
Potycz	4432709	21.2167746	51.9003213
Lázně Kynžvart	439462	12.6171270	50.0301084
Futory	3167601	25.1473271	49.6325001
Kozowo	6109454	16.5418523	51.4827363
Babilônia	5185872	-46.5973431	-20.4195000
Macedônia	5683157	-50.1737032	-20.0925000
Nzovwe	7263701	33.4368718	-8.9238521
Tornow	2708258	13.8905843	52.8280869
Väinjärve küla	354707	26.0834165	58.9514350
Veľká Lehota	2257536	18.5541302	48.4513120
Bardoňovo	2218567	18.4315749	48.1115480
월곡2동 (Wolgok2-dong)	3883204	127.0451354	37.6032658
Dolná Tižina	1861127	18.9454196	49.2058159
Caldeirão	4766939	-40.7740887	-14.3222133
Pousos	6546932	-8.7732682	39.7418034
Hrabušice	2381988	20.3854076	48.9570403
Veľké Dravce	2273325	19.8324950	48.3430345
Tornow	5715272	13.6091230	52.0968021
Petzow	1593323	12.9350952	52.3432936
Wulkow	3706771	12.1350016	52.4802261
Suszki	3249996	15.5789323	51.1956920
Rossum	1518220	6.9220884	52.3599992
Sikuty	6629032	21.0045785	51.8633557
Witowo	6774840	23.5093439	52.6497548
Lozovo	6774590	21.9084441	41.7968799
Psary Małe	4096143	17.5139032	52.3371257
Jawty Małe	6878875	19.2833233	53.7013930
Chroślice	5617260	16.0737798	51.0846591
Turza Śląska	3856212	18.4493434	49.9647703
Białokosz	6161412	16.2286313	52.5744923
Dolná Tižina	2227523	18.9454196	49.2058159
Möllevången	3050065	13.0128694	55.5934462
Fiskebäck	1520597	11.8670265	57.6587651
Suntop	6059263	148.8385205	-32.5617971
Dolný Turček	2169452	18.8952651	48.7741912
Hrabušice	2381955	20.3854076	48.9570403
3e Pémerle	407638	-73.1884342	18.3767584
Westow	7847275	-0.8542754	54.0824369
Veľké Dravce	2273279	19.8324950	48.3430345
Worton	4273307	-1.3714324	51.9622901
Worton	5550732	-2.0369173	51.3159295
Wulkow	4482396	12.9104411	52.9248358
Polná na Šumavě	3405182	14.1301187	48.7942656
Jezbořice	433460	15.6912861	49.9841541
Bardoňovo	2218444	18.4315749	48.1115480
Veľká Lehota	2257527	18.5541302	48.4513120
Putkov	423934	13.7372422	49.1024985
Všeradice	435730	14.0943429	49.8714486
Stupno	425549	13.5780141	49.8160919
Chraštice	423573	14.0730838	49.5721963
Lázně Kynžvart	424554	12.6201458	50.0269173
Nahý Újezdec	423321	12.6787405	49.8400396
Rowton	1451685	-2.8342903	53.1713048
Všelibice	430543	14.9591598	50.6514622
Zuwiya	2964654	44.3792558	33.2801490
Ľubické Kúpele	2275490	20.5192548	49.1402037
Żerosławice	3560317	20.2367386	49.8363011
Witowo	4005408	17.4173633	52.1123282
Sorsum	5552380	9.8724802	52.1322101
Strzyżew	4249277	20.3533622	52.2593027
Suksun	1925152	57.3965814	57.1457979
Futory	6900678	23.0672669	50.1870721
Długowola	5574926	21.7067779	51.6095942
Ideon Pålsjö	4055461	13.2179395	55.7137629
Möllevången	4055466	13.1945447	55.7161130
Ratusz	6064811	19.1167180	50.1493204
Glaudžių tv.	6463907	21.9165188	55.9068543
Andalucía	1461001	-76.1575945	4.1361529
Długowola	6626512	20.8849102	51.7571233
Saugučiai	6937128	22.9097522	54.7200855
Náměstí Přemyslovců	1658523	15.0415219	50.1856162
Vėjeliškių ežerėlis	3509001	24.6312582	55.5157572
Kasepää vald	355038	26.9160100	58.7967074
Tuzkol	6334199	79.9899024	43.0087831
