Ajaccio	73283	8.6835803	41.9329549
Mérignies	57943	3.1209237	50.5047408
Tabanac	1934123	-0.4094173	44.7231395
Makamba	1695019	29.7995715	-4.2365743
Béligneux	149288	5.1434783	45.8621956
Bugnières	3184451	5.0864634	47.9645923
Andance	133865	4.7965482	45.2310025
Beaucouzé	178350	-0.6298812	47.4740847
Lacrabe	76108	-0.5909741	43.6106306
Alfacar	347692	-3.5602160	37.2480521
Albenga	42816	8.1846411	44.0655906
Galicia	349036	-7.8825420	42.7988955
Büllingen	2435409	6.2983970	50.4040995
Eddelak	938057	9.1340163	53.9478712
Hercegkút	1432105	21.5214298	48.3302968
Eggebek	1156129	9.3532341	54.6216496
Lebbeke	913767	4.1222152	50.9944971
Laakdal	1264101	4.9906956	51.0754393
Diébougou	6195293	-3.2674441	10.9648092
Manjarrés	345201	-2.6627698	42.3897020
Vilamarín	345506	-7.8885167	42.4621347
Huehuetán	5999580	-92.4286699	15.0217164
Kabinda	193093	24.6443697	-6.4053419
Siquinalá	4469383	-90.9417629	14.3301394
Ascensión	5605538	-107.5700568	31.2674321
Röckingen	534398	10.5546827	49.0513933
Güglingen	410517	8.9991383	49.0638808
Ahlbeck	1408072	14.2018319	53.6507279
Pilisszántó	215940	18.8921981	47.6690296
Tejuçuoca	302621	-39.5839167	-3.9260000
Iaciara	334568	-46.7066444	-14.0875667
Brandýsek	440969	14.1551767	50.1888628
Schröcken	74234	10.0833512	47.2542768
Amöneburg	225501	8.9086340	50.7713425
Amöneburg	4140368	8.9412918	50.7994648
Les Sièges	2573526	3.5288658	48.1731890
Le Folgoët	453794	-4.3476037	48.5674924
Baharak	6564668	70.8704794	37.0467004
Baharak	6566834	69.3896291	36.8285079
Kisbágyon	1370525	19.5860575	47.8257962
Möglingen	405810	9.1348446	48.8774422
Jistebník	437579	18.1390252	49.7473269
Farkasrét	2787964	19.0001602	47.4845528
Mikepércs	1443823	21.6282033	47.4356332
Náměšť nad Oslavou	442152	16.1593217	49.2079592
Vicálvaro	354389	-3.5772001	40.3882402
Frelichów	5640597	18.8103435	49.9079522
Bubullimë	1251488	19.6637600	40.8133881
Büsserach	1683492	7.5484723	47.3896495
Øymarksjøen	5398305	11.6554273	59.3962993
Lac Dobe	2516555	-70.8221025	48.8425524
Lac Cami	1567631	-71.1661933	48.2242087
Vihajärvi	124058	24.6843113	61.2813606
Raatjärvi	5373085	27.5502021	60.9443607
Kalpjärvi	299870	28.0236249	61.6060000
São Manuel	298339	-48.5249967	-22.6966807
Mörttjärnet	6410550	12.3705728	59.6113787
Klacksjön	4619672	13.3045143	57.4233689
Czachówki	6876393	19.3975274	53.5127636
Palikówka	6898541	22.1398826	50.0817485
Pinhanços	6361450	-7.6896339	40.4700965
Cabrela	6439694	-8.4800209	38.5801997
Balinac	6357757	22.3991722	43.5608029
Ormlången	2565253	15.8051261	58.7703149
Vihajärvi	87824	27.6540000	64.8011250
Gåsvatnan	5421409	28.7273122	70.6962911
Gåsvatnan	5421408	28.6912911	70.6960653
Kibiya 1	3710606	8.6600809	11.5314643
Kambama	3707502	5.2349119	12.5029426
Kafarda	3711663	8.0310414	12.4293894
Mbalala	3721410	12.8362705	10.7612104
Adakawa	3710349	8.5122061	12.0090762
Leinjärvi	3313638	29.3213539	60.9750896
青龙泽 Qinglong Lake	6433809	118.1471953	39.5807362
Luiziânia	297954	-50.3492375	-21.6745001
Hujajärvi	3517914	27.2128126	60.9785554
Bambene	3450116	33.2642395	-24.4671650
Kaldbak	2113985	-6.8593316	62.0788011
Eggebek	1156153	9.3104961	54.6301296
Cristóbal	7153746	-71.2991682	18.3421788
Kymälahti	7245887	28.8668762	61.2139159
Øystervågen	7805760	10.1744381	63.9386959
Festvågen	7829098	14.2161876	68.1695910
Ekalaka	142430	-104.5506369	45.8895939
Mesão Frio	4203577	-7.8631150	41.1606026
Ajaccio	2815873	8.9439508	42.0406049
Beegden	1410594	5.9205796	51.1974147
Balnica	6309895	22.1938553	49.1984117
Kavõldi küla	350960	26.9477199	57.6728200
Hämkoti küla	351357	27.1102142	57.6943399
상계9동 (Sanggye9-dong)	3882986	127.0618952	37.6664917
Luiziânia	5683154	-50.3492375	-21.6745001
Laoküla küla	353100	22.4665656	58.3490908
Jõepere küla	355058	26.1721940	59.2860115
Vaeküla küla	352294	26.5104901	59.3366936
Cadafaz	6553369	-8.0529922	40.1284921
Güiraldes	6412153	-58.9894833	-27.4823285
Čukalovce	2324017	22.1557881	49.0945818
Laoküla küla	350750	24.1217521	59.3195503
Baharak	5626136	70.8926018	36.9951345
Penijõe küla	354079	23.8214432	58.7208696
Vanglória	3011429	-48.7945923	-22.4503226
Rehestädt	3145503	10.9285430	50.8701915
São Manuel	5684956	-48.5110721	-22.6973580
Reeküla küla	352756	22.6840929	58.3945316
Halemba	2395774	18.8645803	50.2338336
Komárovce	2384761	21.1118521	48.5710752
Cadafaz	6371603	-7.3747212	40.5802621
Częstocin	7708183	15.9813376	50.8974035
Dejance	6649408	22.0961528	42.3907610
Lebbeke	2561872	4.1378650	50.9955904
Długoszyn	2547629	19.2505942	50.2458885
Mesão Frio	4112283	-8.2643376	41.4476010
Malinówka	6817990	22.6956214	54.0885619
St. Rosa	137709	-94.7160654	45.7292480
Śnietnica	4513637	21.0411020	49.5043248
Bezirk Gäu	1701231	7.7684956	47.2983289
Prace Duże	4254970	20.9198544	51.9755645
Balanci	6476391	20.5518970	41.4911232
Zell (ZH)	1682245	8.8157935	47.4493333
Międzylas	7435737	22.8863364	50.8694427
Zagajówek	6453641	20.4315723	50.4849577
Dacharzów	6553448	21.6329412	50.7290090
Ardadam	6190165	-8.5863316	52.2387707
Ardahee	5584004	-7.7959119	54.9314825
Komárovce	2386721	22.1826483	48.7299864
Kärralund	1516988	12.0235190	57.7015477
Čukalovce	2323993	22.1557881	49.0945818
Montanhão	4573232	-46.5245422	-23.7377575
Bengala	5411109	-84.0812395	9.9044038
Seminário	6800871	-51.0640046	-26.7655405
Seminário	6969983	-49.2486109	-26.4388765
Cabatan	5556905	-38.6747359	-3.7234395
Brandýsek	428618	14.1551767	50.1888628
Komárovce	2384583	21.1118521	48.5710752
Belmead	7825631	-113.6410599	53.5258107
Křižanov u Zábřeha	429725	16.7922848	49.8311528
Víckovice	427227	15.2639791	49.7915591
Dolní Bítovčice	426010	15.7299229	49.3602528
Náměšť nad Oslavou	423700	16.1585909	49.2093053
Lány na Důlku	434539	15.6761312	50.0319151
Jistebník	430318	18.1390252	49.7473269
Seminário	5134247	-52.5999312	-27.1332507
Büschdorf	5493272	12.0296175	51.4714155
Seminário	7352527	-52.8626814	-28.6343217
Seminário	5321999	-54.6179713	-20.4157840
Seminário	6230908	-49.3047009	-25.4482809
Laclede	140630	-93.1696970	39.7901995
Chrapanów	6561857	21.7227844	50.8342751
Cecilia	132259	-91.8523874	30.3353136
Fouchères	2681396	4.2630906	48.1433039
Fühlingen	2613733	6.9059057	51.0352900
Malinówka	6837355	23.0728269	51.2656647
Malinówka	6856034	23.4420731	51.3117596
Fouchères	2946110	3.1486927	48.1785549
Malinówka	3695288	18.4156705	51.1574519
Malinówka	7169358	23.2951839	50.5826124
Malinówka	6942142	21.9391090	49.6920043
Hadykówka	6894315	21.7269854	50.3244297
Büschdorf	6969004	6.4753585	49.4697596
Casa Boa	6595186	-8.6923633	41.9303603
Bacelar	6593150	-8.6051623	41.9846064
De Draai	3745337	4.8633211	52.6663043
Cichobórz	5964069	16.3981880	51.2328757
Aïn Zaouia	4293792	3.9048240	36.5752219
Eaton CP	957427	-0.9376869	53.2952449
Bayadha	4497229	6.8992412	33.3124052
Ascensión	1933570	-75.2177269	-12.8260078
Traidžiai	7295354	21.3079250	55.9333025
Geheege	3013531	11.8898335	50.7650899
Cristóbal	343263	-5.8920261	40.4699631
Strazdinė	7516803	22.9107477	54.4393801
ež. Izitas	5454400	26.0497904	55.7127607
Ait Baha	2832991	-9.1579653	30.0697825
ež. Remtis	5128895	21.7995638	55.9717895
Chapala	5605637	-103.2203586	20.2797644
Baležeris	6432817	24.1040793	54.1879748
