Thiéville	280516	-0.0442519	49.0361024
Crémarest	180028	1.8006663	50.7000923
Anvéville	3008713	0.7463777	49.7004764
Masnières	55871	3.2028469	50.1050864
Méry-Prémecy	2573231	3.8761075	49.2287923
Baghlan	1674785	69.1048209	35.7891860
Cavanac	1076992	2.3318945	43.1699139
Alairac	1984380	2.2315298	43.1846396
Beaufai	3044679	0.5069930	48.7579821
Gélacourt	2662643	6.7302400	48.4758252
Gaugeac	2755052	0.8781737	44.6649262
Ledrada	344213	-5.7281908	40.4773698
Barbata	44999	9.7699140	45.4566055
Saint-Dézéry	379923	4.2669411	43.9978449
Gaillac	135680	1.8860589	43.9117542
Prémilhat	112058	2.5460919	46.3081219
Mégevette	109214	6.5153553	46.2107389
Combefa	1463731	2.0961864	44.0492698
Beauche	2167929	0.9825876	48.6784224
Lhommaizé	139344	0.6013540	46.4444758
Alcaine	340699	-0.6961832	40.9474905
Celadas	341759	-1.1582042	40.4980027
Ibarama	242533	-53.1669131	-29.4205707
Moscardón	343237	-1.5508274	40.3183146
Machado	314753	-45.9496793	-21.6775000
Galmsbüll	1420451	8.7512006	54.7663780
Cedeira	342274	-8.0134870	43.6766529
Ceillac	366218	6.8147564	44.6555713
Kisbudmér	575265	18.4386911	45.9142472
Münchwald	1244214	7.6781927	49.8978480
Várpalota	1078609	18.1552453	47.2141430
Haselünne	1716876	7.4653306	52.6799563
Tuněchody	440131	15.8356176	49.9831254
Eraclea	45320	12.6918116	45.5920396
Biccari	41252	15.2320745	41.4248204
La Caine	180722	-0.5149087	49.0356232
Acajete	3988533	-97.9334996	19.1002424
Acajete	6037570	-97.0470903	19.5660992
Tihuatlán	4536718	-97.4867982	20.6828774
Zirándaro	5606677	-101.2035993	18.3284222
Landázuri	1315082	-73.7773020	6.3619739
Taebaek	2537819	128.9564812	37.2041863
Les Étangs	1392203	6.3830030	49.1456403
Macanal	1353247	-73.2854717	4.9818602
Rehbach	1244159	7.6400206	49.8552199
Šebkovice	442097	15.8103676	49.1278531
Gaibiel	345176	-0.4973962	39.9276942
Tambaga	5753650	1.3540500	11.7473186
Heideck	158555	11.1153564	49.1298473
Ferrières	1824858	-0.2388077	43.0130101
Batalha	303819	-37.1152292	-9.7055000
Gierstädt	2817249	10.8406298	51.0419948
Bradlec	441965	14.9112722	50.4511531
Ferrières	2377779	5.5996575	50.4126734
Mlázovice	440010	15.5231363	50.4076731
Les Cassés	1209794	1.8608246	43.4286898
Agliana	42723	11.0025060	43.8956165
Ferrières	135646	2.4464850	43.6707415
Bibbona	42392	10.5917584	43.2669756
Acarape	302505	-38.6455834	-4.2275000
Almodôvar	5403266	-8.0709881	37.4750805
Almeida	4127531	-6.9174870	40.6300222
Nagytálya	1418117	20.4139452	47.8244403
gmina Orły	3012368	22.8128079	49.8798052
Maibara	722221	136.3886184	35.4169975
Tihuatlán	5670279	-97.5367860	20.7167350
Gramada	1916762	22.6804849	43.8526644
Farnstädt	2406525	11.5935147	51.4335588
Minhotães	4060209	-8.5699014	41.4339270
Mühlanger	3125358	12.7511475	51.8548011
Mühlanger	1327653	12.7519475	51.8437773
Bühlertal	1188924	8.1896325	48.6790072
Zruč-Senec	436629	13.4188188	49.8007508
Bexbach	1184820	7.2526604	49.3645636
La Réorthe	166640	-1.0464005	46.6087767
Drogomyśl	5643065	18.7644693	49.8737092
Batalha	5399199	-8.7317689	39.6231115
Virlången	3002751	16.3901828	58.7792314
De Banen	7136358	5.7994054	51.2697088
Mühlteich	2581508	10.6524471	50.8289146
Severínia	298126	-48.7889001	-20.7835000
Dobrada	298002	-48.3634375	-21.5135000
Bananal	298081	-44.3414975	-22.7369471
Caconde	297947	-46.6306429	-21.5575000
Tuddøltjønn	5717328	8.1384019	59.9073010
Młogoszyn	5647195	19.4698781	52.1408573
Arkadia	5781815	20.0104313	52.0827160
Arataca	362189	-39.4192940	-15.2412039
Bielice	6876390	19.3675551	53.4888282
Kelebia	1130316	19.6345986	46.2170397
Mühlteich	2578722	12.2558863	50.5225607
Almeida	6365703	-6.8997036	40.7301819
Üszögi-horgásztó	4508110	18.2837714	46.0582481
Atalaia	6483276	-8.4321116	39.4883440
Batalha	6545028	-8.8318803	39.6574463
Bel-Air 1	5388070	27.5106233	-11.6542772
Lågvatnet	5226674	12.2701003	63.9771820
Edträsket	3665582	17.8756847	65.4625774
Sambade	5729037	-6.9729471	41.4085749
Winna Góra	6376584	16.7931898	50.8466038
Brzeźnica	6406019	16.7285248	50.5407993
Rekijärvi	300051	23.5728648	63.5314204
Brzeźnica	6152178	20.4564096	50.6393852
Brzeźnica	3201533	21.6359925	51.5535496
Valøytjønna	4111718	13.6677637	66.8626753
Surängssjön	7259084	16.4104653	61.8651219
Djupsjösjön	1514522	18.4830248	63.4635067
Brzeźnica	4451377	20.5016238	51.2674155
Montmérac	5827549	-0.2166927	45.4403547
Bahárávdojávri	7200167	23.4745048	68.9010737
Mühlteich	2986490	12.7269230	50.6989797
Mühlteich	5584541	13.3518455	50.6950193
Dallaje	3711560	7.9174332	12.6956101
Maibara	3711734	8.6692666	12.8326988
Danladi	3703319	9.2371536	12.5561173
Madobi A	3711719	8.2604424	12.9215927
Dankama	3711580	7.7727927	13.2928985
Beigang	3227938	120.3005753	23.5891889
Calceta	2668786	-79.9850771	-0.9308879
Chaucha	3693326	-79.4094160	-2.9396891
Pablo VI	3718214	-78.2914525	-1.8408769
Tcholliré	3765762	14.1438663	7.8670686
Mayo-Baléo	3818074	12.3316494	7.6790770
Daneji B	3711574	8.2885596	12.8461192
Mab Lake	1408012	-120.5786690	50.2787119
Galambi	3722354	10.1402401	10.1942368
Danbare	3710410	8.4557733	11.9477202
Aladdin	3537531	-104.1863941	44.6399262
Lac Beau	1129813	-66.7780796	50.1958756
Cheraia	6407346	6.5031538	37.0148066
Chidika	5975988	83.2742938	27.9489831
Gadhawa	5969782	82.5286241	27.7788683
Mühlteich	2610571	11.7508698	51.1425249
Mühlteich	2950658	13.9776453	51.3551046
Mühlteich	2122202	14.2129675	51.3846818
Mühlteich	6793992	12.3296496	51.2962198
Gramada	6655655	21.6914043	42.4043708
Bocaina	298229	-48.5203159	-22.0922575
Veliká Ves	437949	14.4486588	50.2407892
Akaiami	3581321	-159.7293112	-18.9066863
Isla Ramón	6273595	-75.2226446	-50.2199091
Brzeźnica	6917070	22.8124547	52.7239244
Baborówko	5421635	16.6350992	52.5861019
Maracha	3501823	31.1165753	3.1925965
Dellach	377727	13.0862454	46.6503505
Hidaard	2656317	5.6010707	53.0771312
Schönwald	1022871	12.0741335	50.1993517
Lageado	5320171	-51.1261569	-30.1873548
Lakemba	5558282	151.0754673	-33.9180682
Cabanes	339849	0.0932585	40.1405862
Tialasõ küla	354304	26.9780854	57.6649626
신길5동 (Singil 5 dong)	3879667	126.9056898	37.5009198
Caconde	5349590	-46.6684060	-21.5552759
Dobrada	5683085	-48.3634375	-21.5135000
Bananal	5349575	-44.3414975	-22.7369471
Vila União	7444681	-52.9184097	-29.5618789
Vila União	4111129	-54.1020333	-22.1316581
Simão Tamm	5199694	-43.6607108	-21.0680779
Batalha	6186604	-37.1152292	-9.7055000
Almeida	3004298	-43.7544975	-19.3877124
São Marcos	7337916	-56.8166029	-29.5946361
Ecknach	3123150	11.1185751	48.4352086
Rätsepa küla	355127	24.9307619	58.4827357
Rätsepa küla	352897	25.0335679	58.6301542
Atalaia	6179468	-36.0127091	-9.4660000
São Marcos	6528461	-9.2996937	38.7561610
Koválovec	2193426	17.3182994	48.7964831
Bocaina	5683056	-48.5203159	-22.0922575
Bexbach	6643868	7.2568680	49.3579509
Santa Inés	6421907	-59.0186787	-27.4585934
Reigada	6384658	-6.9115619	40.7894077
Lietavská Lúčka	1859939	18.7219664	49.1703610
Võerdla küla	352761	25.0412084	59.4609471
Rehbach	897546	8.9486355	49.7019778
Bhajani	5941904	80.9806400	28.4937377
Arataca	6618312	-39.4673846	-15.2850000
Almodôvar	6431881	-8.0348229	37.4817510
Yugan ED	5525324	-8.0134935	54.1656930
Atalaia	6444909	-8.9269124	38.7046473
Alcaria	6548208	-8.7854637	39.5736053
Atalaia	6440261	-7.8724547	39.4674376
Atalaia	2898724	-9.3279753	39.2370545
Maipú 2ª Sección	5328177	-64.1598517	-31.4296842
Severínia	5683269	-48.7889001	-20.7835000
Ōaza Inoue	5891483	134.1475020	34.2964457
Bredagh	6879135	-9.2587300	51.6374436
Baraima	5162743	22.8026001	4.7527969
Alfafar	5880468	-0.3987200	39.4165784
Haage küla	350486	26.6255729	58.3605898
Delecke	3493707	8.0856858	51.4744512
Atalaia	6391651	-7.0285507	40.6793650
Cabanes	344126	2.9735034	42.3042107
Atalaia	303816	-36.0787622	-9.4890000
Winna Góra	3995976	17.4471334	52.2112956
Almedia	188189	-76.3859382	41.0142124
Bielice	6419556	17.0034843	50.2730932
Stare Wądołki	7041109	22.2041612	52.9508217
Schönwald	1389280	13.7364264	51.9905892
Madfeld	4054416	8.7147216	51.4436750
Madelia	137160	-94.4207967	44.0472969
Batalha	302711	-42.0535938	-3.9595000
Makanda	125862	-89.2386376	37.6180285
Veliká Ves	439608	13.3510265	50.2793246
Djelida	2737123	2.0767085	36.1718758
Bratkówka	7070636	21.7178214	49.7622352
Höhenhaus	2613742	7.0318128	50.9860440
São Marcos	242743	-51.0628575	-28.9567046
Vallières	104518	5.9429606	45.9061052
Alcaria	5332732	-7.4980467	40.1929345
Lietavská Lúčka	2227537	18.7219664	49.1703610
Bananal	2550384	-46.4694347	-23.3981555
Claggan	5901123	-9.6080672	53.8424331
Koválovec	2193390	17.3182994	48.7964831
Leagane	5435468	-8.4040526	52.8248289
Claggan	5383202	-7.6394197	55.2086750
Ardbane	5505702	-7.8608065	55.2178628
Leam Beg	3959175	-7.7279340	54.3305171
Aghavea	2928387	-7.4263536	54.2932091
Lacklea	3836553	-9.1586553	53.2482428
Canhema	6346879	-46.6021655	-23.6788216
Leagane	5344535	-8.5873517	52.3618842
Cidades	4601791	-35.9303141	-7.2754811
Bredagh	4258257	-7.7912362	53.0108505
Claggan	4024407	-7.0990425	55.2201750
São Marcos	1920420	-40.6663698	-19.5215379
Ardbane	5497530	-7.4755878	52.4148436
Ardcalf	4649457	-6.5761977	53.7418653
Cargagh	5400393	-7.2574235	53.9431784
Bredagh	5573248	-8.0067393	52.8054294
Bredagh	5283135	-8.0561757	53.5067755
Redhead	5993807	151.7145041	-33.0053920
Ättekulla	5525185	12.7609507	56.0089352
Claggan	6187870	-9.8825378	53.6618595
Bredagh	5417508	-8.1923218	53.4603026
Atalaia	4023042	-37.0519624	-10.9892243
Landala	1517114	11.9680597	57.6930050
Red Head	6059218	152.5346561	-32.0571479
Hackham	7276234	138.5277771	-35.1556346
Claggan	5390839	-6.8033256	54.5677080
Claggan	5764162	-9.9757859	53.8863861
Claggan	5394670	-6.6669906	54.6276211
Claggan	5921056	-9.8137565	53.9663795
Vila União	4142046	-48.2718891	-15.9507766
São Marcos	3408968	-43.9104560	-19.8709813
Vila União	3409152	-43.9188877	-19.9206086
Claggan	5499126	-7.6698543	55.0965369
Cargagh	5330834	-6.6664153	54.3335852
Keadeen	4521029	-6.5897590	52.9466250
Bonby CP	1287528	-0.4893701	53.6234870
Vila União	4204594	-54.7709352	-22.0795588
Mamhead	3492522	-3.5146144	50.6155456
Ardbane	5635146	-8.0322556	54.6194983
Föhrental	70208	7.9286633	48.0357670
Vila União	6981017	-48.9650781	-16.3312980
Atalaia	5551614	-8.5285241	41.3561987
Bredagh	2244062	-7.6395365	53.9705313
Vila União	7722531	-54.6288506	-16.4317220
Ardcame	5324409	-7.3132367	54.8924832
Cargagh	5474379	-7.0833493	53.8969067
Weinhübel	3434560	14.9814744	51.1256886
Veliká Ves	424933	13.3510265	50.2793246
Malé Vrbno	430062	16.9834000	50.1840717
Mlázovice	428722	15.5231363	50.4076731
São Marcos	7407873	-49.4171798	-28.6408309
Camlagh	5341914	-8.1848945	53.4007687
Cargagh	4602818	-5.5884498	54.3352464
Beverly 1ª Seção	7318750	-44.2731650	-20.0133827
Machado	7318819	-44.2934257	-20.0712617
Bambaya	7657185	-12.3236316	11.3861869
São Marcos	3341313	-49.1680894	-25.6204416
São Marcos	3482573	-48.8826675	-26.3132239
Tuněchody	430431	15.8356176	49.9831254
Claggan	5524926	-7.9964838	55.2073990
Claggan	3524876	-9.4937807	53.4983803
Šebkovice	433024	15.8149605	49.1306402
Claggan	5443349	-6.7460044	54.6634828
Hutě pod Třemšínem	425518	13.7856717	49.5908443
Lacklea	5620442	-8.1786732	54.7840370
São Marcos	1915826	-40.2735549	-19.8006909
Záhostice	434422	14.8199011	49.3934729
Bredagh	5345413	-8.1403437	53.1036124
Leckbeg	5594831	-8.4380756	54.9866901
Claggan	3394199	-9.3620055	53.8925533
São Marcos	5418254	-44.2359881	-20.0314085
St. Wenn	5923215	-4.8706271	50.4534043
Bredagh	6198602	-8.3987505	53.4411682
Ardbane	5617504	-8.1474932	54.7187886
Bradlec	426796	14.9112722	50.4511531
Atalaia	6049591	-48.4268892	-1.3973636
Lageado	5462639	-54.6541133	-20.5556881
Dadatan	1520273	125.6817181	6.9479701
Bandera	1520223	125.7527146	6.9918900
Bredagh	4166175	-7.5337072	53.4155874
Bredagh	4059970	-9.0208954	53.4431315
Cargagh	5488532	-7.1216555	54.4016628
Cargagh	4622935	-5.7726392	54.3038104
São Marcos	1860495	-40.3199818	-20.1266228
Atalaia	297718	-52.0769843	-23.1271039
Brzeźnica	3526210	19.6354164	49.9702869
Vikajärvi	6010119	26.2317025	66.6354761
Brzeźnica	6880243	21.4983032	50.1033148
Ferrières	116766	-0.8523115	46.2264080
Chlebna	7109572	21.6177808	49.7000479
Ferrières	1664835	2.1762426	49.8861047
Ferrières	974231	-0.9615456	48.5427346
Bielice	4156634	17.4987200	50.5553494
Ferrières	2958300	6.2919986	48.5532354
Łapsze Wyżne	4572001	20.1862076	49.3816756
Vallières	2677923	4.0659171	47.9991098
Block QQ	7720368	-8.0560813	6.0346023
Don Héctor	4585205	-60.7916205	-32.8587079
Sambade	6594913	-8.7210864	41.9580003
Béthemont	2283279	2.0007902	48.9129768
Vila Jessé	5234423	-45.2525781	-21.6913387
Breisjøen	1995458	10.8612678	59.9794910
Obermühle	6818652	10.2030346	50.9066703
Joga Bai	3800724	77.2837648	28.5665624
Ferrières	1074300	2.5096696	49.5881675
Bocaina	302831	-41.3111819	-6.9155001
Brzeźnica	6113489	20.8089496	50.0817732
Santa Inés	347676	-3.6958786	42.0555861
Brzeźnica	6060661	20.5068682	49.9513548
Almeida	1353242	-73.3788778	4.9601390
Bedjene	6618827	7.4832055	35.3386113
La Saiba	2032984	-79.8927801	-2.2261651
Nádorkert	2700985	19.0560368	47.4677279
Huachac	1948298	-75.3451383	-12.0321540
L'Îlet Coco	2890460	55.6912330	-21.0423881
Chiliquín	1973482	-77.7560102	-6.0798116
Alfafar	340331	-0.3544032	39.3968378
Beranda	4454176	39.5260375	43.7704901
Švendežeris	6752790	24.4122498	56.0903538
Salvadiós	347687	-5.0784199	40.8847110
Cantón Osa	6196749	-83.4061180	8.8915321
