Czechia	51684	15.5281185	49.8037838
Perrières	279249	-0.1253095	48.9572635
Longfossé	180042	1.8115428	50.6541086
Lunéville	88915	6.4873023	48.5963963
La Hague	6838330	-1.7991054	49.6548320
Sadirac	88610	-0.3873137	44.7867294
Savarthès	1465966	0.8037735	43.1237094
Narbief	1022241	6.6953577	47.1296964
Kalinga	52300	121.3218284	17.4313049
Claracq	1268496	-0.2899842	43.5046296
Cailhau	1985722	2.1274844	43.1447740
Ceyzériat	140326	5.3182662	46.1825657
Rentières	2371115	3.1259476	45.4267359
Voulgézac	92994	0.1186269	45.5090593
Angeduc	111337	-0.0551165	45.4786119
Récicourt	2727991	5.1567386	49.1546169
Aracaju	303928	-37.0944378	-11.0186896
Boëssé-le-Sec	107509	0.5629077	48.1321008
Labrihe	127079	0.8824296	43.7652702
Meillac	139680	-1.8369100	48.4284044
Lacenas	1125873	4.6484271	45.9867462
Vacaria	242481	-50.8721494	-28.3660294
Cagnano	3226631	9.4435318	42.8725358
Amantea	39787	16.0882781	39.1016155
Lajinha	315261	-41.5965228	-20.1201463
Malijai	1804182	6.0403781	44.0391015
Lituénigo	344831	-1.7777560	41.8273253
Canales	344979	-4.9098684	40.9957999
Brikama	3214214	-16.4996034	13.2578244
Handeni	1600820	38.3109491	-5.4415300
Mauvières	1027535	1.1272383	46.5647346
Carmena	344853	-4.4005088	39.9297577
Génicourt	568405	2.0597110	49.0945326
Coslada	345295	-3.5572358	40.4287133
Klanxbüll	1418656	8.6716365	54.8673667
Dairago	45335	8.8529971	45.5632790
Biebern	1241643	7.4476656	49.9977289
Cascais	5400889	-9.3969092	38.7224002
Lambesc	70198	5.2494222	43.6635757
Ipacsfa	575257	18.2129590	45.8319118
Graglia	45278	7.9418121	45.5678605
Cadalso	1871095	-6.5402607	40.2366582
Alimena	39314	14.1024906	37.6738594
Briedel	1269728	7.1632427	50.0005962
Étueffont	114560	6.9246725	47.7253554
Veciana	341901	1.4847116	41.6699607
Kaarina	2506378	22.4660587	60.4201505
Wüschheim	1241653	7.4240240	50.0136939
São Mateus	1834958	-39.9213242	-18.7965991
Imsbach	1254719	7.8898900	49.5910039
Arriaga	5999500	-93.8949882	16.2549512
Padilla	5606132	-98.8108881	23.9788010
Ajalpan	6037584	-97.0247486	18.4350086
Sapanca	1775628	30.2387095	40.6597631
Kokdala	7027725	80.8697648	43.8799355
Caudiel	344857	-0.5638262	39.9918697
Samotišky	437070	17.3233558	49.6289933
Bruckmühl	2190662	11.9274761	47.8928471
Ebensee	1976756	13.7882544	47.7816364
Burbach	269837	7.1117674	48.8981850
Újlengyel	1323258	19.4712749	47.2222321
Lahijan	6747153	50.0179816	37.2041976
Dachwig	2817222	10.8611973	51.0780559
Kampala	5457274	32.5860766	0.3126756
Homokmégy	1130345	19.1120016	46.4829993
Vitiněves	439868	15.3703865	50.3982068
Chapeau	117098	3.5115922	46.4926312
Red Bank	170376	-74.0650049	40.3499720
Maraial	303580	-35.7718834	-8.8315000
Benecko	439018	15.5535837	50.6541876
Nöbdenitz	2778486	12.2898190	50.8817974
Kohband	6611304	69.4598982	35.0977214
Wembach	1244182	7.8813525	47.7704217
Übersaxen	75305	9.6878598	47.2522483
Elleben	1177207	11.1017839	50.8775078
Niihama	4050290	133.3029304	33.9497589
Shimada	4674897	138.0979347	34.9249870
Eiheiji	4799779	136.3504945	36.0817755
Okagaki	4008304	130.5855887	33.9000803
Agdenes	406234	9.6984426	63.5284300
Shikabe	4088018	140.7982547	42.0519779
Arendal	406036	8.9469490	58.4267300
Mátészalkai járás	2376367	22.3603125	47.9096590
L'Abbaye	1685007	6.3149116	46.6357266
Tarnogród	2794409	22.7389037	50.3648498
Krebeck	1399099	10.1060254	51.5989751
Flieden	454874	9.5491400	50.4179602
Dasnice	439495	12.5675760	50.1453837
Laconia	170185	-71.4811627	43.5653254
Brading	910859	-1.1476051	50.6865296
Birdham	2990955	-0.8336023	50.7940104
Bildein	109544	16.4855455	47.1333317
Überherrn	1184560	6.7110309	49.2599803
Alpnach	1683053	8.2293887	46.9500465
Burbach	1140568	6.5456614	50.1158237
Simbach	957049	13.0087793	48.2869151
Hörsingen	3977507	11.1557914	52.2849172
Fajardo	4467788	-65.6561833	18.3278026
Enfield	2027182	-72.1127279	43.6017896
Grüningen	1682131	8.7622014	47.2790583
Buldana	1991611	76.4549235	20.5649293
Buldana	7398836	76.4549235	20.5649293
Brechen	413578	8.1681203	50.3636082
Hancock	134493	-88.6042094	47.1349749
Nové Hrady	437690	14.8230765	48.8003110
Latakia	184883	35.9837487	35.5788113
Burbach	163258	8.0911602	50.7410598
Gambier	183438	-82.3946243	40.3745379
Dardhas	1252570	20.6063237	40.8244395
Lunéville	2758814	6.7080714	48.5798603
Wabasha	137049	-92.0423317	44.3724884
Baghpat	1958008	77.2546632	29.0444987
Hancock	133711	-78.1705028	39.7056259
Río Tembey	3992746	-54.9727375	-26.6977255
Folatjønn	5708416	8.0962365	59.7643521
Alm Lake	3811029	-83.7577782	47.4792237
Ngarama	1729834	30.2598951	-1.5271973
Karambi	4095226	30.4735268	-1.7043395
Lac Saar	1480503	-76.0109870	47.8862333
Dog Lake	4096400	-84.0210790	48.2935201
Karambi	4095227	30.4566225	-1.8612730
Kalkara	7510575	14.5337791	35.8916392
Hammado	3703382	9.4414893	12.5953392
Kambaza	3708069	4.5543688	12.4546902
Dog Lake	6576094	-98.5177757	51.0360112
Fajaldu	3707441	5.4487722	12.7356027
Dog Lake	6554535	-76.3317067	44.4285322
Römningen	14199	13.9003127	56.5837839
Faglsee	7025722	11.1575345	46.7451517
Buadamm	2388318	12.6081601	57.7207993
Kulihølen	2437999	6.6298085	58.7215183
Alusjärvi	7285042	29.1618731	61.4764312
Kypärinen	7216924	28.0878527	60.8628062
Gambier	6063137	-134.8250517	-23.1867122
Glavica	6331417	21.4516879	43.8666564
Kis Kacsás-tó	3634937	18.3623762	47.6249348
Dog Lake	3561466	-89.1138252	45.7770467
Gradnja	6659276	21.8797113	42.7015298
Åstjernet	7526430	9.8078775	61.3448573
Firtjønna	7548582	9.9275473	61.3496094
Raudsjøen	7531019	10.0726733	61.2836389
Vangsjøen	4144518	9.2284671	61.1509807
Ajaursjön	2311428	19.1690728	64.8001321
Kråvatnet	4808098	5.3751421	60.4561785
Kråvatnet	4808106	5.3706649	60.4834533
Kråvatnet	5906714	5.0957744	60.4972573
Kårvatnet	5707759	9.1046217	63.1490039
Podbale	3337620	21.7158967	52.4618357
Tacevac	6946576	21.1690908	43.0520063
Canelas	5928127	-8.3258488	41.0774062
Canelas	5991741	-8.5997664	41.0808015
Comenda	6440258	-7.8147365	39.3989130
Raudsjøen	1940865	11.0229814	59.7935005
Leirsjøen	5134715	11.7196210	63.8061861
Raudsjøen	5228332	11.8766400	64.1087692
Stor-Kälsjön	2684992	16.3252605	62.9722627
Rødøyvatnet	7816171	16.3382046	68.3413079
Kråvatnet	7797265	16.1355446	68.0084781
Leirsjøen	1932344	10.8033558	60.2813253
Glinica	6376575	16.8369470	50.8623541
Bożnowice	6407882	17.1112330	50.6510421
Lubanda	6084056	23.5649050	-6.0940937
Jedlnia	3187013	21.3633568	51.4576343
Kråvatnet	3553630	14.1614864	66.8138228
Machete	4467969	-66.1224474	17.9549336
Kandawa	3711675	8.0366438	12.6025482
Daudawa	3711591	7.1683208	11.6490190
Chediya	3706992	6.9660933	11.9881896
Tea Lake	2817523	-84.2961304	44.8413850
Sajalka	4378095	30.8295813	49.8579101
Cub Lake	3336597	-91.4280697	48.4081776
Saanich	2221059	-123.3788918	48.4960943
Dog Lake	1284591	-120.0932006	42.7094231
Saubach	7318426	14.9953832	48.8385597
Eli Lake	3912698	-81.4064199	47.2274225
Dua Lake	3912450	-81.3116549	47.0807439
Dua Lake	3912449	-81.2962322	47.0582272
Dog Lake	1774417	-79.9716752	45.8502934
Tea Lake	1806454	-80.1880610	45.7412198
Tea Lake	1442631	-79.2572962	45.6727831
Tea Lake	917745	-79.6515175	44.8765053
Lac Duck	193701	-76.3752691	45.9879427
Tea Lake	1453128	-77.7556765	45.4760915
Tea Lake	2998118	-78.7376741	45.5061371
Kaugama	3703419	9.7387296	12.4582446
Kandawa	3711674	7.3112824	12.9315852
Gjevsjøen	2372624	13.0417093	64.0756320
Alsensjön	1286110	14.0554900	63.3562822
Dog Lake	7483613	-145.9298087	62.4634316
Yankaba	3707107	6.5794232	12.6499437
Gar Lake	3332350	-88.5729162	30.5897976
Katanga	3722416	9.7748717	11.1784237
Fagarau	3722340	10.7882687	11.5461278
Katanga	3703417	9.4794972	11.6816125
Kabilas	6081374	84.4913826	27.7679143
Kabilas	7592291	86.6455713	26.6164353
Bairawa	7535495	86.9355474	26.5770228
Jiaodao	6790717	119.8646758	29.0028653
Karambi	3973094	29.2903678	-2.3172135
Alusjärvi	1759574	29.2394992	60.6539603
Lac Flat	3537214	-57.4411882	51.5434895
Kiamika	7361739	-75.3173300	46.3777989
Cam Loch	2696099	-5.4970985	56.0322046
Cam Loch	2858947	-5.0355735	58.0738532
Lac Maud	1863586	-69.3055204	48.8271013
Tea Lake	3469460	-83.4936317	46.3592853
Jig Lake	4176779	-84.7120463	49.5227386
Tea Lake	4089257	-84.8402248	48.2809497
Gaofeng	7608810	116.7409155	31.2477625
Bharate	5286699	84.4684368	28.1481595
Baksila	6695244	86.8380379	27.3273465
Khidima	6698530	86.9044550	27.1397280
Kabilas	7724475	85.2907732	27.8971073
Lac Sara	3097376	-73.4401879	48.2548625
Dindera	2928791	37.8037335	-3.9307463
Angústias	6938701	-28.6389337	38.5284361
Arriesjön	56416	13.1065591	55.5186832
Bergssjön	4173394	12.6394218	58.0583066
Hancock	1839551	-73.3216814	42.5272905
Cub Lake	3119210	-104.5365958	54.2974157
Mid Lake	1735024	-109.4590396	62.6415898
Rag Lake	1103847	-101.1738056	51.3969399
Dog Lake	1907200	-98.6327334	51.0103542
Mombach	4555036	8.2220334	50.0223440
Adelphi	133513	-76.9727367	39.0025750
Ovelgönne	532793	8.3709957	53.3125658
Guanaja	5989995	-85.8775703	16.4787450
Hancock	361453	-71.9966926	42.9736460
Kailali	4586287	80.9036974	28.7314755
Tadjena	4833525	1.1179220	36.3347000
Nové Hrady	440379	16.1427837	49.8476639
Bargarh	1984023	83.5606881	21.2328314
Saubach	2402401	11.5198744	51.2179752
Simbach	959909	12.7285852	48.5610365
Horbach	1244123	7.5165155	49.8263628
Pļavnieki	1143429	24.2130433	56.9391668
Pålsundet	6199123	18.3247976	59.3991449
Øksenvika	7805773	10.0455492	64.0317057
Kavalga	1304123	-178.8096550	51.5592280
Naigani	3257761	178.6735400	-17.5806410
Angarei	3585119	-159.7532906	-18.8571317
Canelas	1162516	-46.7127648	-0.7891478
Regadas	4173984	-8.1499746	41.3942664
Prießnitz	2403973	11.7751229	51.0928317
Hancock	129099	-95.3629130	41.3909764
Haaften	2730303	5.2090042	51.8298993
Borbela	4202141	-7.7619331	41.3389613
Torre Baró	4147905	2.1740224	41.4537005
Kenadsa	6530994	-2.5544964	31.4897787
Blijham	1434025	7.0730710	53.1184236
Horbach	1084417	7.6572123	49.3299676
Chybice	3811642	21.1016704	50.9226662
Nõmmeri küla	352168	25.3665713	59.0748375
Lümandu küla	355456	24.5936906	59.1714797
Acevedo	5970249	-60.5633641	-33.8823653
São Mateus	3049453	-46.4776052	-23.5998425
Tiklasõ küla	352781	27.5165225	57.7221417
Arbilla	5501394	-60.6963417	-33.0913351
Wüschheim	3296367	6.8172093	50.6946855
Caraiva	5268350	-39.2475512	-16.7421779
Nsalaga	7267525	33.5568607	-8.8651110
Camelli	4803346	-67.9172949	-38.9524377
Lümandu küla	352404	24.3690905	58.9946359
Przeróbka	1763762	18.6736397	54.3852442
Três Ilhas	5205457	-43.4606877	-22.0115538
Aracaju	6164524	-37.0944378	-11.0186896
Lajinha	1980334	-40.7583892	-19.1226098
São Mateus	1921247	-39.9491410	-18.7197289
Biskupová	2209694	17.9837331	48.4627640
Kozárovce	2217945	18.5074502	48.3074649
Überherrn	5292954	6.6947932	49.2360138
Sameice	6334616	-7.7757268	40.4292457
Kemba küla	352029	25.6924548	59.4650498
Maraial	6192637	-35.7975414	-8.8165000
Saudade	5205473	-43.0674401	-21.9314110
Aricera	6333874	-7.6552168	41.0945785
Cascais	6519608	-9.4567630	38.7150263
Bulanda	5836564	27.5034484	-11.7556813
Canelas	6021241	-8.5388349	40.7253968
Canelas	6020710	-8.2063563	40.9582042
Katanga	5810640	27.5409786	-11.6353539
Licince	2274971	20.2936594	48.5309022
Asuküla küla	353603	22.5557625	58.3554003
Kagawa Chō Ōno	5680828	134.0248151	34.2662457
Kitseküla	354125	26.9173687	58.2938603
Clonfad	6951302	-7.3783334	53.4129028
Turra ED	4683051	-7.0593534	52.8690445
Ardcath	6967508	-6.4017288	53.6270107
Ta Machi	5670411	134.0487914	34.3369769
Täsvere küla	351893	26.6213437	58.2977806
Beranje	6305491	21.3213571	44.6635129
Lebedev	4097608	40.5031559	45.2462407
Casegas	5397912	-7.6970701	40.1818006
Glidden	128681	-94.7261491	42.0597925
Dolní Žandov	439456	12.5494713	50.0240875
Enfield	5685167	151.0960957	-33.8898557
Diomede	6819495	-168.9269549	65.7546260
Heidsee	165414	9.5502460	46.7397102
Meghila	6545483	1.4353917	35.6062255
Glacier	238259	-121.9395591	48.8856589
Burbach	5338884	6.9456228	49.2615194
Laconia	127672	-86.0856320	38.0315645
Macalpi	7668920	124.7309284	11.2143773
Horbach	2566337	9.1627210	50.1410578
Cadalso	4471680	-6.5400504	40.2376269
Jagumba	5981687	148.2456541	-36.0363247
Tabbita	5823239	145.8157079	-34.0965580
Oakbank	7381592	138.8547294	-34.9764600
Enfield	180198	-77.6682215	36.1798540
Navidad	1556894	-71.8072055	-34.0074741
Acevedo	1309439	-76.0068404	1.7107655
Hancock	251715	-89.5221639	44.1314170
Pålsundet	6637344	18.0323088	59.3198708
São Mateus	7387309	-28.4584382	38.4461624
Chisana	2593824	-142.0053979	62.1070330
Adelphi	181826	-82.7456011	39.4647245
Chronówek	3423364	20.9561416	51.3555633
Chancay	1944709	-77.3006941	-11.5001415
Chimbas	3584751	-68.5093785	-31.4846790
De Glind	302104	5.5213579	52.1178379
Daojiao	5665100	113.6499677	22.9781328
Kobiela	4251831	17.2942551	50.6173385
Creggan	4626194	-8.5250843	53.9268926
Mežaparks	1727766	24.1568737	57.0037800
Legland	5483087	-7.4383670	54.6590592
6e Molas	411973	-72.6574460	19.8047435
Arendal	1517116	11.8352067	57.7068827
Laharan	6188537	-8.3492207	52.1792759
Coolaha	5677910	-6.6641143	53.9646111
Kineagh	5634743	-6.7735782	53.1377858
Laharan	6345488	-9.7047993	52.1941611
Laharan	6335957	-9.6707290	52.2962003
3rd Ward	7411637	-80.8513105	35.2285216
Barragh	2236752	-6.7308044	52.6930901
Creggan	5611752	-7.8038720	54.8234451
Laharan	5891733	-9.0012609	52.0625353
Licince	2274926	20.2936594	48.5309022
Laharan	6058300	-10.3103618	51.9139624
Legland	3900702	-7.8689311	54.3903592
Raffeen	4800998	-8.3720123	51.8365740
Canelas	7826597	-43.8706411	-16.7457075
Laharan	6226930	-9.8099771	52.1028148
Wülferode	4236877	9.8584065	52.3260878
Lahinch	4178887	-9.3257094	52.9333796
Ballair	4651954	-6.8687734	53.7811593
Fennagh	2263325	-6.8485582	52.7158801
Legland	5383535	-7.5727961	55.1178442
Jürgeshof	288475	12.1896105	54.1767257
Hardbog	5494342	-7.4419801	52.4518843
Bogland	3547383	-6.1708643	52.7753949
Keggall	5328771	-6.4165163	54.1663056
Faltagh	5649529	-7.0263306	54.1516238
Laharan	6366618	-8.4862716	51.9928520
Creggan	4200355	-8.1013704	53.2804141
Ardcath	4562585	-6.3912302	53.6099750
Creggan	4134304	-7.8552604	53.2846646
Corebeg	6235121	-8.9209085	52.8277547
Kilmead	4764680	-6.8987750	53.0314172
Glaglig	3950975	-6.3964690	52.2255523
Creggan	4201804	-6.3467445	54.7208064
Muçumagro	3064138	-34.8368945	-7.2239109
Reddina	3001073	-6.5752819	52.3936851
Carmean	4869632	-6.6559543	54.7275731
Aghahoo	4599265	-7.6464386	54.6710050
Legland	5553042	-7.7732766	54.8758767
Cleffin	5472262	-7.0528036	53.8994641
Bernagh	5477787	-6.7237548	54.4792617
Creggan	5303665	-7.9832174	53.3706333
Biskupová	2209604	17.9837331	48.4627640
Elcombe	6063524	150.3208546	-29.8847164
Redbank	6063759	152.7364719	-31.4299136
Beltana	6239660	138.4112413	-30.8313106
Laharan	5858655	-9.5398981	51.5808916
Barnane	5442841	-7.9046417	52.8015933
Balline	6036550	-8.5045249	52.4328765
Balline	5960495	-8.4543165	52.4048524
Cradock	6362811	138.5184784	-32.1233799
Petržalka	2208781	17.1064195	48.1115074
Farnagh	4178060	-7.7645082	53.3952559
Farnagh	2376873	-7.7849900	53.7157727
Creggan	4192960	-7.8837690	53.5221762
Saudade	3408943	-43.8990988	-19.9150661
Clonfad	4159612	-7.1979579	53.4581724
Holanda	5379989	-84.1181580	9.9344686
Clonfad	3546935	-7.3263428	54.1487793
Clonfad	4161875	-7.3906720	53.4172425
Clonfad	4625568	-7.5121704	52.9561541
Midgham	3956596	-1.2006113	51.4017985
Blagdon	2959791	-2.7153295	51.3333486
Adisham	2561267	1.1752152	51.2333707
El Alfar	4781029	-67.9619340	-38.9433185
Creggan	5579537	-7.6436301	54.8801048
Vitiněves	428267	15.3703865	50.3982068
Creggan	5153332	-7.3481019	55.0003802
Creggan	5153310	-7.3540723	55.0020017
Raškov Ves	423396	16.8864184	50.0489480
Saudade	6497769	-44.1935318	-22.5248960
Benecko	430531	15.5558552	50.6657748
Rio da Onça	3789793	-48.8408695	-26.0516706
Barragh	5712055	-7.1728178	54.0837204
Laharan	5877599	-8.7902360	52.0803255
Dasnice	424355	12.5675760	50.1453837
Lickane	6155674	-8.1067106	51.8406325
Coolaha	6192128	-7.9065469	51.9371591
Gilkagh	4171428	-8.6509682	53.4297266
Staré Brno	432423	16.5943386	49.1902538
Horní Pole	426292	15.3010054	49.2080506
Laharan	6320245	-9.6202859	52.1098920
Enfield	4201614	-8.3693115	53.7192953
São Mateus	7318723	-44.2933516	-20.0359434
The Calf	6104529	-10.2473428	51.5698610
São Mateus	5547068	-43.3554416	-21.7756014
Kozárovce	2217837	18.5074502	48.3074649
Jamnice	433673	17.7805467	49.9617480
Zahorčice u Lnář	425486	13.7838384	49.4751606
Dolní Smržov	432993	16.5545452	49.5984017
Dolní Žandov	424498	12.5457279	50.0244848
Bredgar	2422936	0.6919511	51.3093931
Laharan	6301243	-9.6412256	52.1324029
Creggan	5384633	-8.0913963	53.5810644
Jedlina	423593	12.4970469	49.7194787
Farnagh	5493385	-8.0511342	53.9753377
Cagnona	6595864	12.4521213	44.1550851
Svinná u Štítar	431001	12.8557729	49.5578543
Hadrava	430751	13.1206012	49.3116072
Nové Hrady	427457	14.7964079	48.7873691
Beeford	812629	-0.2837015	53.9676358
Laharan	6333712	-9.5171266	52.1883221
Farnagh	5500065	-7.5923592	55.0366938
Chácara XCV	7313835	-54.7625369	-22.2212607
Clonfad	5558382	-7.3079182	54.1129550
Falleen	5415863	-8.0403901	52.8772438
Saudade	6951351	-48.6635576	-27.4720710
Wildbad	361024	8.5235816	48.7314968
Feddaun	5748072	-7.8470380	52.1892596
Bernagh	4523277	-6.5552771	52.9304562
Hanglid	3646506	122.9222428	11.4326529
Creggan	4259743	-6.0672817	54.9966232
Legland	5732190	-7.0773001	53.9579864
Bellina	5542012	-8.1075141	55.1308190
Creggan	4555836	-7.0322144	54.6488190
Lane End	3732907	-0.8532661	51.6208111
Macedon	2447705	144.5641778	-37.4242850
Clonfad	2104378	-7.2577296	54.1668905
Enfield	3129060	143.8037970	-37.7279900
Belbora	6058892	152.1729335	-31.9793002
Balleer	5326609	-6.6655264	54.2828926
Babilon	3783851	21.6267129	51.1439219
Glinica	3473635	20.0783120	50.3052519
Réveillon	2313841	0.5616278	48.4808184
Horbach	453839	7.8453533	50.3737564
Aldrich	137661	-94.9384137	46.3744494
Enfield	126037	-88.3370926	38.1020965
Red Bank	194720	-81.2298409	33.9302325
Boucaid	6534580	1.6845867	35.9026919
Czarnówka	5555384	21.4304397	52.1277724
Dachowa	6575661	17.0885745	52.3022708
Bavegem	3396271	3.8680104	50.9449691
Kaugama	3703252	9.7591978	12.5509256
Hancock	137446	-95.7960912	45.4977934
La Baume	107215	6.6003873	46.2843312
Canelas	4203799	-7.7308773	41.1581150
Kobiela	6418909	20.6857636	50.2465775
Kowalówka	5438264	23.1677711	50.2829350
Gödestorf	2696497	8.9108473	52.8970990
Hancock	176120	-75.2800597	41.9511572
Aldrich	141804	-93.5512312	37.5494185
Réveillon	2742818	3.4569579	48.7490098
Tocache	1971671	-76.5684334	-8.2409426
Sai Dham	3718178	77.0083228	28.6176040
Sandhed	1415660	14.5971474	61.1303523
Badesse	2732590	11.2761414	43.3794111
Holanda	7354273	-66.2161772	-17.3898226
Bairro 8	3995333	-9.2360445	39.4236821
Uhlbach	1107898	9.2880412	48.7784513
Tablado	5762109	-8.2649500	42.0415903
Uhlbach	3422795	9.8944922	48.9683790
Rönnudden	7176332	18.4857303	59.4190068
Miriada	1994048	-81.3136428	28.5196328
São Mateus	5431829	-44.0290951	-19.8631093
Grüningen	6737715	8.4746126	47.9839505
An Sruthán	5905991	-8.5611285	53.1962423
Wildbad	2152969	10.6958338	48.8642792
Saudade	5536758	-43.8092185	-20.2485579
Österberg	536995	9.0676129	48.5218389
Horbach	1558841	11.6460019	50.2128847
Kalkaji	3570468	77.2622717	28.5369580
Naciria	4274475	3.8197103	36.7273655
Vidingsjö	5832442	15.6489801	58.3772074
Padilla	1473585	-76.3379680	3.1859406
Canelas	5605615	-106.5429998	25.0722604
Užpelkiai	7295116	21.1330921	55.9466124
Macedon	176094	-77.3036266	43.0682295
Jedlina	5605412	19.1405823	50.0468112
Limbeck	7181911	7.3104142	51.5009542
Calapog	4675054	124.8924250	11.7522672
Filfila	5174375	7.0884589	36.8869504
Kenadsa	6531109	-2.9902171	31.4893170
Cairani	1874313	-70.3218614	-17.1951000
Tocache	1971742	-76.5989545	-8.2631951
Bir Foda	5514983	3.8554247	34.8157080
Jayanca	1969735	-79.8704512	-6.2980644
Secclla	1933645	-74.5548120	-13.0825166
Caravia	342697	-5.1897297	43.4581069
Hacinas	346126	-3.2840593	41.9817237
Keležeris	5239992	25.8756529	55.8707677
náměstí 28.dubna	6888751	16.5301963	49.2263643
Am Laien	5675806	9.0669712	48.8262722
Chucena	343491	-6.3935182	37.3543448
Glinica	6101469	15.9708769	51.6506624
Meliana	343640	-0.3351544	39.5251309
Chancay	1896119	-78.1191177	-7.4132364
Comuna 4	4260419	-58.3909599	-34.6403105
De Geite	5759586	3.0357734	50.9984688
Laamria	2823004	-8.2669832	32.8174127
Chilcas	1930937	-73.8481225	-13.1740189
Katanga	3652419	25.1262710	-9.2294124
