Haarlem	2712154	4.6435597	52.3837057
Haarlem	47534	4.6435597	52.3837057
Oakland	2833530	-122.1725560	37.7586914
Isfahan	6566419	51.6861869	32.6471875
Manerbe	186967	0.1468339	49.1791427
Reading	115074	-0.9836343	51.4514952
Gauciel	550089	1.2506418	49.0362383
Beaufin	1346319	5.9606680	44.7880679
Maconge	136389	4.5792853	47.2268048
Baurech	88625	-0.4373303	44.7251898
Lacarre	170555	-1.1644277	43.1900128
Lahonce	76024	-1.3926753	43.4816245
Sergeac	2552985	1.1141142	45.0002106
Buffard	1223669	5.8290138	47.0327490
Havange	1539754	5.9989779	49.3886572
Vaudémont	2919284	6.0589417	48.4214866
Uberach	933542	7.6293725	48.8522761
Orbagna	152517	5.4491464	46.5836089
Basilan	1513281	121.8975149	6.5908586
Sommières	76234	4.0859300	43.7707184
L'Isle-Arné	131432	0.7854731	43.6166474
Dalmine	45584	9.5981813	45.6468061
Brachay	3186757	5.0328232	48.3809202
Larnage	66816	4.8605622	45.1007955
Bouvières	2886662	5.2181029	44.5201272
Zambana	46937	11.0661743	46.1578763
Alfenas	315442	-45.9325926	-21.3635703
Olaibar	340947	-1.6029658	42.8977504
Hanches	274202	1.6506836	48.6047984
Lérigneux	1047293	3.9437086	45.5945984
Dernice	43572	9.0394635	44.7611293
Campuac	141026	2.5980453	44.5656907
Peillac	146245	-2.2160884	47.7171805
Gianico	46317	10.2111622	45.8533896
Albares	345018	-3.0356340	40.3064070
Ritápolis	314723	-44.3693805	-20.9800000
Roffiac	1927277	3.0139151	45.0474926
Algarra	344429	-1.4458858	40.0255616
Reading	188481	-75.9143668	40.3337750
Vahe Foa	4659403	-174.2983367	-19.7410072
Leerdam	310103	5.0893831	51.9016700
Leerdam	301887	5.0895623	51.9040144
Artieda	342656	-0.9916120	42.5914947
Rigarda	2858704	2.5348401	42.6292256
Magnago	45339	8.8062505	45.5810143
Montefrío	346184	-4.0311716	37.3242390
Cerdido	342275	-7.9654062	43.6042951
Donceel	2365412	5.3296379	50.6500728
Latgale	1775821	27.3547547	56.5224044
Sappada	47250	12.6954392	46.5717950
Bezedek	575353	18.6021668	45.8688963
Allauch	74270	5.5174662	43.3520402
Abriola	40552	15.7947579	40.5238685
Lignana	44632	8.3139824	45.2886256
Göldenitz	1464851	10.6233665	53.7215708
Lavagna	43030	9.3779847	44.3039043
Neichen	1075151	6.8692197	50.2591983
Trboušany	442004	16.4551412	49.0467675
Landerd	161158	5.6508574	51.7092561
Sagaing	5996484	95.4747399	24.4768485
Corbara	40709	14.5959306	40.7117329
Garbolc	1452467	22.8694618	47.9478451
Lubbeek	415955	4.8383889	50.8821422
Vernègues	70289	5.1861620	43.6841974
Allaire	146247	-2.1853483	47.6306714
Arandas	147346	5.5100150	45.8884512
Lanaken	1246116	5.6321254	50.8889619
Mendata	344657	-2.6503408	43.2743475
Constantí	342003	1.1943473	41.1624699
Mascali	39347	15.1656687	37.7648003
Dolcedo	42721	7.9210589	43.9045330
Aramaio	348225	-2.5857615	43.0352061
Korbach	198578	8.8506421	51.2715459
Korbach	5655601	8.8839066	51.2724218
Hitachi	2682911	140.7639580	36.5890835
Belleau	74173	3.2953196	49.0804299
Barsbek	251074	10.3125975	54.4034768
Tepache	5606468	-109.5279660	29.4858413
Barbosa	1307290	-75.3391259	6.4384832
Hashaat	7302542	103.1143130	47.4583735
Huitiupán	5999582	-92.7028576	17.2407536
Camargo	5605610	-98.8628525	26.1812678
Chietla	6037631	-98.6220568	18.5096736
Derince	1211495	29.8899611	40.8821627
Pandami	3813851	120.7310701	5.5097617
Jelgava	1781249	23.7185565	56.6444442
Natívitas	5999642	-98.3379403	19.2301657
Hocalar	1263744	29.9752236	38.5877581
Arandas	5605528	-102.3142823	20.7493120
Carbone	40279	16.0715557	40.1339150
Sedella	343092	-4.0426702	36.8672596
Atajate	341436	-5.2438299	36.6473846
Ramiriquí	1351876	-73.3040739	5.3289040
Dejvice	428868	14.3735787	50.1097537
Gedinne	2245275	4.9005063	49.9843507
Cucaita	1345101	-73.4460602	5.5250806
Diekhof	1991134	12.4078390	53.8529790
Lawalde	1311097	14.5845846	51.0925284
Bötzingen	70124	7.7196471	48.0735639
Bítouchov	436085	14.8877180	50.4761847
Stebach	444328	7.6630669	50.5134684
Chianni	42448	10.6382756	43.4612548
Porteirão	334460	-50.1386671	-17.9222062
Blevice	440968	14.2346010	50.2117488
Reading	1842127	-71.1035449	42.5408983
Blazice	437731	17.6410330	49.4405073
Bagnone	43073	10.0160017	44.3252457
Gedling	155494	-1.1071170	53.0260538
Bürgstadt	393539	9.3014515	49.7225848
Holzsußra	2389088	10.6792745	51.2901083
Caccuri	39834	16.8137999	39.2191047
Scheden	1399081	9.7343451	51.4614600
Malabon	403176	120.9581304	14.6747254
Kallham	397085	13.7052053	48.2855391
Gjesdal	405827	6.2770851	58.8312088
Shibara	4174275	140.7938355	38.0884774
Paseban	5802339	106.8526921	-6.1934034
Celldömölki járás	2376679	17.1302910	47.2521107
Camargo	339825	-3.8836505	43.4088044
Höttingen	1015149	11.0129950	49.0694585
Dubnice	440180	14.8107547	50.7341672
Petite-Île	1282323	55.5651085	-21.3320885
Hranice	438577	17.7252418	49.5541597
Cieszanów	2656811	23.1282894	50.2453200
Redland	133252	-77.1479491	39.1325647
Corbara	74762	8.9003786	42.6197072
Malberg	1140569	6.5822189	50.0546673
Dinhard	1682105	8.7650994	47.5592189
Arriach	106162	13.8787017	46.7375118
Széphalom	3166361	18.9599706	47.5594549
Berneck	1683866	9.6097245	47.4258180
Hemberg	1683893	9.1822005	47.2984904
Cam Ranh	7081247	109.0875871	11.9176731
Oakland	170661	-74.2422718	41.0280110
Bilenke	3936271	37.6324624	48.7662777
Sant Martí	3775150	2.2036879	41.4067585
Egelsee	2684492	8.6966442	47.7520535
Lac Alex	7005854	-71.4536203	49.2309530
Lac Alex	7124090	-71.4408600	49.2738930
Lac Odin	2506045	-74.0375442	49.6688881
Lac Mann	3298258	-75.1624074	49.5854701
Lac Laon	2464827	-73.8144788	49.1492875
Lac Lark	3097605	-73.1793910	48.4562628
Lac Karl	1473056	-75.7767130	47.7421842
Lac Alex	1474383	-70.8000801	46.5741236
Rib Lake	932777	-79.7145792	47.2155591
Egelsee	1319483	11.1938562	47.9962099
Riitjärvi	299792	28.8339270	61.4981250
Marakei	3830773	173.3067410	2.0150000
Huasaga	3718303	-77.0920241	-2.4913358
Donegal	7034771	-7.9509296	54.6246910
Bengbis	3824018	12.4144145	3.3224240
Simojärvi	302346	27.2204955	66.0413052
Amerika	2271111	12.3251849	50.1106492
Linnesjön	2401298	14.7747076	57.3054404
Linnesjön	2388371	14.1609109	57.3808278
De Linie	1320248	4.8070177	51.0632321
Pražský rybník	1739318	14.7414776	49.1264164
Grbavce	7288385	22.0110631	43.4087187
Rifaina	297953	-47.4487929	-20.0647669
El Hamra	7120346	35.4829772	33.8967696
Segersjön	5483034	17.8051700	59.1957104
Tythøtjønna	4721436	9.4956688	62.3951458
Måsvatnet	5893396	7.4498460	62.8041792
Småvatnet	3120203	5.2010817	60.3533398
Kviesjøen	4243676	7.9525256	61.1283247
Auntjønna	5241038	10.5829099	63.3148872
Stor-Målsjön	7124575	17.1527855	61.8894305
Łopuchowo	7759536	17.1033428	52.6212669
Barbosa	298209	-49.9201459	-21.2890001
Wilków nad Wisłą	5344205	20.4814681	52.4101961
Ubarana	297915	-49.7506364	-21.2160001
Brdjani	6959350	21.0506718	43.3407475
Brdjani	7484429	20.5974037	43.0739645
Vacalar	6333873	-7.6918831	41.1303763
Fraggen	2916319	15.8099715	60.1211630
Mienice	6209533	16.9743657	51.2687930
Garbacz	6400627	21.2476993	50.8687564
Romanówek	7435738	22.9647326	50.8725012
Sumphålet	2259745	18.9639979	63.9943315
Vahanka	297067	24.5375354	62.8924166
Krnjaca	6363468	19.4022405	43.4196765
Andoain	347529	-2.0137366	43.2160803
Grbavce	7204750	21.6511131	42.7221515
Radevce	7210504	21.6950224	42.7790051
Opmojávri	7256133	24.7145276	68.9519098
Opmojávri	7233623	24.1309884	68.8779659
Opmojávri	7189917	23.1161987	68.8202555
ež. Peršaukštis	2198983	26.0752497	55.0885308
Grünersee	7148727	6.9393453	51.9952829
Disina B	3722328	9.9070565	11.3975348
Yakaji A	3711847	7.6256185	11.3380101
Lajinge	3707536	6.1465603	13.5797473
Natívitas	1391358	-98.3197352	19.2335871
Nan Lake	3359894	-91.5162409	48.4169817
Lake Ann	3205164	-120.7584594	48.5064637
Lac Hans	1448651	-74.3587845	46.7444199
Jen Lake	3920984	-81.4016340	47.2936268
Lap Lake	3956541	-81.9310062	48.2093633
Amarawa	3710354	8.7745904	11.9017214
Yan Dala	3710802	8.7855805	11.8353389
Goddodi	3707474	5.5971130	13.0632059
Saidawa	3710706	8.6035926	12.3291481
Dansoda	3711584	7.1971321	11.4173835
Falgeri	3703338	9.7042848	11.5563843
Egelsee	4031474	10.2763646	48.4492700
Sangolquí	3747781	-78.4414408	-0.3517972
Rib Lake	2125615	-90.7840609	48.0403603
Ell Lake	2219663	-90.8396922	48.0046291
Rib Lake	1727349	-90.1977922	45.3145529
Rib Lake	3949599	-80.4076381	48.1515164
Kolhabi	6648069	85.1565556	27.1135586
Yandadi	3710803	8.2583141	12.4469118
Mainika	3710658	7.8802064	11.9184839
Gargawa	3722363	10.8255630	11.7178441
Dankaza	3710415	8.8597539	11.7423916
Bakori B	3711532	7.4704774	11.5624725
Manraja	7594572	86.5840294	26.5567312
Gairami	6060108	83.6504346	27.4620680
Mertjärvi	3333256	29.1346451	61.0879425
Kaave jõgi	3782305	26.3012828	58.5924783
Lac Alex	1485011	-72.3265115	47.2641049
Lake Ann	363316	-106.4646193	38.9176383
Lake Ann	938753	-93.6882176	45.4237620
Lac Alex	1485514	-70.9628130	47.6471928
Ann Lake	1464034	-95.1443234	49.8932271
Ell Lake	4106010	-85.9945426	48.6454994
Jen Lake	3957477	-81.2926636	48.3034132
Itahara	7455879	87.6185928	26.5479762
Nangang	7604232	116.9880907	31.3228956
Bahakot	6100277	83.9182484	28.0856200
Baireni	7718801	84.9749233	27.7620977
Grüner See	7594886	12.3602890	51.6708637
Saldang	5448822	83.0846579	29.4312909
Chaukam	5907891	80.7463152	29.5060113
Samejee	5921223	80.5535961	29.3645399
Dhawang	5862866	82.6773404	28.3720784
Egelsee	4480604	8.3596266	47.4008504
Lac Lili	1157202	-63.0080183	49.5806842
Lac Alex	1521344	-73.9525047	48.0760227
Hovdesjön	6524189	15.2183666	58.9794505
Dieksee	8800	10.5154059	54.1661360
Rib Lake	1477993	-114.1756630	62.3435810
Ted Lake	1107130	-100.9444853	51.6545669
Hat Lake	1476531	-99.5379845	54.7752971
Cendufe	4648450	-8.4931610	41.8122721
Oakland	133666	-79.4134903	39.4188480
Struhařov	436143	14.7866635	49.7671615
Barroca	5385270	-7.7065412	40.1075087
Kairiai	3091443	23.4282007	55.9240714
Svaté Pole	441377	14.1752688	49.7537489
Malberg	421917	7.8194476	50.7155777
Namasia	2123747	120.7034417	23.2698056
Hranice	437833	14.8537128	48.8339093
Nuapada	1984024	82.5243415	20.5303635
Donegal	188357	-79.3825211	40.1123339
Managua	2194897	-86.3338320	12.1260897
Reading	182220	-84.4314678	39.2224485
Struhařov	436104	14.7482320	49.9517262
Oakland	139994	-90.3843431	38.5754210
Krögarvik	7162871	18.3470815	59.2927144
Skeppskär	2663835	11.2099919	58.5622810
Støabukta	6868703	10.7418915	59.3994933
Balvika	6841738	11.7923590	62.0011947
Isla López	6305856	-75.3307489	-50.3607254
Hisarøyna	4639482	4.9440890	60.9928645
Dearing	119898	-82.3852147	33.4162685
Oakland	129094	-95.3934096	41.3079025
Mendham	170462	-74.5992385	40.7692050
Badagry	3718188	2.9074857	6.4387295
Camargo	130652	-83.8922274	37.9961134
Vidalia	119444	-82.4058864	32.2116065
Oreanda	3072145	34.1396376	44.4583818
Cacouna	7516050	-69.5084349	47.9169935
Niekrasów	6528300	21.3756442	50.4957353
Reinach	1684398	8.1806454	47.2652324
Kłopoty-Bańki	6788405	22.7956406	52.5266319
Hranice	439466	12.1636551	50.2889284
Oakland	186512	-123.2953808	43.4230274
Haiduan	3344419	121.0315935	23.1234308
Reinach	1683694	7.5975229	47.5005641
Nehalem	186498	-123.8948676	45.7188766
Chhampi	4816707	85.3121863	27.5943998
Keema küla	354058	26.6648926	57.8326184
Kuklasõ küla	354241	26.8393415	57.6730909
Ortumäe küla	355503	26.9934888	57.6678644
Adelong	6002487	148.0735096	-35.3063285
Uniküla küla	354795	27.0226585	59.3107701
Jõgisoo küla	355506	25.8674900	59.1655620
Ubarana	5683299	-49.7506364	-21.2160001
Rifaina	5349723	-47.4487929	-20.0647669
Barbosa	5683046	-49.9201459	-21.2890001
Garcias	4108077	-52.4028469	-20.1737045
Amancay	4773059	-68.3514090	-38.9610439
성현 (Seonghyeon)	3878883	126.9515644	37.4898358
Tembela	7267468	33.4892965	-8.9410294
Kabli küla	353809	24.4468669	58.0024665
Võipere küla	355553	26.1191149	59.4102612
Leibsch	3549562	13.8618907	52.0807159
Otiküla küla	350825	25.9438291	58.4393481
Ballyea	6797897	-9.1643099	52.8926023
Leedi küla	351867	26.5582738	58.8591981
Krivoklát	1791654	18.1413718	49.0503153
Bojnice	2187799	18.5846275	48.7920585
Haradok	1173272	29.9837935	55.4627526
면목제2동 (Myeonmok2-dong)	3882930	127.0779171	37.5896650
Varadka	2277790	21.3841957	49.4190542
Crnajka	6312217	22.1519909	44.3045517
Anija küla	351389	25.2883541	59.3790591
Jõgisoo küla	354814	24.5193504	59.2860898
Jõgisoo küla	352322	24.0216358	58.8520847
Langa küla	352436	24.1741359	59.2978523
Atafona	7367134	-54.3470765	-28.3155832
Berghem	52802	20.3025525	63.8275196
Aarna küla	351999	26.9619022	58.0867447
Kiniama	5457505	27.4547285	-11.7143758
Lubbeek	3942531	4.8400599	50.8821122
Kasenga	5501801	27.5500257	-11.6428088
Kasenga	5834385	27.5581406	-11.6136143
Angla küla	353698	22.6745818	58.5350331
Budince	2386561	22.1213343	48.5460330
Iguaibi	4766943	-39.9904506	-14.6114771
Clonbeg	6791799	-8.1779488	52.4015315
Kalonda	2273322	19.6573542	48.2559384
Chebzie	2396253	18.8792012	50.3029061
Löwendorf	3848739	13.1933776	52.2186158
Uniküla küla	351344	26.8977170	58.2731444
Kilfane	6527631	-7.1022803	52.5558393
Clarina	6810856	-8.7399640	52.6164114
Ignacio	112240	-107.6339563	37.1162504
Oakland	109887	-89.9148889	34.0556784
Jaani küla	351253	22.9053895	58.6091064
Ainja küla	351717	25.6855811	58.0610060
Garapan	253860	145.7183430	15.2058118
Zybułtowo	6907336	20.1756864	53.5033041
Amaluia	253677	-170.7937429	-14.3557150
Witalówka	6635962	20.7563208	51.9080222
Jhajjar	1942946	76.6485719	28.5981860
Serrières	142049	4.7631040	45.3179131
Łopuchowo	6815374	23.2737354	54.0986061
Oakland	132526	-69.6986390	44.5550870
Eustachów	6233937	20.2648523	50.9239726
Deoghar	1960263	86.7102353	24.3294888
Łopuchowo	7091490	22.6816639	53.1702667
Oakland	117684	-81.6307936	28.5553469
Peraboa	5397672	-7.3957926	40.2645252
Vöhringen	941075	10.0932950	48.2884145
Aïn Yagout	5240863	6.4182119	35.7866324
Dom Viçoso	315205	-45.1397803	-22.2317681
Follega	2660297	5.7203207	52.8845941
Sidorówka	6800484	22.9228087	54.2333703
Byhalia	109848	-89.6877739	34.8748844
Szadkówek	4239790	20.5370000	52.2401063
Reading	2030459	-72.5937746	43.4954179
Caucete	3581514	-67.6591349	-31.4211206
Tokarówka	7433515	22.8035559	50.9513771
Alleman	128649	-93.6100838	41.8140804
Vidalia	132241	-91.4274408	31.5648080
Rib Lake	251627	-90.2030111	45.3174825
Barnard	2030451	-72.6248113	43.7291097
Borzechów	7597376	22.2710867	51.0942529
Oakland	188566	-75.6062705	41.9546799
Chepeli	6875361	22.5518753	41.3797550
Chiflik	6857667	22.7767143	41.9348487
Chiflik	6861237	22.8619778	41.7743522
Rechani	6851031	22.4567446	41.9964022
Chiflik	6791483	22.2774251	41.6702190
Chiflik	6940188	21.1188548	41.9516231
Arangel	6435117	21.0248451	41.5974802
Rechani	6434697	20.9010764	41.5857694
Chiflik	6949728	21.3547954	41.9457661
Batinci	6951976	21.4726467	41.9210397
Emirica	6707984	22.3516048	42.0821078
Chiflik	6637328	22.3288168	41.8554819
Chiflik	6826230	22.2214874	41.3789822
Bimberi	5953604	148.6968102	-35.5830941
Kyeamba	5981131	147.5686491	-35.4575825
Balivka	2063141	34.7875227	48.6169505
Mappach	7364321	12.3369806	49.2532046
Oakland	126828	-88.0282652	39.6589610
Coosada	110747	-86.3310161	32.5028975
Bonfeld	4488838	9.0908824	49.2141249
Earlham	128933	-94.1200319	41.4941450
Podgaje	6482972	20.7712862	50.5118254
Dubenka	3166929	25.1893037	49.0517771
Reading	135007	-84.7478396	41.8378309
Hedrick	128998	-92.3079568	41.1708225
Tagilde	4110848	-8.2781769	41.3775788
Vöhringen	943750	8.6620589	48.3271521
Oakland	187373	-80.3671526	40.9918934
Oakland	169719	-96.4660976	41.8376850
Reading	129665	-95.9566885	38.5192326
Gardere	131666	-91.1344130	30.3580909
Camargo	126649	-88.1670828	39.7990710
Camargo	242759	-52.2237601	-28.6105039
Braddon	6827850	149.1354121	-35.2699197
Skibice	6944555	18.9952815	52.5395870
Jaksice	3473981	20.0102565	50.3249728
Podgaje	3573146	21.0655687	51.6027452
Krivoklát	2219828	18.1413718	49.0503153
Anna Bay	6058874	152.0753077	-32.7641962
Killala	5623467	-9.2292897	54.2093106
Teeraha	6242938	-10.1449989	51.9656749
Meelick	2231031	-7.9274988	53.9820024
Liddell	6059113	151.0009018	-32.4222327
Meelick	4060308	-8.6059071	53.6503980
Barauna	5207901	-42.4945439	-14.0663374
Le Cabot	6598379	5.4164813	43.2568929
Shanagh	6190101	-8.5034140	52.2324735
Cashlan	5674808	-7.0997293	54.1833330
Cassagh	4781466	-7.1345740	52.7336328
Clareen	5582766	-8.2529312	52.8552508
Fremagh	5648517	-7.2206754	54.1491084
Ballyea	6125158	-8.8951879	52.4783014
Meelick	6206548	-8.5066946	53.4540430
Meelick	6384076	-8.6944409	52.6829164
Aghards	4613864	-6.5493569	53.3451433
Kinflea	4294579	-6.2851109	54.9581451
Rareagh	5583892	-7.8050232	54.9001326
Ardkeen	5901122	-9.5960773	53.8445031
Debicot	4491128	-7.2955278	53.1201897
Meelick	4634365	-7.2884976	53.0181171
Meelick	4136623	-8.6493704	53.7300599
Cashlan	4271594	-6.1411232	55.1020726
Donegal	5552038	-7.8206900	52.4109027
Ballyea	5568324	-7.9475866	52.3296291
Anglode	5998912	-8.5192880	52.6100830
Illanee	6853654	-9.1878475	53.9654449
Berghem	52804	20.3028981	63.8278793
Leiberg	5532186	8.6503107	51.5124643
Larraga	5527198	-8.4643579	53.1103357
Ballyea	4277752	-9.3956044	52.9473433
Meelick	4865639	-8.0133868	53.8674901
Clareen	4269453	-7.9136241	52.9964150
Ballyea	5951628	-8.4365724	51.8162060
Shanagh	6364967	-9.4843368	53.7806102
Rosenvång	3050081	12.9557388	55.5826082
Ballyea	6043964	-8.6053361	52.5404435
Clonbeg	4261427	-7.8616769	53.0386824
Shanagh	6129795	-9.0352538	51.7616621
Garrida	5551623	-8.5206208	41.3511486
Atlow CP	4095698	-1.6583202	53.0361289
Boadaun	6109281	-8.9612500	53.5310343
Toehead	5252465	-9.2314076	51.4866460
Barmeen	4285488	-6.0619104	55.1267488
Defford	1875192	-2.1363384	52.0860703
Rathfad	4850651	-6.9376374	55.0958443
Killala	3681970	-8.4118125	54.1755548
Ballyea	6171506	-9.0315466	52.7916109
Ballyea	5342309	-8.0673059	53.1419664
Clon Beg	5475601	-7.9315747	52.6968339
Clareen	5475599	-7.9189828	52.6661423
Lagille	6192285	-7.9859507	51.9408187
Erenagh	4641342	-5.7364193	54.2949555
Atafona	5977093	-51.7182857	-30.0707165
Ardkeen	5442839	-7.9169024	52.7738410
Mendham	4829243	1.3417891	52.3837416
Meelick	4200038	-7.9393142	53.8167362
Ardkeen	4563798	-5.5285682	54.4323322
Meelick	2377410	-7.8411928	53.6530351
Ballask	3728913	-6.3547023	52.1946751
Meelick	6344681	-9.4501107	51.9250909
Ballyea	6088039	-8.8536974	52.5196312
Allawah	2925695	151.1137634	-33.9730191
Clonbeg	5457801	-6.6769094	54.4577595
Budince	2386457	22.1213343	48.5460330
Benduff	6024668	-9.0648913	51.5992880
Camaghy	5416163	-6.9107605	54.5552301
Meelick	5806427	-9.0164922	53.9230662
Barmera	6458620	140.4739871	-34.2312747
Corbane	4134303	-7.8223363	53.3026618
Ballask	3582683	-6.5449827	52.2039172
Varadka	2277740	21.3841957	49.4190542
Bojnice	2187726	18.6058577	48.7920371
Kalonda	2273241	19.6573542	48.2559384
Meelick	6205728	-8.3623794	52.9351603
Gramame	3064215	-34.8784219	-7.2076950
Wandana	6213676	133.8212204	-31.9820585
Brackin	4772837	-7.3260181	52.7314806
Yalanda	6290058	136.7045605	-33.2740648
Canunda	3793221	140.3193951	-37.7311631
Berghem	1450560	5.5767903	51.7650825
Dubiele	6881018	19.7001412	53.3651464
Meelick	5576272	-9.2104218	54.2007826
Bohalas	4637132	-8.6231603	53.9270793
Edingen	6650913	6.5000304	49.8268979
Baviera	6497773	-84.2208717	10.0115113
Ambatta	6612118	15.1267784	12.1056991
Aldeota	5522086	-38.5028313	-3.7375247
Brandra	4575438	-7.3544251	52.8687251
Emerald	2430748	145.4488890	-37.9310700
Corbane	5682460	-6.8117852	54.0266599
Meelick	4767166	-8.6171365	53.8184682
Camaghy	5668045	-6.7992464	53.9456215
Belleau	1855666	0.0956351	53.2888131
Clareen	5910110	-9.0953170	53.6813781
Meelick	5550721	-8.9081329	53.6497085
Wilby CP	1646352	-0.7407923	52.2923952
Riccall	4824117	-1.0506862	53.8315183
Collagh	5806426	-9.0052604	53.9141611
Kilhale	3361006	-9.3804510	53.9145470
Meelick	4107395	-9.1587396	52.8870515
Podgaje	7727036	16.5347647	50.5489382
Donegal	5628771	-8.0984174	54.6553338
Culbane	4458494	-6.3455356	55.0855361
Inchera	5668018	-8.3825950	51.8999410
Saxby CP	1309260	-0.4942318	53.3639760
Cranham	5994937	-2.1507466	51.8106401
Sacombe	3593578	-0.0698632	51.8501603
Hranice	431056	17.7480023	49.5539398
Clareen	5539742	-7.9475167	52.5586068
Fabiany	6891989	19.3982344	53.7141837
Lidgate	4537612	0.5138410	52.1947265
Biberau	3676761	10.8654289	50.4993183
Champel	2259953	6.1580611	46.1886017
Lawalde	6236723	14.6037751	51.0783099
Meelick	4783880	-8.0946541	53.1802673
Chrlice	425974	16.6585524	49.1264627
Trboušany	426985	16.4551412	49.0467675
Moravské Křižánky	428084	16.0559719	49.6810390
Choroušky	427333	14.6658122	50.4023446
Blevice	431330	14.2346010	50.2117488
Březí u Malečova	432037	14.1143415	50.6455518
Erenagh	5126602	-8.0223485	53.7081488
Garcias	5536858	-44.6065308	-20.0952150
Oberehe	331022	6.7676792	50.2762478
Crichel	5614624	-2.0368401	50.8906621
Držkovice	433674	17.8409445	49.9861583
Bilinka	427370	14.3735894	49.3526953
Salajna	430642	12.5125296	50.0291956
Svaté Pole	434639	14.1752688	49.7537489
Dubnice	431982	17.6442017	50.0425816
Blazice	430853	17.6410330	49.4405073
Rataje u Kroměříže	434484	17.3293761	49.2672550
Degredo	4141979	-41.1043191	-21.7134055
Dorota 1	5579256	-8.8062945	7.7573229
Barroca	3408709	-43.9639965	-19.9337434
Beuchen	7435676	9.2302467	49.5971244
Donegal	5959605	-8.3193167	51.8704509
Löwendorf	6739643	9.2856724	51.8413424
Faheens	5829037	-8.9424650	53.8868167
Meelick	5380168	-8.2654064	52.9525696
Corbane	2098218	-7.2262266	54.2589752
Meelick	4603650	-7.4134880	53.1545922
Bawnlea	5443581	-7.5409471	52.6432086
Bayanan	1346861	121.0470505	14.4092083
Meelick	3643083	-9.2507890	53.8937646
5e Mercy	409687	-73.7615585	18.2859190
Kill Beg	4356253	-6.7912440	53.4816978
Braemar	6076553	150.4848486	-34.4297096
Buangla	6074491	150.3900696	-34.8718257
Gobrana	4461461	-6.2130817	54.6054398
Crobane	4678785	-6.2899861	54.1844824
Carnham	6069755	152.5764103	-29.3482348
Caparra	6063449	152.2331840	-31.7216251
El Ancer	6669723	6.1770785	36.7941634
Łopuchowo	6800464	22.8523567	54.2560926
Encinal	171144	-107.4310687	35.1262014
Encinal	6587470	-99.3550029	28.0405955
Oakland	195496	-89.5815917	35.2220465
Melbeta	169783	-103.5172497	41.7818934
Oakland	192183	-80.4981599	33.9868500
Barbosa	1315426	-73.6227412	5.9549889
Natalia	6586519	-98.8573205	29.1901705
Belleau	113016	6.1949765	48.8498111
Lake Ann	134900	-85.8435849	44.7235710
Podgaje	6424992	20.3780264	50.3429256
Grabacz	6855188	19.9472221	53.3447656
Skibice	7091095	23.6338337	50.8462494
Barnard	140573	-94.8227960	40.1744714
Jaksice	6057935	20.5080182	50.1451576
Serrières	1120688	4.6649849	46.3096006
Bielcza	6079093	20.7521029	50.0277542
Dearing	129913	-95.6934428	37.0525639
Akwanga	3720496	8.3406254	9.0152702
Camargo	184805	-99.2882885	36.0180255
Oakland	183859	-96.7927972	34.1019221
Oakland	130720	-86.2489730	37.0466630
Kakombe	2650256	29.1445568	-3.3660174
Braemar	2006020	-81.5181598	28.5351979
Kanalen	6617204	16.2481066	58.6149462
Reubach	4124857	10.1062758	49.2592013
Flagget	5907893	5.1865976	60.4072011
Itäkeskus	192430	25.0847598	60.2086521
Barroca	6300312	-8.5984124	41.4175975
Barroca	6299689	-8.5513535	41.4185256
Champel	4002148	4.6146833	44.8073505
Pri Brôdku	4652481	18.1553134	48.9388060
Krivoklát	4651070	18.1413718	49.0503153
Romanówek	3524281	15.4218633	52.3090258
Podgaje	3266617	19.9113160	50.2615977
Barroca	6303960	-8.4727627	41.4352669
Podgaje	2399517	21.4609562	51.4884951
Naraina	3561665	77.1393986	28.6220376
Menafra	2742601	-57.4816016	-32.5585343
Barnard	129829	-98.0435840	39.1892795
Camargo	5605611	-104.3801065	28.0582027
Rehagen	4677630	13.3666529	52.1679301
Wola Niżna	6317755	21.8435807	49.4187878
Nowa Wólka	7616534	22.8009772	51.3703413
Wola Otałęska	6986876	21.2660667	50.3567274
Župné námestie	3277508	17.1057661	48.1454832
Nanchoc	1900639	-79.2544229	-7.0012129
Bagassi	2916375	-3.2480557	11.7419950
Larraga	342945	-1.8649375	42.5476351
Chojata	1875895	-70.5368328	-16.4456442
Ocucaje	1899038	-75.7757336	-14.4945439
Kairiai	3785242	23.4536483	55.9269777
Adanero	339910	-4.5995188	40.9422685
Biescas	348030	-0.3207290	42.6281814
Pararca	1930980	-73.4542234	-15.2100884
Comuna 7	4256878	-58.4483626	-34.6352589
