Finland	54224	26.9899020	64.7696261
Raleigh	179052	-78.6435106	35.8481560
Cambrin	1151471	2.7387418	50.5107552
Hedmark	412436	11.8423579	61.2698616
Carrara	42819	10.1047160	44.0763200
Élincourt	55648	3.3714983	50.0487119
Talence	105267	-0.5892207	44.8059703
Épouville	142858	0.2241265	49.5651056
Chamant	1637048	2.6122667	49.2276324
Hérissart	1669034	2.4206849	50.0269810
Talange	123278	6.1703292	49.2345985
Lubécourt	1539774	6.5107164	48.8439370
Andechy	3359677	2.7066514	49.7151670
Gauriac	2928265	-0.6155948	45.0678297
Illange	2196921	6.1833746	49.3294103
Balesta	1422747	0.5643401	43.2030809
Solbach	911813	7.2017876	48.4310283
Madiran	1808064	-0.0585012	43.5502591
Saladin	3242295	43.5844615	34.6582620
Camurac	1788637	1.9189439	42.8014813
Carlipa	2102318	2.1225364	43.3076295
Kitzbühel	85657	12.4044856	47.4364823
Robécourt	1020010	5.7104344	48.1373707
Coëtmieux	357891	-2.5936178	48.4871192
Ceyzérieu	103775	5.7206151	45.8369617
Pianfei	43047	7.7138358	44.3650540
Itabira	314650	-43.3006563	-19.6035000
Bariano	45186	9.7079092	45.5136015
Bolgare	45474	9.8199546	45.6293053
Davézieux	145635	4.7024796	45.2533987
Vaillac	124673	1.5334033	44.6705148
Commana	547823	-3.9741503	48.4126095
Damazan	2067317	0.2825579	44.2825909
Chiatra	2260239	9.4845934	42.2855220
Montsalès	2564831	1.9788400	44.4847242
Kobarid	1675777	13.5468788	46.2430308
Vallica	377127	9.0583727	42.5166442
Valuéjols	1927280	2.9044569	45.0541461
Chabris	2078774	1.6662551	47.2529159
Cieurac	122478	1.5097816	44.3772998
Gaujacq	1377353	-0.7435316	43.6393130
Cedillo	1898735	-7.4785342	39.6210053
Alborge	342956	-0.3539590	41.3389466
Lapland	2541341	26.7282045	67.6929104
Labajos	343657	-4.5212139	40.8554377
Grajera	344489	-3.6095406	41.3740500
Codalet	409332	2.4140337	42.6015102
Garding	1402696	8.7815820	54.3308060
Rambaud	571553	6.1316859	44.5495696
Beulich	1182317	7.4539075	50.1649734
Falicon	176085	7.2646292	43.7534360
Wallsbüll	1156035	9.2177325	54.7793379
Dahmker	1466071	10.4477539	53.5841487
Malchin	1427274	12.6795722	53.7474456
Ucciani	139022	8.9827271	42.0515722
Seneffe	2129466	4.2703852	50.5488305
Kelberg	1075155	6.9202632	50.2942961
Zaandam	337728	4.8159442	52.4503061
Roncade	45417	12.3944188	45.6152620
Camogli	43035	9.1628593	44.3332001
Flobecq	1374657	3.7313237	50.7554999
Iborfia	1356907	16.7509630	46.7313454
Rajhrad	442073	16.5999864	49.0853443
Greccio	42032	12.7562581	42.4508657
Morbach	661030	7.0997789	49.8080097
Daldorf	422878	10.2505188	54.0170805
Forchia	41023	14.5311396	41.0311238
Lanús Este	2546216	-58.3722583	-34.7101285
Laviana	340710	-5.5477179	43.2320433
Lincang	2725393	99.6060328	24.0577820
Schilde	3421867	4.5955157	51.2570950
Schilde	1283358	4.5761942	51.2575731
Ardales	346018	-4.8528324	36.8911380
Maniago	179264	12.7364616	46.1385673
Escucha	348953	-0.8852404	40.7798218
Carasco	43062	9.3558306	44.3574894
Khatgal	7305550	100.0310983	50.3177513
Malchin	7305292	93.2776888	49.7356834
Belmira	1307257	-75.6879048	6.6468730
Taniche	6000167	-96.7646774	16.5676109
Shibata	4137383	140.6872417	38.1450195
Pátzcuaro	5606174	-101.6602802	19.5017456
Soledad	1341569	-74.7739922	10.9054252
Ifangni	2945788	2.7089345	6.6390880
Bekilli	1606203	29.4187806	38.2493128
Lapland	1724359	26.7282045	67.6929104
Candoni	3740498	122.6293898	9.7594106
Cellere	42056	11.7798570	42.5151317
La Pampa	153541	-65.8186450	-37.1794717
La Folie	180733	-0.9724480	49.2638724
Jecheon	2538334	128.1547071	37.0352457
Arraial	302658	-42.4964972	-6.6430000
Sotaquirá	1308656	-73.2592117	5.7856808
Algorfa	342785	-0.7986446	38.0686143
Eisfeld	1266455	10.9036528	50.4347873
Accolay	2646262	3.7061671	47.6541190
Nimaima	1412856	-74.3850312	5.1341411
Baoshan	2727146	99.0719905	24.9905993
Paradas	340886	-5.5049386	37.2931686
Miranda	333988	-56.6150442	-20.1420000
Peniche	3991125	-9.3128529	39.3372251
Bonópolis	334461	-49.8583121	-13.5423237
Palmela	5401738	-8.7926347	38.6267847
Aitrach	2806736	10.0730020	47.9424147
La Palme	51929	2.9946087	42.9679948
Paghman	6616113	68.9400864	34.5474327
Rümmingen	1130278	7.6488619	47.6481833
Mirabel	341576	-6.2486573	39.8658509
Gehofen	2362539	11.3099389	51.3127055
Eglfing	936935	11.1492873	47.7415611
El Cajon	111855	-116.9510046	32.7994660
La Javie	2136741	6.3335954	44.1972240
Mörnsheim	943554	11.0121063	48.8540389
Kunbaja	1130383	19.3962502	46.0707679
Budafok	3186370	19.0305871	47.4190477
Héricourt	2273931	2.2487834	50.3379094
Héricourt	296288	6.7737119	47.5666256
Takaoka	4807803	136.9502124	36.7675520
Shibata	4137075	139.3933518	37.9622664
Općina Fažana	2277600	13.8152141	44.9268318
Ibestad	407772	17.1522818	68.8483081
Kanmaki	3240873	135.7172127	34.5654389
Eisfeld	2909250	10.9329006	50.4352791
Rahaleo	5712768	39.2015670	-6.1643947
gmina Łapy	3092527	22.8698983	53.0008117
gmina Góra	2709176	16.5507063	51.6776841
gmina Ożarów	2964599	21.6922153	50.8660622
Praça Sáenz Peña	2226742	-43.2324348	-22.9243972
Hiranai	4107258	140.9378403	40.9470832
Werbach	401805	9.6124805	49.6913221
Skalice	437046	16.2220728	48.9738942
Khammam	2022134	80.4001248	17.1682587
Imandra	121860	33.1500944	67.7272842
Schleid	2898843	9.9944528	50.6859461
Saint-Éloi	120290	1.8241401	46.0811001
Ledvice	439338	13.7602126	50.5882312
Miranda	272673	-66.4763988	10.3187649
Schleid	1152670	6.4838179	50.0704740
Soledad	5953623	-121.3246294	36.4281798
La Reina	162992	-70.5334337	-33.4472329
Hetauda	4815504	85.0371063	27.4178664
Fresach	106147	13.6925519	46.7246509
Szépilona	3174475	18.9894186	47.5194265
Bikaner	1948979	72.7864639	28.1201647
Tabango	5426248	124.3452753	11.2734299
Maricao	4467847	-66.9536881	18.1731106
Pembina	181520	-97.2481828	48.9666560
Lac Andy	3296786	-74.5697800	49.7065539
Lac Cook	553136	-75.7382537	45.8726246
Mirabel	7699994	-74.0615436	45.6525952
Lac Chix	6539559	-74.5224981	50.5450262
Lac Pine	920358	-78.5384311	47.1175013
Lac Maye	1534194	-76.7948326	47.2991236
Dammsee	1953970	13.6002473	53.4042201
Peniche	6548055	-9.3876883	39.3620512
Svalövssjön	3069253	13.1114409	55.9236082
Pukaträsk	7367322	19.2094622	57.9706361
Jaworówka	7097752	22.9681935	53.1909853
Kvicksjön	5509928	16.1799592	57.8273180
Vodní nádrž Lučina	6579830	12.5676348	49.8081262
Zabrega	6331455	21.5401696	43.9383007
Arealva	298269	-48.9887657	-22.0795000
Ribince	6657548	21.8969476	42.5180573
Livojärvi	4713158	28.1195545	65.9908750
Guaraci	298063	-49.0226352	-20.3770001
Barrika	340590	-2.9677772	43.3987747
Étang d'Eau	4645311	1.4222124	46.7172195
Lac du Crès	5385	3.9306069	43.6548657
Iricici	6952093	20.9534454	43.2270687
Arazede	6553452	-8.6656509	40.2728479
Maiorca	6552938	-8.7484542	40.1687293
Bni Ftah	2758254	-4.0069875	34.5199209
Frechas	5735860	-7.1411417	41.4010146
Ribarci	6649244	22.5203683	42.4268017
Regilde	5837282	-8.2675491	41.3650845
Palmela	6444933	-8.8650103	38.5764662
Meia Via	6483234	-8.5005482	39.4751347
Gaeiras	3992945	-9.1199165	39.3714398
Vålvatnet	5200163	10.0886185	63.5179843
Koltjønna	5840330	11.1927334	64.0761330
Ontonperä	2514295	24.8270396	65.0258264
Djupsjöen	5313110	12.0191546	62.1060234
Skalice	6407903	17.0631060	50.6483698
Kymijärvi	124426	25.7975896	60.9711833
Kretjørna	5589615	13.6140716	68.1596267
Hornasjön	2384071	12.2889697	57.7130065
La Doria	2872084	5.9767748	45.5819898
Moksjärvi	78881	24.4259872	60.4776276
Maricao	4467880	-66.3270009	18.3870808
Chonchi	3076208	-73.8729084	-42.6803321
Mashema	3722457	9.9340864	11.8143968
Jigalta	3721334	13.2961504	12.6095439
Dangora	3710413	8.1508533	11.5710496
Mashema	3707066	6.7308856	13.0696813
Kammata	3707503	5.0501324	12.9739506
Old Lake	2142482	-95.8435404	32.0834969
Lacolle	1600483	-73.3693484	45.0712675
Soledad	112340	-121.3737875	36.4735750
Lac Vail	1637569	-73.7653055	46.0900752
Lac Kwai	1472980	-74.4129839	47.5894094
Hub Lake	1947154	-86.5364226	46.1630881
Bolewa B	3698596	11.0881402	11.7023020
Lac Cook	2597671	-74.5838916	45.7117333
Cosanga	3726023	-77.9564458	-0.5885537
Hub Lake	401073	-90.9459366	47.9834157
Hingham	2387525	-70.8803442	42.2234316
Old Lake	3476778	-105.2120503	53.4728941
Zangebe	3721497	13.6509880	12.0327075
Kalaiya	6654906	84.9876611	27.0216092
Santada	5952921	81.4010089	29.1572420
Garnich	407865	5.9384428	49.6164455
Arborea	40077	8.5750442	39.7683871
Barnawa	3709396	7.4323033	10.4759745
Bardoki	3706977	5.1063155	11.9182947
Nahuche	3707074	6.5321004	12.3744901
Banauli	7592313	86.6211740	26.5796010
Lekhani	5810746	83.5089816	28.2270701
Bon Lake	406996	-95.9430249	46.4881347
Old Lake	2735891	-98.0977533	33.7645201
Lekhani	6785714	86.3987322	27.1395951
Tamlida	6793637	86.6487771	27.1130295
Pan Lake	400840	-91.0774181	47.9883292
Lac Andy	185808	-74.9998539	46.9359238
Lac Wahl	1593851	-69.5984867	48.4063656
Tib Lake	5996131	-89.7619708	49.2239474
Pan Lake	6498078	-84.0503146	47.2475921
Oke Lake	3982933	-81.8776937	48.9360827
Sacambu	5632870	-70.1965106	-4.2146329
Ganjari	5946076	81.0710468	29.2442054
Wagalek	5944000	81.0226017	29.3205403
Dalgaun	6693863	86.9957282	27.1238716
Faktang	6699140	86.8183384	26.9058639
Bhardev	4822535	85.3828417	27.5504382
Kaihuai	6819679	108.0247511	26.5299274
Dahakot	4712481	81.4798248	29.5928116
Lac Dany	1595037	-73.2411040	48.1177808
Lac Pine	1519857	-73.5776007	47.6541096
Mustajõgi	1876199	27.9161508	59.2651150
Rinnasjön	1378915	14.9654344	58.2785168
Tata Dam	1611529	73.4017500	18.7353750
Nangeen	6667654	87.8257635	27.1457265
Jiadong	2755016	120.5460406	22.4298207
Pozo Alcón	342205	-2.9383712	37.7160003
Seeland	390044	11.3163351	51.8168952
De Marne	404070	6.3200886	53.3802584
Ilavche	3166641	25.8390230	49.3453267
Zibalai	3680245	24.9915799	55.0856295
Poryte-Jabłoń	7037534	22.2144713	53.0221787
Kitzbühel	85647	12.5067451	47.4826080
Albuera	5426215	124.7118075	10.8936327
Hlavice	438994	14.9247169	50.6316861
Miranda	5661124	151.1035294	-34.0325311
Rönneburg	299515	10.0074459	53.4368933
Bardiya	4586363	81.4515430	28.3714635
Jalgaon	1991609	75.5301857	20.8401184
Hrobice	440343	15.7870912	50.1090619
Auleben	2399479	10.9386475	51.4248254
Skalice	436498	14.6865803	49.3028223
Coghlan	5328270	-58.4755017	-34.5600963
Diamond	126880	-88.2434310	41.2850645
Skalice	436610	15.8676202	50.2773685
Dalvika	5861236	10.6216999	63.3481887
Homborøya	5887524	8.5131739	58.2519369
Nestjønna	7829159	14.7140890	68.3229997
Hjartøyna	4785063	4.7824506	60.5971546
Jaszkówka	6418652	16.6996465	50.4355129
Ercilla	1766964	-72.4356215	-38.0617856
Headley	3344965	-0.8157298	51.1264353
Kimball	240096	-81.5079026	37.4283885
Califon	170891	-74.8365005	40.7217790
Merahna	6663198	8.1539292	36.1978173
Baoshan	3509837	121.0034446	24.7423935
Čiulėnų seniūnija	3490913	25.5242607	55.2746379
Grieben	1479213	11.0549521	53.8409895
Mailiao	3393142	120.2376905	23.7905135
Hrobice	440750	17.7900213	49.2759718
Maribel	251810	-87.8000594	44.2783645
Kanding	2592723	120.4985313	22.5184503
Grieben	3651891	11.9587810	52.4393363
Arapaho	184922	-98.9600407	35.5770410
Sienica	7634078	17.8865673	53.8076321
Chróstnik	6105727	16.1602072	51.3520526
't Zandt	2473180	6.7732976	53.3708719
Kimball	137720	-94.2997798	45.3164265
Belsele	3376838	4.0917750	51.1570235
Zabiele	6897556	22.1680959	53.4282414
Görlsdorf	3560368	13.7728410	51.8075112
Arealva	5683037	-48.9312631	-22.0767534
Miranda	6164501	-37.0310303	-10.6015763
Marinda	7413098	-2.9821328	42.9176000
Lobbese	544264	12.7359431	52.0224402
Salda küla	351614	26.0757028	59.2782588
Briceni	5647776	27.0856231	48.3557555
Tamba küla	351885	23.7296865	58.4934781
Raela küla	354721	24.7658516	58.9509824
Maima küla	354573	24.4233167	58.5911601
Miranda	5214127	-56.6150442	-20.1420000
Tandika	6037205	39.2568120	-6.8666275
Sandali	6054076	39.2466488	-6.8559995
Segerea	5996922	39.1997772	-6.8431459
Atahona	6527194	-63.5454610	-31.5610753
Habovka	2167077	19.6284489	49.2776900
Smolinské	2203798	17.1100897	48.6830135
Raleigh	2848166	-55.7077498	51.5625100
Lancing	3256254	-0.3292025	50.8308271
Dumbija	6649820	22.0222962	42.3609559
Tulsk ED	5536481	-8.2031130	53.7755256
Kalaiya	6651779	85.0017585	27.0292099
Ehmja küla	350843	23.7701128	58.8667512
Erala küla	350897	26.6954101	58.4741906
Galante	3819338	-35.8039350	-7.2922341
Rasheed	2964760	44.3476237	33.2353067
Rajince	6653825	21.6867891	42.3746178
Trahún Hue	3207500	-68.1510279	-38.8139376
Guaraci	5349619	-49.0226352	-20.3770001
Salvada	6431946	-7.7410265	37.8906682
Hare Bay	2862898	-54.0371273	48.8620118
Seneffe	3477537	4.2664609	50.5250554
Bidovce	2384767	21.4375967	48.7431883
Kharang	6684653	87.2406191	27.2575112
Bzenica	2261470	18.7525059	48.5215767
Clydagh	6864410	-9.2311214	51.9847548
Dudince	2266198	18.8797309	48.1684086
Sõrandu küla	351298	25.8651530	58.8503659
Vehlage	1335565	8.5462576	52.3738570
Reckahn	6256238	12.5301032	52.3313054
Zörnigall	1327651	12.7536968	51.8735717
Bikinje	6305194	21.5710856	44.6644004
Zabrega	6308440	21.4067565	44.5775275
Bray No 1	6628587	-6.1120899	53.2068025
Cloghan	6954934	-7.2458186	53.5539219
Abula küla	351630	22.1394217	58.4371781
Wickede	3496450	7.8685968	51.4992090
Patiala	1948585	75.7619134	30.1187171
La Force	359969	0.3631969	44.8801570
Saint-Éloi	147995	5.1525755	45.9341915
Medveja	455187	26.7696293	48.3775110
Goski Duże	7041348	22.3134818	52.8929695
Miranda	41437	14.2592467	41.6411697
Challes	107481	0.4253844	47.9358563
Redbird	184221	-95.5886409	35.8858114
Eufemia	2583742	19.1819692	51.9076670
Kilauea	119144	-159.4066942	22.2086318
Nieciki	6863752	22.2508158	53.4529492
Niewiarów	3336190	20.2561916	49.9346617
Kinbrae	137411	-95.4824133	43.8260869
Chyżowice	7082222	23.7122038	50.8635800
Camansi	7720335	124.7156524	11.2145347
Gehofen	2362891	11.3230875	51.3222385
Ribarci	6502460	21.4745382	41.0190238
Oblavce	6839338	21.9088273	42.1569297
Gabresh	6834834	21.8511890	42.0135111
Malkoec	6428063	20.8373452	41.4572734
Obednik	6885909	21.1581122	41.1694476
Falishe	6928768	21.0071832	41.9785593
Ribarci	6825920	21.9697379	41.5042707
Hromada	4779671	27.7615239	49.9410596
Bectric	5926007	147.2681644	-34.5015590
Pchilka	6793789	35.0526664	46.3210452
Zellmühle	7428899	12.4177236	49.1401936
Saccone	1348909	10.9758560	45.7960230
McLouth	129687	-95.2066980	39.1963084
Diamond	140596	-94.3149103	36.9983384
Meridja	6530999	-3.2280895	31.5401974
Miranda	4648461	-8.5122132	41.8314665
Kuby-Młyny	6292350	20.6711497	50.7709900
Zabiele	6892803	21.8654735	53.3832921
Kelberg	572247	6.9428387	50.2855453
Blender	1182293	9.1385664	52.9331012
Beringe	2181871	5.9323250	51.3306926
Metcalf	126167	-87.8103529	39.7992954
Kimball	169581	-103.6593944	41.2306835
Koniaczów	6738306	22.7333966	50.0354367
Ruski Bród	3849222	20.5773385	51.2806090
Raleigh	126670	-88.5303686	37.8270520
Leadore	121460	-113.3583274	44.6797339
Onekama	134841	-86.2023774	44.3660040
Zabiele	6850404	22.9718806	53.5633674
Ferkane	6618842	7.3645623	34.4930294
Dillard	119345	-83.3846130	34.9766660
Wambeek	3950163	4.1647656	50.8567119
Mirabel	121594	4.4928029	44.5985897
Leopoldów	3789405	21.7863547	50.9598672
Emelgem	1335370	3.2212852	50.9336597
Kildare	5500562	-6.9097372	53.1628324
Clydagh	6081398	-9.4120157	54.2247987
Cloghan	4145484	-8.7135811	54.7194748
Clydagh	4039931	-9.1739587	53.4344514
Bombira	6058913	149.6036508	-32.5721789
Gherang	2732099	144.1065513	-38.3109731
Knockea	5994963	-8.9394914	51.6689646
Clonagh	4611015	-7.3718775	53.0617069
Clonagh	4495463	-6.6518862	53.3237972
Baurela	2648836	-6.4799574	52.4838288
Cogaula	4043077	-8.6230342	53.5582022
Bautagh	5820219	-8.7211368	53.1972386
Reatagh	5644399	-7.3695679	52.3262807
Garanne	6335227	-9.6837028	52.2949454
Glenlee	5622436	-8.4666319	54.6291290
Clydagh	5827300	-9.7383992	51.6791649
Marinda	7413102	-2.9356887	42.8905318
Admiran	5612264	-7.7655466	54.8111571
Keeloge	5493196	-6.9335965	53.2103667
Clonagh	4189758	-7.3380132	53.3484632
Cloghan	4261426	-7.8330374	53.0357732
Ainkawa	4595042	43.9955745	36.2283461
Clonagh	4197836	-6.8134504	53.3735396
Parkbeg	4475441	-7.4001652	53.2065069
Lydacan	6090048	-8.9323952	53.3233574
Foohagh	4168598	-9.6796959	52.6722329
Killeef	5344551	-6.8781045	54.2718343
Keeloge	4258274	-7.7350587	52.9825433
Görlsdorf	3560349	13.7755780	51.8021787
Knockea	3298731	-6.8990452	52.2980587
Rönneholm	3050084	12.9761673	55.5961606
Redhall	4213757	-5.7408230	54.7818723
Keeloge	2385671	-7.7767129	53.6523453
Cloghan	2385675	-7.7662742	53.6474860
Miranda	5930823	-48.1845809	-18.6357070
Clydagh	3856162	-9.1642080	53.3204341
Racrane	4665976	-7.3282391	54.4998174
Ardmeen	4631949	-5.6677992	54.3262415
Cloghan	4537197	-6.3748345	53.6038300
Keeloge	4140947	-7.7985703	53.2751646
Brehoge	4140936	-7.7916927	53.2706339
Cloghan	4147289	-7.8891495	53.2224115
Keeloge	4277423	-7.9241201	52.9672721
Teenagh	6127556	-9.0203424	51.7511861
Calkill	3695024	-7.7875880	54.2752333
Pelican	5993806	151.6449538	-33.0717255
Keeloge	4505323	-6.1746193	52.8300850
Cloghan	2921279	-7.5673313	54.1907826
Clonagh	6148829	-9.0041433	52.5141197
Aruanda	4037793	-37.1360226	-11.0715476
Järnbrott	2074029	11.9284975	57.6546932
Cloghan	6149007	-9.5537120	53.7892789
Cogaula	6040587	-9.2608878	53.7728765
Keeloge	5940926	-8.2829439	52.3821910
Tinamba	2610650	146.9025027	-37.9866551
Ardmeen	5598042	-8.2607165	54.9699137
Miranda	6375891	137.9241783	-32.7331385
Kihaska	4165283	-9.1295954	52.9226774
Bzenica	2261414	18.7582522	48.5147838
Smolinské	2203789	17.1100897	48.6830135
Cloghan	2592616	-7.6843134	53.5740961
Carcuma	6697476	140.0518989	-35.5812345
Bresagh	4677672	-5.9297237	54.4613976
Givelda	5606816	152.1499499	-24.9907928
Keeloge	2227306	-7.9514748	53.9438165
Bidovce	2384547	21.4375967	48.7431883
Habovka	2230156	19.6284489	49.2776900
Raleigh	6063754	152.9904680	-30.4580517
Clydagh	6272284	-9.6680250	52.0550132
Clonagh	4640981	-6.9727326	52.8917458
La Darse	5838540	-61.5339893	16.2349840
Buckden	7309606	-2.1711808	54.2118526
Fauchil	4272614	-6.0621024	55.0843866
Highnam	6010615	-2.3003477	51.8772831
Soledad	5410421	-84.0747649	9.9289848
Killaan	6176567	-8.4582248	53.3274864
Hingham	1022375	0.9838109	52.5732680
Dangans	4491127	-7.2606365	53.1184499
Cloghna	2230439	-6.9484289	52.7938964
Headley	2890395	-0.2843434	51.2752115
Hyde Lea	6969556	-2.1542783	52.7886378
Alfrick	1875130	-2.3745783	52.1702086
Difflin	5579140	-7.5786566	54.8741077
Measham	6650962	-1.4995220	52.7041946
Boolagh	5519742	-7.6323798	52.4299466
Lancing	2877794	-0.3085735	50.8332075
Ledvice	435437	13.7602126	50.5882312
Pilníkov I	431630	15.8312470	50.5246409
Monagee	3497749	-7.9253721	52.5263064
Iparana	5556922	-38.6235298	-3.6951455
Keeloge	4162599	-7.5359886	53.3294597
Keeloge	4772771	-8.0799116	53.1804377
Hrobice	434927	15.7870912	50.1090619
Keeloge	4641281	-7.0178913	52.8473709
Parkbeg	5642064	-7.5251929	52.3272468
Grieben	4473531	13.0459255	52.8873795
Grenagh	6227284	-9.6203839	52.0687636
Kerbani	5990027	83.5617298	27.6049229
Tandika	7713607	39.2616418	-6.8672970
Chuchel	428381	15.6258617	49.8071297
Bergman	7828168	-113.4081464	53.5790192
Charing	2503676	0.7877800	51.2108872
Kildare	7829904	-113.4575297	53.6030561
Clonagh	4184673	-7.9037922	53.4432091
Rajhrad	425978	16.5999864	49.0853443
Hlinice	434736	14.7220302	49.4369694
Odranec	428330	16.1394468	49.6152383
Ards Big	5498529	-7.6845588	55.0203221
Cloghan	5659171	-6.8004728	54.1600170
Knockea	6018920	-8.5679152	52.5957358
Clonagh	4461426	-6.9099040	53.3927963
Parkbeg	5582784	-8.3063959	52.8513539
Dudince	2266150	18.8753571	48.1683103
Meochao	1513885	125.1635044	7.0347800
Dalayap	3252993	120.8655879	15.0203363
Soledad	4103180	121.3171462	14.0411212
Killagh	4222527	-7.1240371	53.5602637
Blender	5665388	9.1372311	52.9228390
Hlavice	430544	14.9363105	50.6347270
Miranda	3396944	-1.0262334	37.6801719
Cloghan	5416099	-8.2376256	53.5068968
Drimagh	4547192	-6.3864174	52.2622241
Irrabeg	5953041	-9.6175765	52.3867866
Moracia	6860372	-85.4301530	10.6374836
Cloghan	4821254	-6.8597818	55.0046051
Cloghan	5617784	-8.1688645	54.4126739
Miranda	1520112	125.6952641	7.1398060
Le Canet	6600680	5.3761111	43.3250549
Cogaula	5856199	-9.4635522	53.8183254
Sallagh	4235404	-5.8985324	54.8802268
Racavan	4221838	-6.1143969	54.8730725
Taralga	6074634	149.7806144	-34.4061612
Culnaha	5416145	-7.1086195	54.4537277
Waldara	2562058	146.2844281	-36.3196650
Artclea	5490304	-7.2790876	54.3721365
Lydacan	5150410	-8.8348054	53.1214120
Cloghan	5333124	-6.5777877	54.3774447
Boveagh	4869456	-6.7247215	54.7566775
Delahey	2423683	144.7767034	-37.7187727
Bulliac	6063433	152.0202137	-31.9218741
Leopoldów	3783927	21.5903751	51.1239215
Parcele	6271513	20.9898390	50.9711201
Cabouco	7540353	-25.5636277	37.7672194
Cadwell	119680	-83.0422458	32.3395565
Genesee	121433	-116.9284286	46.5501704
Boa Hora	302715	-42.1251637	-4.3725000
Raleigh	7149276	-89.5254685	32.0263739
Cheguig	6533978	1.1229566	33.9829587
Bone Gap	126086	-87.9955203	38.4449039
Lubania	6371261	20.7815331	50.6309323
Lublica	6960938	21.5163641	49.8061392
Saint-Éloi	1550642	3.2153492	46.9863895
Kimball	195981	-85.6627073	35.0459864
Hingham	142529	-110.4216166	48.5557134
Guaraci	297749	-51.6716072	-22.9580000
Tanapag	253865	145.7548297	15.2383925
La Force	2500697	0.3261066	44.9284856
Réjaumont	2420573	0.4478557	43.1634043
Haigler	169613	-101.9378416	40.0123325
Kimball	195198	-98.9563800	43.7464484
Glenham	195153	-100.2706526	45.5335549
Drozdówka	7776478	22.9659850	51.4924926
Mirabel	144898	1.4055998	44.1396414
Badulki	3887504	20.5210059	51.5533541
Betsede	6139064	18.4315812	59.3294009
Elbenau	2263297	11.7660250	52.0455572
Kildare	184815	-97.0502616	36.8080269
Leopoldów	3571568	21.0234743	51.6204404
Leopoldów	7093561	23.7879723	50.8023187
Leopoldów	6862784	22.8714903	51.2650280
Zabiele	7791440	22.7729167	51.5395541
La Radio	4836877	-55.9171259	-27.3572415
Arraial	6594107	-8.6637272	41.9650054
São Sebastião 1ª Seção	5437069	-44.0518557	-19.8842877
Hornmühle	2742715	11.4053412	51.4175241
Mühlehorn	3304591	9.1730023	47.1164760
Zabiele	3522385	15.2951672	52.2652695
Carrara	6173237	-64.2570859	-31.4537432
La Tapia	6094514	-85.8566187	12.1341503
Belmere	2026577	-81.5500033	28.5266330
Belmere	2026550	-81.5491833	28.5239424
Cholila	4445875	-71.4285977	-42.5092091
La Force	1979039	2.0870199	43.1992522
Sandata	5932388	41.7668341	46.2740128
Réjaumont	132446	0.5458162	43.8147096
Kveciai	7283665	21.1946309	55.9118376
Miranda	1723761	-76.1642669	3.2214518
Yanaoca	1925318	-71.4600450	-14.2686470
Bugasee	1794834	9.5040375	51.2960634
Aishima	5737894	131.2818683	34.5076510
El Ejido	345425	-2.8008234	36.7547160
Limbani	1919877	-69.5983735	-13.8385487
Cubilla	341549	-2.9365632	41.7382736
La Pampa	1953277	-77.9198902	-8.6868160
Latežeris	7210447	24.1067584	53.9774735
Altfeld	5621270	9.5526422	49.8290787
Leopoldów	5578309	22.0388878	51.6722751
Chincho	1933579	-74.3588138	-12.9807380
Zabiele	6100201	16.0354211	51.7114913
Tanaina	111034	-149.4095248	61.6639195
Majjate	2808056	-5.5161571	33.8040989
Hiiraan	1720058	45.4918030	4.3216664
Bouadel	2754985	-4.5191842	34.5414056
Comuna 9	4256731	-58.4967855	-34.6536825
Barkine	2816189	-3.8278146	33.7380621
