Georgia	28699	43.5307394	42.3211525
Georgia	161957	-83.2507564	32.6779678
Curacao	1216719	-68.9640919	12.1844999
Alembon	287517	1.8716730	50.7804888
Hendaye	166738	-1.7660445	43.3634761
Blancey	139346	4.4610421	47.3022517
Charlas	1478019	0.6949766	43.2369290
Domjean	407285	-1.0331172	48.9936181
Uckange	2399780	6.1495110	49.3068545
Omiécourt	3358938	2.8473910	49.8028918
Semécourt	123264	6.1356330	49.1977175
Amancey	136523	6.0797656	47.0341793
Aumagne	154577	-0.4073034	45.8808105
Cumiana	43835	7.3849765	44.9666991
Jambles	1169823	4.6863539	46.7749115
Batanes	1506352	121.8608691	20.6902184
Jouvençon	1771028	5.0523261	46.5787510
Monmarvès	1968742	0.6122584	44.7049136
Rarécourt	2979332	5.1029410	49.0767498
Cardroc	912426	-1.8951959	48.2842931
Nubécourt	918620	5.1742977	49.0060969
Ceignes	142153	5.4942070	46.1261685
Valence	37586	4.9072381	44.9234680
Sabarat	1981027	1.3982728	43.0991689
Grézolles	939593	3.9487066	45.8631540
Kesfeld	1113761	6.2364428	50.1542339
Chagnon	661007	4.5520427	45.5337247
Valmala	43252	7.3475601	44.5315905
Semiana	44285	8.7261204	45.1411638
Périgneux	117617	4.1494045	45.4496393
Driebes	346963	-3.0435771	40.2424596
Millana	345750	-2.5707761	40.5037213
Fornace	46879	11.2046978	46.1261790
Hamelin	1730383	9.3629225	52.1096873
Plataci	40122	16.4208736	39.9015270
Monestiés	1524078	2.0922528	44.0859774
Baraize	972320	1.5624597	46.4856146
Amberre	132406	0.1505865	46.7588407
Baranya	22234	18.2187230	46.0765583
Bregano	46220	8.6893884	45.8217167
Chammes	1244879	-0.3795778	48.0757208
Pangani	1600832	38.8416170	-5.6234245
Lainate	45307	9.0292698	45.5647607
Maqueda	346453	-4.3698882	40.0772078
Nombela	339566	-4.5142024	40.1362335
Aguasal	340138	-4.6307786	41.2936880
Beldorf	556122	9.3396727	54.1235594
Algodre	341534	-5.5965503	41.5756632
Taipana	179121	13.3459157	46.2586826
Gaurama	242358	-52.1137174	-27.5925000
Kalocsa	1130407	19.0046436	46.5146343
Bouafle	1186776	1.8993186	48.9566823
Enghien	1412058	3.9929895	50.6720476
Alpicat	347865	0.5538026	41.6701460
Hiiumaa	147194	22.7096018	58.8901657
Féneyrols	136585	1.8228867	44.1411872
Servières	1070526	3.4108450	44.5865915
Blauvac	148130	5.2255782	44.0357491
Calders	348409	1.9554406	41.7730859
Calvera	40308	16.1537286	40.1522627
Giffone	39626	16.1575945	38.4346666
Carpina	303593	-35.2582917	-7.8265000
Sátorhely	575104	18.6576709	45.9305889
Barengo	45354	8.5048352	45.5672720
Aalburg	299175	5.0632495	51.7494925
Calvene	46044	11.5140471	45.7845964
Beernem	2239535	3.3144732	51.1277439
Beernem	1412080	3.3445157	51.1499525
Pudagla	1433088	14.0738486	53.9692571
Berango	340588	-2.9817343	43.3612402
Carnate	45579	9.3790806	45.6471023
Nyírtelek	1446109	21.5968278	48.0224472
Oederan	416474	13.1890732	50.8713404
Fincken	1424148	12.4108907	53.3376065
Alamosa	112682	-105.8682750	37.4675230
Mallare	42997	8.2941850	44.2916367
Szabadi	1367945	18.0313929	46.3593793
Clamecy	74041	3.3619345	49.4274040
Hamelin	964336	-1.2166705	48.5437968
Arbulag	7305549	99.3962347	49.9428365
Mankhan	7304942	92.3258402	47.4551188
Paracho	5606137	-102.0596099	19.6542759
Erfelek	1428707	34.8634726	41.8489340
Quimistán	6085532	-88.3750034	15.4168685
Imboden	2018098	9.3721934	46.8394963
Altınordu	1839066	37.9753245	40.8919046
Tangara	2985871	30.0573360	-2.9141397
Kendari	1795267	122.5467109	-3.9935063
Jombang	3535957	112.2266274	-7.5419995
Cabrero	341296	-5.8902573	40.1161433
Silleda	341378	-8.2697930	42.6873642
Egervölgy	1131431	16.9278703	47.1239967
Vilaboa	341387	-8.6638519	42.3433983
Medolla	43681	11.0803328	44.8411899
Asciano	42364	11.5300606	43.2386583
Corbera	345185	-0.3597282	39.1540286
Meldola	42847	12.0650106	44.0924838
Kashima	2682931	140.7476848	36.0424806
Tocaima	1345217	-74.6546147	4.4884172
Bormida	42980	8.2308159	44.2695106
Planegg	318693	11.4410441	48.0985172
Pincara	43947	11.6204900	44.9890801
Grönwohld	454196	10.4164458	53.6487148
Cholina	438828	17.0554511	49.6589755
Rembertów	2579781	21.1470360	52.2629891
Jarpice	440937	14.0825144	50.3191422
Rydułtowy	2828739	18.4245061	50.0664037
Rydułtowy	2828744	18.4245061	50.0664037
Le Claon	2963412	4.9937378	49.1454631
Drebkau	1322549	14.2101781	51.6541113
Cabrero	1652181	-72.3593571	-37.0577255
Hudlice	442322	13.9616434	49.9587822
Lubenec	439290	13.3075339	50.1291719
Rautjärvi	2257160	29.2089635	61.3648319
Windach	933972	11.0258850	48.0620832
San Fele	40775	15.5940936	40.8253380
Faetano	3012942	12.4944307	43.9333977
Östermalm	5695423	18.0850867	59.3383119
Lasalle	2926381	3.8542095	44.0403674
Raiding	109525	16.5346188	47.5543500
Alfdorf	401623	9.6970738	48.8647354
Shuhada	6565374	71.1572225	37.0984127
Alingar	6611008	70.4175016	34.8315345
Sharana	6599888	68.7334308	33.2502588
Éterpigny	1156147	2.9817952	50.2564996
Machern	422922	12.6279813	51.3809075
Chiscas	1344035	-72.4067439	6.6767804
Valmala	347496	-3.2537573	42.2886448
Hekinan	4567447	136.9755957	34.8645165
Koganei	5302326	139.5099670	35.7014970
El Amigo	3995066	-67.3842899	-46.7360471
Kashima	3992927	130.7600081	32.7464169
Onagawa	4154484	141.6649359	38.4502300
Shikama	4135013	140.7869462	38.5101645
Dzhebel	1952400	25.2699744	41.4795667
Folldal	412547	9.9737142	62.1562497
Malindi	5712759	39.1965369	-6.1576876
Kashima	4013129	130.1224539	33.0586349
Münsingen	1682570	7.5651095	46.8832931
Qiaojia	2402647	103.1670146	26.9796415
Milbank	194985	-96.6351131	45.2182739
Kadiogo	2828095	-1.5430870	12.3673200
Arganil	5395069	-7.9807002	40.2202451
Paulhac	1927276	2.9100402	45.0179230
Culebra	4468164	-65.2826088	18.3136562
Palatka	117516	-81.6428468	29.6409964
Humacao	4468396	-65.8196369	18.1380738
Cocieri	6933221	29.1120335	47.3075197
Deining	1028802	11.5418657	49.2139165
Caprera	6646451	9.4648731	41.2071405
Cocking	3000474	-0.7580775	50.9550702
Valence	136394	0.8916455	44.1059225
Münsingen	2774199	9.4949247	48.3790327
Adlwang	373771	14.2085115	48.0008901
Seaside	5170947	-121.8170359	36.6258084
Złoty Stok	2957953	16.8652987	50.4342803
El Boalo	345606	-3.9160807	40.7226370
Clamecy	394020	3.5016728	47.4586734
Freeman	194922	-97.4303850	43.3478255
Grafing	929925	11.9725739	48.0348765
Cordele	119963	-83.7612446	31.9597380
Lemenhe	3954728	-8.5295918	41.4498285
Barmash	1252582	20.5916950	40.2656681
Kapelle	296438	3.9762586	51.4992745
Harheim	3339944	8.6904454	50.1855893
Zarecha	5598667	30.0814684	52.4351181
Lac Lans	3134392	-74.0148507	49.1164861
Lac Akos	3098016	-76.4195936	47.7898112
Lac Boyd	3060292	-76.7055943	52.8068734
Digeren	7670540	12.1733901	60.1526838
Rautjärvi	3474501	26.6273437	61.2953750
Rutajärvi	2210410	25.9937064	61.9166903
Ribeira	298134	-49.0539167	-24.6065001
Leego jõgi	4485969	27.2545690	58.3649012
Rautjärvi	7264927	29.1283201	61.3039252
Rautjärvi	35618	27.3127656	61.1491249
Rautjärvi	35411	27.1118923	60.9235827
Paracin	6331451	21.3978628	43.8698776
Løkenmyra	4117405	10.0867476	59.6577544
Ramssjøen	4868629	9.8183732	62.8135736
Itatiba	297965	-46.8221146	-23.0150000
Lomtjønna	5196679	9.8937160	63.2781169
Rennsjøen	6631580	9.4979222	60.5968240
Djupsjøen	4224636	11.5504236	62.5909546
Lomtjønna	6215191	9.7944663	63.7318627
Rennsjøen	4801668	10.9652316	63.3211676
Litjsjøen	4801667	11.1302801	63.3169182
Djupsjøen	5286009	10.1311777	63.2665355
Lomtjønna	4643622	10.3360949	63.2718561
Lomtjønna	4808771	9.4038974	63.4768268
Lomtjønna	6211597	6.8063886	62.7053096
Lomtjønna	5814977	8.0968496	63.2233470
Pasieka	5390983	19.5921825	52.2447981
Zdziechów	3440658	20.8940802	51.2696179
Skirasjön	3431559	15.5838560	58.9896727
Grabnik	2874457	20.5219210	52.1177348
Adampol	3337606	21.5971258	52.5201274
Irajuba	362267	-40.0318763	-13.2303969
Itapebi	362535	-39.7180750	-15.9025000
Boranci	6952008	20.9108076	43.1889611
Bratici	6967542	21.0607015	43.4974915
Vila Boa	6364304	-7.0017182	40.3835119
Dugi Del	6662612	22.1738775	42.7116025
Ribeira	5713294	-8.5462099	41.7662908
Ribamar	2898731	-9.3327331	39.2073718
Kisanga	5392570	27.3974723	-11.7207440
Nordsjøen	5228410	11.8851815	64.2362465
Lomtjønna	5840334	11.1622875	64.0821430
Aranhas	5430729	-7.1227488	40.1118089
Rutajärvi	299856	23.4635514	61.0653666
Adampol	7833232	23.4590883	51.5502308
Lubnica	6352826	22.1881529	43.8585005
Lomtjønna	4450004	16.6048104	68.4838812
Lomtjønna	4149772	13.5471284	66.8398056
Lomtjønna	3473211	13.7470550	66.8759247
Lomtjønna	4511414	13.7614517	66.9346221
Mjuggsjön	7259256	16.7950251	61.6063850
Lomtjønna	5594750	13.1509581	68.0070270
Komujärvi	91337	25.4499218	63.1906250
Rutajärvi	129402	27.8949687	66.2836249
Gazdare	7204986	21.5639181	42.8948614
Lomtjønna	7666341	6.9711678	58.0913318
Suovvasaš	7192390	23.1803677	68.8663379
Andreas	1061131	-4.4414232	54.3679687
Hasesee	2069672	7.9894040	52.4096104
Galindo	4062536	-100.0989896	20.3902306
Alstead	451333	-72.3107043	43.1157949
Lasalle	7429828	-83.0646579	42.2107085
Meaford	7478457	-80.7097063	44.6797718
Lil Lake	1186377	-78.0427576	45.5722222
Tanagar	3710736	8.6920934	11.9750792
Bubuche	3707988	4.6506454	12.8257353
Cheberu	3707993	4.5257561	12.5115773
Karofi B	3711684	7.6137990	12.5179201
Bad Zell	2032729	14.6777239	48.3585019
The Lake	5780956	-3.4146299	50.9774877
Auk Lake	2219165	-90.8093936	48.0029136
Don Lake	1627680	-108.5939216	59.6068549
Tangaji	3710739	8.4958569	12.2974055
Zainabi	3710816	8.7087964	10.8443798
Ganduje	3710488	8.4865437	12.2441614
Jaubari	5326941	84.6202236	28.1226137
Basbiti	7574411	86.7479789	26.5847557
Balakot	5805325	83.6743169	28.0865973
Dongang	2766783	120.4678992	22.4645755
Moe Lake	407560	-96.1979907	46.8745067
Haibung	6784650	85.4691626	27.8108921
Jaubari	6079232	84.1173558	27.7975515
Lac Alix	6385328	-60.2748390	50.7296126
Lac Dung	908732	-76.9040462	47.1643293
Lac Boyd	186117	-75.2825691	46.5329749
The Lake	3124957	-4.6093614	50.4107959
Don Lake	5716947	-94.1727289	49.9962994
Palojce	7221680	22.1397155	42.8737311
The Lake	2366492	-1.2121829	51.6822302
The Lake	6280453	-1.1814848	51.9712899
The Lake	4065797	-0.6747393	53.8929848
Bijaura	5957524	81.2435686	28.8606133
Taranga	5958511	81.3984306	28.6356211
Tangchi	7608808	116.8886516	31.2058878
Dadhuwa	6737908	85.9723844	27.5205129
Patheka	6695229	86.8710162	27.2731996
Baspani	6695228	86.8468651	27.3139139
Tangchi	7534543	117.0949288	31.3182569
Hansara	5751900	83.4604652	28.0332898
Badikot	5868146	83.0202077	28.1530285
Binauna	5994565	81.8326994	28.0484431
Muhanda	2853865	29.4777170	-1.8013510
The Lake	1015950	-2.2126459	53.8531311
The Lake	4026791	-1.9852105	52.3185520
The Lake	4515615	-0.8678478	51.0554024
The Lake	7297087	-3.0903771	51.1108533
The Lake	1774409	0.6853059	51.8070595
The Lake	3968165	-0.3528176	51.2200735
The Lake	2683117	-0.4232559	51.3280593
The Lake	2260043	-1.2134809	52.9430378
Lac Frog	1519793	-73.5736535	47.5512393
Vai Lahi	2795287	-175.6486619	-15.6022273
The Lake	819	-0.3003114	51.4766580
Pampana	3984453	-12.0652201	8.4750202
The Lake	4501019	-2.9514513	53.3868735
Tranesjön	2737622	13.4337446	56.1313241
Waiheke	2684668	175.0520126	-36.7299564
Don Lake	1448112	-101.1036729	55.1657274
Saint-Brès	2923327	4.1966590	44.2828716
Kapelle	149224	3.9517016	51.4769393
Ribeira	346201	-9.0240823	42.5778553
Saint-Père	2416268	3.7772925	47.4650899
Seaside	186505	-123.9317812	45.9819665
Valence	1687222	5.0479152	45.0580199
Deering	361467	-71.8557813	43.0787915
Lemberg	120697	7.3748843	49.0076351
Demnate	2887276	-7.0105027	31.7276564
Khandwa	1976214	76.5881467	21.7450756
Rabenau	455476	13.6638599	50.9495554
Lemberg	1251149	7.6598862	49.1548370
Sanibel	1216827	-82.1014623	26.4564319
Halfweg	158061	4.7252275	52.4037233
Hallock	137352	-96.9400250	48.7650865
Le Teich	111072	-1.0176609	44.5807002
Pasieka	6900541	23.1282355	52.6612048
Kendira	4112944	5.0215874	36.5577280
Thüringen	76689	9.7656601	47.1980783
La Salle	45793	7.0862207	45.7527419
Bichaur	5282491	84.5985246	28.2075849
Georgia	2713323	55.1530552	25.2079633
Hustadøya	5875815	11.3653102	63.9802016
Psalida	530799	25.7454929	36.8165138
Flostaøya	6176010	8.9556187	58.5307685
Île Perrot	6482747	-73.9409665	45.3730390
Kashima	5145267	132.5323019	34.0602749
Ehingen	534400	10.5478896	49.0940041
Clamecy	1692872	3.5386641	47.3442069
Raigarh	1972671	83.4011194	22.0624127
Vila Boa	4055613	-8.6195764	41.5509298
Bradner	183383	-83.4368257	41.3241075
Matoaka	239901	-81.2423516	37.4183105
Amoucha	1625324	5.4181883	36.3766245
Bray No 3	6628589	-6.1154387	53.1968409
Capital	7101974	-75.6905813	45.3940207
Irajuba	6542865	-40.0318763	-13.2303969
Haili küla	353008	26.1777892	59.5689955
Mocambo	4734262	-42.4676357	-12.5659086
Guaibim	5291548	-38.9987735	-13.3001628
Malla küla	351109	26.5836706	59.4991463
Chabrey	1684881	6.9806213	46.9292026
Tõivere küla	351742	26.0753929	58.8130533
Jemelle	3715353	5.2571653	50.1541407
La Salle	6527168	-63.5468779	-31.5566901
Lohfeld	1335636	8.9738071	52.2222793
Podence	5728053	-6.9211694	41.5918716
Chamoim	4168838	-8.2545376	41.7277215
Fethard	6643464	-6.8498663	52.2144059
면목제4동 (Myeonmok4-dong)	3882932	127.0853116	37.5740401
Rooküla küla	355288	25.3162763	59.2664082
Leila küla	353584	24.0477858	58.9329735
Carpina	6190889	-35.2582917	-7.8265000
Ribeira	5349718	-49.0539167	-24.6065001
Ovenstädt	1335573	8.9634207	52.4151472
Aamse küla	352508	23.7149262	58.9266447
Panga küla	353316	23.5694299	58.8291430
Itatiba	5684898	-46.8221146	-23.0150000
Legnava	2276241	20.8612882	49.3307098
Vila Boa	5735883	-7.3446066	41.3958265
Carvide	6546921	-8.9026670	39.8563854
La Salle	5207865	-64.2755662	-31.3455117
Kaponda	5501800	27.5441016	-11.6426684
Kaponda	5834203	27.5236132	-11.6279802
Doonbeg	6794291	-9.4898587	52.7412770
Itapebi	6616242	-39.6086459	-15.9025000
Mocambo	6255485	-57.1511380	-2.5349082
Luano IV	5805826	27.5063002	-11.6212463
Lange küla	353706	26.7696040	58.2958772
Fethard	6855421	-7.6955651	52.4655991
Audla küla	353524	23.0454422	58.4698500
Panga küla	351829	22.3105822	58.5581187
Castle B	7003375	-8.6293731	52.6680539
Olho d'Água	6227265	-37.7483305	-7.2530088
Palézieux	1685091	6.8347668	46.5518821
Paali küla	351912	26.7154712	58.2052018
Palatka	4808354	150.9373708	60.1024536
Methana	2325054	23.3887865	37.5816308
Cochran	119546	-83.3571302	32.3862295
Diebzig	1738736	11.9392075	51.8610468
Baimaky	7122581	26.2312121	50.0652385
La Salle	112419	-104.7031012	40.3507040
Ehingen	445851	10.7877277	48.5889543
Rabenau	418612	8.8869323	50.6699676
Kaithal	1942913	76.3539323	29.8885752
Rembertów	4254974	20.8298680	51.9559769
Golinda	6584707	-97.0764333	31.3688400
Lubocha	2939628	19.0893119	51.8862130
Capital	3465536	-68.5385024	-31.5333985
Saint-Brès	276564	4.0377036	43.6660423
Randall	137889	-94.4993454	46.0894784
Manilla	129155	-95.2358801	41.8953684
Ribeira	7837388	-8.2784226	40.4151825
El Cedro	4558398	-97.2082474	20.4761995
Vila Boa	7837411	-8.2826354	40.4242561
Talaxca	4610303	-97.3375087	20.5143819
Dolenci	6496524	21.1403088	41.0984280
Lubnica	6826116	22.3467447	41.4891312
Kladnik	6427982	20.9692260	41.4353747
Dolenci	6885923	21.1035590	41.3210629
Rashche	6943858	21.2417842	42.0288622
Bakhany	7589643	32.4437779	53.3679626
Buenlag	7532093	120.3743869	15.9817011
Tibagin	2555240	120.7424534	14.7678722
Saint-Père	906717	-1.9374620	48.5851909
Iglesia	3578128	-69.4795230	-29.5909810
Kalenne	7448043	22.2786721	50.6757718
Ryškėnų seniūnija	3613383	22.2048658	55.9374397
Oelegem	3424108	4.5999560	51.2178901
Bernard	128812	-90.8312890	42.3130804
Engelen	6662073	5.2571615	51.7224646
Hingene	3870760	4.2930862	51.1031140
Hubbell	135234	-88.4371902	47.1728844
Tega Cay	194080	-81.0226326	35.0382160
Darnawa	3525955	15.5159095	52.1625426
Tabiona	198985	-110.7099344	40.3535279
Randall	130099	-98.0453140	39.6409479
Kociuba	7062283	23.5320870	50.5144148
La Roche	1683345	7.1683911	46.6921229
Barclay	133613	-75.8632569	39.1440641
Beattie	130239	-96.4178327	39.8619184
Chodlik	7669677	21.9329937	51.2131593
Srogów Górny	6969548	22.1464771	49.6067686
Callahy	6226638	-8.5608133	52.8944149
Belford	6058893	151.2904878	-32.6689906
Officer	2434266	145.4118022	-38.0491750
Lotabeg	5654754	-8.4241564	51.9099394
Balrath	4728053	-6.6522822	53.8789928
Kilbree	6016547	-8.9476820	51.6392571
Balrath	4140090	-7.5062952	53.5064812
Deelish	6175602	-8.8875008	51.9424210
Ahanroe	5763611	-9.2444928	53.8304543
Leonagh	4504127	-8.1715005	54.2121884
Bauneen	5177101	-7.4363542	52.5199937
Ardfarn	4088503	-8.2531326	54.4688254
Doonbeg	4227369	-9.5245738	52.7323724
Behynce	2209602	17.9698702	48.5215952
Clonlea	6245946	-8.7393776	52.8069455
Lisbane	6242609	-10.1398391	51.9928273
Aderrig	4476741	-6.4844752	53.3388935
4th Ward	7411639	-80.8428301	35.2342085
Deelish	5735895	-7.5783377	52.1256099
Asalias	4102551	-100.4020101	20.6138090
Raveagh	4665978	-7.2226892	54.4922396
Deelish	6042278	-9.2920854	51.6838269
Balrath	4166296	-7.4780356	53.4018455
Fallask	5516095	-7.3854361	55.1767400
Kerlagh	4198936	-7.9889312	53.8051923
Skahard	6018937	-8.5035451	52.6000510
Oranbeg	3881542	-8.8724772	53.2770570
Ribeira	5519129	-43.1703208	-22.8258757
Deelish	6149962	-9.0555840	52.5760100
Balrath	4208534	-7.3214017	53.7423971
Keenoge	4444526	-6.2610922	53.6573730
Atteagh	5360417	-8.0633997	53.4616732
Baraghy	5715016	-6.9912022	54.0535326
Ladebow	3686913	13.4309455	54.1069026
Balrath	4648837	-6.4835562	53.6303144
Keenoge	4572769	-6.4201282	53.6384704
Lisbane	5269781	-6.7345508	54.3701963
Barsham	4782840	1.5316579	52.4498283
Connagh	6129736	-8.9976492	51.7530880
Ribeira	1757060	-35.2057427	-5.7755373
Lisbane	4651365	-5.6889710	54.6351871
Coolcam	3727216	-6.3761211	52.1922065
Teerbeg	6133159	-8.9929913	51.9181917
Deelish	6148835	-9.0042289	52.5231148
Lisbane	6149979	-9.0515453	52.5496067
Breeole	5334858	-8.2031673	53.4233676
Gardole	6612143	15.0487252	12.1038736
Sambaya	7643753	-12.8335176	10.0421458
Leedaun	5903997	-9.0068117	53.6985787
Cloheen	5910149	-8.8994997	51.6127088
Masníkovo	2206652	17.4794779	48.0451878
Fethard	3382537	-6.8494362	52.1956702
Connagh	3382489	-6.8640197	52.1967891
Manilla	6063659	150.7112439	-30.7346813
Taminda	6063805	150.9037337	-31.0822289
Glenelg	6058138	148.0912179	-33.7280351
Doolagh	4199090	-6.2671806	53.6098727
Lisbane	4730962	-5.8854774	54.4580776
Lisbane	4570627	-5.5284886	54.4472808
Wallala	6217350	134.6081307	-32.3102048
Behynce	2274910	20.2965581	48.4270985
Legnava	2276169	20.8612882	49.3307098
Graghil	6020458	-9.8570413	54.2666136
Azkoaga	6879730	-2.5560846	43.0258751
Clonlea	5927012	-8.9379313	51.5926674
Rathbal	5149924	-9.2301409	54.1480514
Balrath	4270588	-6.9716384	53.5951321
Balrath	4197250	-7.5806771	53.5388432
Balrath	4115246	-7.4306780	53.5812090
Keenoge	4196937	-7.6346300	53.5172552
La Salle	5376350	-84.1084553	9.9299199
Boreham	3179310	0.5350509	51.7706804
Doonbeg	4090338	-8.8168099	53.4554783
Deopham	1022292	1.0250237	52.5659392
Barsham	1022374	0.8333069	52.8725154
Balrath	4586972	-7.0944516	53.7391645
Cold Ash	3977335	-1.2737761	51.4297913
Baumber	1854764	-0.1774647	53.2499171
Ulley CP	1267824	-1.2965103	53.3818448
Ledsham	4779776	-1.3108758	53.7593179
Longuèves	7323763	-0.8886028	48.5218915
Oldland	3568614	-2.4899527	51.4450650
Figlash	5499360	-7.4411836	52.3744253
Páleč u Milešova	432450	13.9046582	50.5218355
Ullagha	6201266	-10.3254802	52.1697552
Jarpice	423571	14.0825144	50.3191422
Liffock	4781923	-6.7886604	55.1587478
Barking	4717650	1.0369587	52.1396731
Gosbeck	4859579	1.1504410	52.1625380
Hitcham	4639497	0.8919533	52.1324055
Baylham	4717623	1.0664475	52.1239035
Hartoušov	424408	12.4776206	50.1370802
Kilbree	6185739	-8.0999365	51.8924641
Redbarn	5949187	-7.8766655	51.9296672
Coolcam	4136598	-8.6455712	53.6872871
Babiny I	429471	14.1287887	50.5935385
Ribeira	1850704	-40.4593354	-20.3813133
Cholina	432598	17.0554511	49.6589755
Opava-Předměstí	429833	17.8907785	49.9408084
Zábřeh na Moravě	429556	16.8794716	49.8837547
Rýdrovice	433091	16.7250339	49.9728004
Hudlice	425357	13.9616434	49.9587822
Keenoge	5651226	-6.6121797	54.0359245
Lisbane	5379140	-7.0445123	54.2463582
Edgmond	7011416	-2.4184330	52.7778560
Ledsham	1441285	-2.9624865	53.2661683
Libosváry	423494	12.8421744	49.6009024
La Salle	4823153	-52.4146858	-26.8793541
Lisbane	5488518	-7.1403080	54.3994939
Halsham	721911	-0.0615982	53.7300847
Lubenec	424977	13.3057148	50.1285540
Reclain	5479922	-6.9223239	54.5244664
Erinagh	5586447	-8.2715019	52.8086953
Keerhan	5152465	-6.4782666	53.7275548
Mandili	3253106	120.8929337	15.1666244
Amedorf	5665387	9.1758527	52.9383581
Fethard	5518438	-7.6944595	52.4707847
Deelish	5198204	-9.2967496	51.5459291
Shanraa	2921629	-7.6599861	54.2341414
Shallee	6185191	-9.0564084	52.8647732
Lisbane	5278774	-6.3975761	54.3414060
Lisbane	4595057	-5.6840928	54.3563096
Lisbane	4657093	-5.7000798	54.5065386
Nulkaba	6059187	151.3633937	-32.8022197
Parkana	6039643	-9.4610645	51.6439836
Pandrah	5474498	96.4522987	5.0750943
Vila Boa	334493	-47.0651407	-14.9945000
Dandume	3711489	7.2224594	11.4169922
Küssnacht	1688587	8.4494909	47.0815257
Jarchau	3650673	11.8932971	52.6602884
Freeman	141068	-94.5081409	38.6221720
Radonia	4398221	20.0032339	51.3676448
Pasieka	7448019	22.4205897	50.8280174
Wanblee	195213	-101.6629794	43.5709405
Zdziechów	3387127	21.0529989	51.4230962
Valence	1268200	0.3151840	45.8851889
Kaczaki	7000539	21.6680264	50.4551757
La Salle	137158	-94.5711854	44.0706815
Cyganka	6862247	22.8842149	51.1868489
Saint-Père	161843	2.9731779	47.4013756
Grabnik	7173899	23.2236271	50.5627794
Chilili	171529	-106.2330538	34.8966304
La Salle	2884273	4.8605202	46.4076466
Maszów Górny	7435740	22.9928495	50.8697738
Capital	3059842	-65.2038658	-24.9721003
Grabnik	4249259	20.4079656	52.2802610
Arganil	6549066	-8.0529432	40.2183458
Deering	181370	-101.0520237	48.3959500
Randall	129233	-93.6020975	42.2390203
La Salle	146735	6.8122009	48.3235768
Ribeira	4168832	-8.3280277	41.6923249
Fengtai	5696769	116.2802953	39.8518236
Hubbell	169443	-97.4959182	40.0078930
Red Lick	6603666	-94.1793637	33.4762999
Ifedore	3718623	5.1103681	7.3528421
Pasieka	7482587	22.2337999	50.9088892
Grabnik	7169354	23.2313508	50.5721113
Paulhac	156885	1.5564084	43.7600852
Meilhan	75922	-0.7037168	43.8688681
Paulhac	3064971	3.3437511	45.2948784
Piquillín	3918424	-63.7586491	-31.3012642
Calveen	2558821	5.3903833	52.1989645
Bonarka	4014178	19.9360742	50.0265109
Hadovka	2975240	13.4571509	49.5872875
Lobeira	6300321	-8.6021780	41.4289587
Hjallar	3183348	-21.8651484	64.1088681
La Salle	4469531	-66.1750262	-17.3620605
Kleehof	2895815	10.7243067	49.6052029
Baratas	5760073	-8.2660592	42.0899158
Ribeira	6304093	-8.4795767	41.4077457
Zarabie	3335225	20.2072429	49.8979319
Zarabie	4851900	19.9516949	49.8224771
Cantera	7565178	-54.5847595	-25.9705511
Arcante	5420456	-100.2318691	25.5629454
Cantera	4051594	-106.1349955	28.6448518
Enclave	2577104	-81.3648351	28.7916299
Barclay	4063183	-80.2092602	26.6136580
Centurión	4097489	-53.7886757	-32.1448011
La Bolsa	3465194	-56.3365336	-30.8461934
Éterpigny	2593489	2.9164074	49.8867173
Olho d'Água	301388	-37.7436711	-7.2869895
Canning	2546804	-58.4837404	-34.8879474
Canning	3195647	-58.5148979	-34.8983512
Windach	2971320	11.0264078	48.0475956
Viščiakaimis	6857316	23.0074033	54.6636904
Düstersee	1391484	13.7591246	53.0919196
Saint-Brès	133236	0.7699282	43.7853058
Meilhan	125375	0.6796553	43.4188267
Aïn Ouksir	2897101	3.4870517	35.7760019
Chilete	1900632	-78.8237706	-7.2568994
Alcaraz	346326	-2.5030662	38.6975496
Lobeira	344530	-8.0448023	42.0029827
Bogarra	342128	-2.2096901	38.5837427
Maamora	6544868	0.5253816	34.6005380
Conayca	1933584	-75.0272078	-12.5193810
Borobia	342155	-1.8719535	41.6747085
Tapiche	1994130	-73.9443246	-6.0299214
Quemada	344775	-3.5837232	41.7068911
Messaad	6533523	3.5000426	34.1583901
El Grado	341525	0.1877619	42.1244075
Cheurfa	1616091	7.5731981	36.7221505
Jouamaa	2752879	-5.6442047	35.6358167
Hallhof	5204856	10.1829251	47.9856670
Adrados	341048	-4.1133922	41.3649358
Kikižeris	6785323	26.4590941	55.2724588
