Denmark	50046	9.4580626	56.2010656
Bologna	43172	11.3607870	44.4885788
Cierges	2955721	3.5990749	49.1657098
Marbeuf	1029017	0.9647984	49.1542325
Maslacq	1268674	-0.6979272	43.4290269
Channay	146468	4.3204697	47.8910745
Lubbock	115401	-101.9075170	33.5833249
Noirémont	1079223	2.2173597	49.5472139
Aldudes	168585	-1.4322174	43.0927610
Algarve	1253665	-8.1509253	37.2454247
Algarve	5404608	-8.1509253	37.2454247
Cambron	1268502	1.7687092	50.1097604
Samonac	2945004	-0.5728048	45.0709071
Amagney	111600	6.1438997	47.3041762
Bellocq	2167656	-0.9179534	43.5134899
Rubiana	44310	7.3757805	45.1559048
Cubrial	453045	6.3992124	47.5037571
Rakhine	5996483	94.1005871	19.4082186
Baringo	3495537	36.0194954	0.7251457
Branges	1771410	5.1632207	46.6515996
Bosjean	2237007	5.3535976	46.7715050
Siradan	2268340	0.6129652	42.9706460
Comigne	2424287	2.5815561	43.1649551
Hailles	2667702	2.4279635	49.7974365
Madriat	2371384	3.1737496	45.4345435
Cusance	1223654	6.4322149	47.3210202
Santa Fe	153543	-60.9858332	-31.1961710
Feuilla	1435920	2.8993693	42.9274051
Murbach	78916	7.1350335	47.9166607
Blauzac	379909	4.3734877	43.9669079
Ippécourt	2979481	5.2095607	49.0389258
Averara	46679	9.6385282	46.0125741
Misérieux	145687	4.8195469	45.9743683
Ambonil	83676	4.9113553	44.7917800
Dompnac	124266	4.1163050	44.5607809
Balazuc	2574095	4.3676377	44.5109038
Santa Fe	171264	-105.9398207	35.6708734
Cherier	909492	3.8911936	45.9687709
Brugnac	3210848	0.4508826	44.4545951
Massoulès	148160	0.8719176	44.3390367
Doudrac	3234558	0.6846756	44.6631895
Gerbaix	79951	5.7368834	45.6068251
Altiani	2383524	9.2740491	42.2198525
Alpuech	117028	2.8738512	44.7464860
Chaudon	276899	1.4970798	48.6561160
Lézigneux	113771	4.0571277	45.5600191
Hengelo	404388	6.7955257	52.2523195
Hengelo	404389	6.7955257	52.2523195
Szigetvár	575202	17.8079773	46.0519364
Beignon	125400	-2.1707048	47.9669500
Cislago	45602	8.9660206	45.6566351
Besnate	45769	8.7636049	45.7013989
Malnate	46117	8.8856274	45.7981270
Nuevo León	1661523	-99.5025016	25.4789995
Lagrave	135614	1.9898262	43.8927816
Albiolo	46167	8.9405497	45.8058112
Alexain	534463	-0.7045539	48.2321533
Hambers	2563623	-0.4223017	48.2536564
Kemashi	3291631	35.7682730	9.8618250
Karagwe	1600801	30.9810028	-1.6235894
Niafles	1553336	-0.9998208	47.8460370
Entre Ríos	153551	-59.4176191	-32.0987615
Artegna	179248	13.1414799	46.2388865
Procida	40758	14.0134229	40.7549208
Casoria	40866	14.2995293	40.9018822
Burgnac	114807	1.1679071	45.7407534
Bercero	344543	-5.0742769	41.5515042
Bonansa	343818	0.6882071	42.4130297
Addison	125456	-87.9886153	41.9317978
Szögliget	1317813	20.6494983	48.5286419
Medelby	1156023	9.1806345	54.8106217
Erandio	347284	-2.9578010	43.3173070
Beersel	4103974	4.3051321	50.7684431
Beersel	111613	4.3064180	50.7478646
Arielli	41903	14.3018497	42.2583050
Cardeto	39547	15.8064159	38.0959997
Filiano	40786	15.8005259	40.8285189
Miehlen	540462	7.8316729	50.2243478
Šternberk	438507	17.3600988	49.7397785
Armilla	342623	-3.6185110	37.1474703
Marchin	2411680	5.2382681	50.4676163
Minerbe	44491	11.3468714	45.2456595
Desloch	1244062	7.6206369	49.7205414
Fregona	46694	12.3685103	46.0283668
Piranga	314722	-43.3112273	-20.6240001
Eggesin	1408061	14.1069691	53.6640364
Karmacs	1360487	17.1688801	46.8454345
Tunápolis	296674	-53.6380025	-26.9893258
Röbel/Müritz	1424147	12.5914033	53.3756000
Kliding	1269802	7.0433101	50.1001599
Bissiga	5256093	-0.1185561	11.8230575
Buchloe	442789	10.7538150	48.0301966
Mendexa	344656	-2.4879533	43.3488282
Serrada	343459	-4.8464046	41.4654050
Wedding	28267	13.3355366	52.5501130
Gignese	46382	8.5040761	45.8646489
Rumbach	1251121	7.7655659	49.0901586
Elvange	115085	6.5434281	49.0513600
La Rioja	153536	-66.8568753	-29.8537001
Selmice	440295	15.4389141	50.0523799
Urbania	42533	12.5160751	43.6467650
Holland	134433	-86.1024645	42.7660265
Gradoli	42097	11.8830277	42.6190128
Mioglia	43192	8.4277384	44.4881005
Elduain	342897	-1.9854524	43.1563326
Rothemühl	1410792	13.8553198	53.5933632
Shfaram	1386845	35.1789347	32.7995011
Bologna	42856	11.3945025	44.4333132
Sibinal	4479726	-92.0556794	15.1271450
Atzacan	6037605	-97.0777356	18.9340092
Atexcal	6037600	-97.6891184	18.3755922
Boyabat	1428709	34.7049123	41.5056339
Mashike	4085232	141.3494256	43.8928990
Bohicon	2946029	2.0807998	7.1840040
Cauayan	3740499	122.4925613	9.9824665
Santa Fe	3589484	122.0787681	12.1158265
Panglao	1550490	123.7041229	9.5482953
Diyadin	1837705	43.6169567	39.4470228
Erdemli	1827895	34.1203398	36.8076151
La Yesca	5605967	-104.1952090	21.5893362
Gildone	41330	14.7392377	41.5032452
Zamfara	3706956	6.0144203	12.0227173
Le Mesge	2596591	2.0399028	49.9394145
Celleno	42092	12.1274640	42.5589845
Alt Camp	2822130	1.3254671	41.3397848
Otanche	1422324	-74.2205693	5.7442390
Hanford	112155	-119.6544899	36.3185420
Hanford	112156	-119.6544899	36.3185420
Lake Van	36995	42.8071503	38.6566219
Nidzica	2986192	20.4161112	53.3628357
Le Fayel	456966	2.6969926	49.3727073
Dieburg	452393	8.8124681	49.9030450
Martínkov	442205	15.7129320	49.1029624
Guiglia	43117	10.9570300	44.3965327
Lubnice	438724	15.6030972	48.9426684
Obrubce	441950	15.0469542	50.4484274
Durance	2702159	0.1515221	44.1638340
Ranggen	942990	11.2035171	47.2516969
Radford	206898	-80.5627713	37.1202844
Millena	346028	-0.3791349	38.7442656
Corbola	43956	12.1129679	44.9988446
Nerópolis	334388	-49.1770404	-16.4295043
Kondrac	441493	14.8880312	49.6773730
Brockel	965590	9.5314171	53.0856084
Fleurac	3243201	1.0015973	44.9978957
Canillo	2804754	1.6574430	42.5868092
Sarandi	242683	-52.8630206	-27.9311341
Ampfing	941001	12.4121140	48.2599331
Schapen	2006848	7.5473318	52.4000578
Miltach	961932	12.7761425	49.1460103
Argenta	43291	11.9090314	44.6375107
Pachino	39153	15.0735996	36.7004974
Le Cheix	111752	3.1820141	45.9563263
Vasalja	1131465	16.5130290	47.0299647
Hasloch	336535	9.4877731	49.7965848
Endschütz	2506805	12.1408065	50.7880578
Handorf	1392135	10.3435277	53.3414219
Garbsen	59417	9.5742100	52.4509455
Ohrobec	442264	14.4281195	49.9454060
La Grave	114007	6.2839156	45.0611505
Velence	1418512	18.6755686	47.2122365
Mauriac	135763	2.3130771	45.2207267
Khwahan	6564820	70.3896812	37.8490436
Shahrak	6550857	64.3167580	34.0917912
Chimtal	6574559	66.6302643	36.5193662
Betheln	1168900	9.8022899	52.1136847
Deensen	2011074	9.5914755	51.8537772
Waconia	137112	-93.7951854	44.8431900
Casares	341068	-5.2866052	36.4225008
Chikuma	4759362	138.1162809	36.4982570
Akamura	4008373	130.8835207	33.6037304
Gulbene	1823773	26.7562241	57.1729281
Ogawara	4174272	140.7138347	38.0495700
Mashike	4085233	141.3494256	43.8928990
Nezdice	436219	13.3230267	49.5263672
Jesberg	452208	9.1235612	50.9899902
Aprilia	41371	12.6450518	41.5846987
Remelhe	4058938	-8.6084374	41.4897284
Buesaco	1454259	-77.1231518	1.3292917
Taliedo	6889973	9.2467247	45.4494283
Pechora	3835109	57.1382314	65.1282562
Korfantów	2813386	17.6025964	50.4849569
Karnali	4583210	82.5073868	29.5850248
Alibori	2803879	2.7941319	11.4654124
Parrega	2658416	5.4721017	53.0123877
Eartham	2989828	-0.6657583	50.8828820
Addison	3478257	-96.8302601	32.9604305
Midvale	198769	-111.9013804	40.6123790
Gangelt	158028	6.0230505	50.9951433
Waupaca	251602	-89.0825353	44.3492840
Gruzdžiai	6985407	23.2511735	56.0950437
Obrnice	440217	13.7059808	50.5089939
Mchinji	7345526	33.0145214	-13.7827800
Chitipa	7342878	33.4103184	-9.9704500
Al Wahat	2060169	20.7836080	29.0203961
Akamaru	6066086	-134.9131051	-23.1889060
Vacallo	1684765	9.0382636	45.8474184
Mörschwil	1683909	9.4257109	47.4672240
Molalla	186593	-122.5750133	45.1500833
Ngrajek	3815228	110.2393347	-7.5878643
Lac Paul	3132154	-74.1891172	48.7593371
Lac Tait	2619131	-66.7922194	55.1039295
Lac Vien	196557	-75.6966813	48.0156485
Lac Easy	196898	-75.5318046	47.9538346
Lac Paul	1575243	-70.0605611	48.4230384
Lac Vein	2460162	-73.3042205	49.0100523
Lac Vari	908648	-77.3750376	47.1492198
Sticksjön	7434763	17.2322955	58.9679319
Abraure	2346699	18.8526445	65.9988627
Lomtjørna	6331165	5.0663389	61.2513320
Pep Lake	2468109	-65.4889296	53.7554725
Hardiya	7594817	86.5360953	26.7624842
Paatari	92864	26.6032015	68.8705759
Hornsjøen	7506247	9.8582426	61.2342697
Toftasjön	2296346	13.0039050	56.6996004
Flyndersø	6371089	11.7545140	55.9689730
Huahine	6082561	-151.0134552	-16.7285090
Hultasjön	3983895	14.6480896	56.5153462
Grinnsjön	5953985	12.4510403	58.3123631
Örevatten	6670996	11.9893539	58.0477382
Matinha	332797	-45.0367410	-3.0590000
Seljane	6370902	19.5578877	43.3868274
Borince	7202182	21.5635256	42.9751473
Itajobi	298206	-49.0441667	-21.3660000
Thaketa	5996855	96.2173958	16.7945704
Holtsjøen	5173507	10.8062875	63.0724065
Canitar	298219	-49.7885842	-23.0210000
Songsjøen	5196132	9.6690173	63.3229778
Kroksjøen	7577788	12.0923815	59.9668742
Bjortjønn	5708627	8.1011217	59.7749319
Bøsvatnet	4805900	5.0691972	60.3221426
Pé de Serra	362496	-39.6162754	-11.8877512
Promissão	298271	-49.8133612	-21.4920000
Mesópolis	298088	-50.6132955	-19.9570000
Açude Ceraíma	3729185	-42.6678090	-14.2729950
Degrmen	7205565	21.2989973	42.9456842
Palhais	6372243	-7.4321252	40.8164162
Jagodno	5637248	16.1471227	45.7022877
Galegos	5928134	-8.3089649	41.1606637
Labruge	5989551	-8.7137601	41.2802188
Freiria	2897152	-9.3172091	39.0273385
Alguber	2898705	-9.0076508	39.2737750
Palhais	5536813	-8.2049548	39.7568486
Fermedo	6020697	-8.3618062	40.9696400
Valevac	6355151	22.2134044	43.6188189
Tekssjøen	6221861	10.7988623	64.0802491
Funnsjøen	4487616	11.7894035	63.5052682
Hornsjøen	3587130	10.7398400	61.2498481
Zabrdje	6314291	21.3678942	44.3770374
Osenica	6314733	21.6532105	44.3022748
Laznica	6314801	21.8431979	44.2476473
Gniewce	6245078	20.4921844	50.8709699
Takanen	3793742	24.7848247	61.1857502
Hultasjön	7225031	12.2433134	57.9354046
Zabrdje	6365448	19.3351084	43.5672778
Laeva järv	4021761	26.3835348	58.4899556
Löytlammi	298739	24.6359138	60.5343335
Magarya	3722446	9.7913249	11.8589977
Gwange I	3721320	13.1701339	11.8420393
Bargoni	3710371	8.1359064	11.7387170
Kangiwa	3708072	3.7298333	12.5308841
Magarya	3707544	5.4193981	13.3045719
Toftasjön	544268	14.8704841	56.9227166
Pat Lake	4013184	-81.1518432	47.5954038
Santa Fe	3728273	-79.0364223	-1.6177265
Chunchi	3728391	-78.8623992	-2.3242598
Van Lake	1936314	-88.2264949	46.5982122
Mahuta B	3711726	7.2667532	11.4715086
Holland	3078422	-71.9827958	44.9749635
Pacayas	5685518	-83.8172354	9.9377741
Lac Paul	900189	-74.1331035	45.8086846
Telembi	3659184	-78.8863699	0.6038154
Rodríguez	6927201	-84.3495301	10.1180443
Boboshe	3721231	13.9118683	11.9484640
Hardiya	6651841	85.0681328	26.9241668
Karaiya	6648068	85.0904126	27.1293387
El Nogal	3498711	-75.1887061	9.4346459
Kariya A	3722412	9.6948187	10.8751699
Taranka	3722503	10.6259139	11.7726342
Gamarya	3710484	8.9245371	11.9098679
Karmami	3710593	8.8474517	12.1074595
Oden Bay	2057242	-116.4459890	48.2987282
Chankhu	6744009	86.2676100	27.7445064
Palchok	6783608	85.5575708	27.8890875
Mudende	2281191	29.3826820	-1.5977323
Ruganda	1820467	29.4829730	-2.2168697
Dix Lake	401828	-91.2338121	48.0712961
Lac Paul	1482333	-72.6184137	46.9822023
Lac Otan	1482173	-71.9097171	47.3306780
Lac Robo	196921	-75.7403708	47.8185173
Lac Paul	557099	-74.9780046	46.1755582
Lac Paul	900110	-74.6212846	46.9884213
Ord Lake	4269422	-92.9934622	50.1282132
Lac Paul	1937146	-67.4574627	49.6103386
Lac Paul	1944355	-67.5191375	49.9936840
Lac Paul	1596497	-69.4739971	48.7099201
Kay Lake	1120365	-88.7154858	48.4866502
Bun Lake	4176766	-84.6098440	49.5420472
Rod Lake	3534081	-83.8172484	46.7894360
Agdjeny	3390777	107.0355991	55.8779972
Rangeli	7456104	87.4934952	26.4624936
Sinbang	5852475	82.3497567	28.3032633
Basteen	6690843	87.1270561	27.1150448
Jianshe	6526840	103.5798779	28.7965889
Lianhua	6772039	105.8052160	35.0146722
Chauthe	7728800	85.1989481	27.7892032
Manpang	6092445	84.1642252	28.0308956
Sanbing	7527643	117.7482232	31.4824928
Longbao	6642384	96.4132280	33.2644915
Gankhet	5921571	80.5385992	29.1826172
Mayange	1728624	30.1781572	-2.2668474
Gatonde	1755762	29.6532191	-1.6917970
Harilaq	7461249	21.0010528	42.5838969
Lac Paul	1490747	-72.6336268	47.3169158
Lac Paul	1563839	-72.4374004	47.7838426
Santa Fe	7517633	-60.6972988	-31.6150852
De Meent	1077009	5.2808414	51.9454362
Epp Lake	1468613	-100.2008933	54.8016881
Krasnybór	6826533	23.2045791	53.7235528
Oberalm	86365	13.1015746	47.7060229
Eijsden	1419294	5.7240718	50.7816550
Freedom	2023145	-71.0861722	43.8308743
Dunajek	7248348	22.2627391	54.1859139
Itaubal	331468	-50.6206327	0.4860000
Honaine	6666568	-1.6745435	35.1563931
Holland	182510	-83.7092589	41.6192350
Leflaye	4069493	4.6663586	36.5981769
Santa Fe	346796	-3.7395857	37.1778949
Langelo	1428405	6.4509001	53.0956018
Kunchha	5294279	84.3380655	28.1320730
Ellingsøy	6160938	6.3234481	62.5043175
Panglao	3625900	123.8072060	9.5947465
Isla Nef	5449363	-74.8197899	-51.4724150
Kinchil	5961510	-90.1057207	20.8431179
Makouda	3499472	4.0568485	36.7940210
Hawalli	4579480	48.1162889	29.3228769
Drijber	377538	6.5540762	52.7862976
Bornice	6878879	19.3634188	53.7959434
Sarandi	5320196	-51.1312172	-29.9820308
Freedom	187310	-80.2526450	40.6843105
Avatele	1558551	-169.8954365	-19.1150600
Zavadka	4247715	22.9983072	49.4177281
Adlikon	1682076	8.6900110	47.5884532
Mauriac	2827316	2.4794577	45.2719961
Campsie	5686227	151.1035124	-33.9143574
Chettia	4542228	1.2558079	36.1785688
Yahidne	3939932	37.9832103	48.6307718
Redekin	3706768	12.0685065	52.4622445
Gralhas	2198378	-7.7134795	41.8629066
Sarandi	297663	-51.8794940	-23.4759713
Denmark	251491	-87.8288068	44.3516259
Bairoil	252249	-107.5577318	42.2391145
Elstead	3010367	-0.7124967	51.1806951
Lamatar	4816713	85.3915018	27.6273120
Uebigau	1357634	13.2956919	51.5930265
Hargi küla	352669	26.6497505	57.8766996
Tõnkova küla	353791	27.1359539	57.6642226
Heedu küla	352717	26.8210799	57.7348148
Sector 2	3593438	77.0346770	28.5093682
Pambula	6044044	149.8758502	-36.9319699
Karla küla	350789	25.1203594	59.1595863
Paate küla	354978	27.3258981	59.4085558
Makwale	7269500	33.9373330	-9.4207753
Schönholz	2719673	13.7527368	52.7759022
Sarandi	7390964	-55.7759687	-28.4701040
Itajobi	5683131	-48.9981344	-21.3663417
Dahiyar	6658286	85.0415178	27.0151105
Laulane	6908867	32.6118189	-25.9011576
Mesópolis	5349669	-50.6132955	-19.9570000
Martadi	5890163	81.5239399	29.4495806
Lafyang	6698299	86.8082435	27.1839354
Canitar	5684863	-49.7885842	-23.0210000
Urabain	6880299	-2.2932238	42.8593816
Matinha	6089871	-38.9299693	-12.1191900
Rangeli	7456360	87.4862786	26.4585281
Glodeni	5736380	27.5219820	47.7728567
Camirim	5917071	-41.3697271	-10.9728445
Centre A	7022229	-8.4707167	51.8979052
Põdruse küla	351190	26.3554933	59.4156795
Promissão	5683234	-49.8076667	-21.4840000
Taali küla	351578	24.7740682	58.4470835
Freigil	6438281	-8.0119654	41.0777742
Farnoge	6525343	-7.1384096	52.3640127
Hrušovany	2209671	18.0840113	48.4382041
Bliesen	7645410	7.1087283	49.4938993
Sector 2	2822434	77.0678865	28.5987622
Santa Fe	4167753	-61.9388772	-33.7613517
Anon Car	4679426	-65.0511210	-42.7674566
Docente	4855340	-69.2372762	-51.6449671
Karla küla	352943	24.9280001	59.3803689
Arava küla	355112	25.3971314	59.2593038
Kehra küla	352100	25.3284469	59.3521184
Kikka küla	351582	27.4133626	57.9850117
Kedre küla	353383	23.8021414	58.9349067
Niibi küla	352602	23.6808283	59.0569333
Nihka küla	352554	23.7465771	58.9061386
Itahari	7464313	87.2899775	26.6835134
Malacky	2206952	17.0231848	48.4390049
Maasi küla	352097	23.0578286	58.5613613
Sucanga	6148751	-41.7359302	-17.7971637
Ressaca	2947517	-44.0423891	-19.8885244
Ahula küla	351423	25.7349208	59.1153449
Leeli küla	354574	25.4990262	58.1068044
Cukarka	6653767	21.7024613	42.2852276
Lubinga	5748672	27.4771725	-11.7109157
Kanyama	5748670	27.4775537	-11.7151378
Bodovce	2277123	21.1752920	49.1308364
Kanyama	5503546	27.4719615	-11.7094812
Vavrišovo	2169297	19.7643909	49.0757462
Palhais	6444506	-9.0418410	38.6153909
Fintice	2320214	21.2786668	49.0578504
Limberg	5712256	14.1914099	51.7535174
Degerby	3337450	24.2295264	59.9727488
Docente	5325205	-67.9743897	-46.7988519
Dolinka	2272600	19.1598735	48.0937556
Itaubal	5231028	-50.6206327	0.4860000
Dromana	6710757	-7.8391048	52.0941285
Bective	6964635	-6.7137694	53.5983506
Docente	6687697	-68.9262713	-37.4033168
Ardcolm	6632425	-6.3875434	52.3838322
Centre A	6999782	-7.1144243	52.2623247
Kaimi küla	352808	26.3869358	58.3405369
Külitse küla	354112	26.6112838	58.3288604
Okarben	3297721	8.7497818	50.2464376
Eintürnen	554825	9.8403281	47.8513196
Wadajir	1720154	45.2857241	2.0153198
Solanda	89179	-78.5412552	-0.2750488
Czarnca	6226710	19.9211336	50.8112332
Ślepowola	6625706	20.6846159	51.6491027
La Forie	357895	3.7548448	45.5896835
Addison	189098	-79.3339555	39.7451105
Bilivci	3166727	26.3615849	48.5179629
Radonie	2388043	20.6529549	52.0663200
Pielnia	6968468	22.0351315	49.5331268
Pierzchów	3336520	20.2862632	49.9329877
Hrušovany	439588	13.5105312	50.3927912
Starkówek	6423215	16.5407787	50.3663385
Jabriya	2649754	48.0319428	29.3191437
Santa Fe	6586815	-95.1072740	29.3895430
Jeunieb	5474502	96.4824961	5.0625201
Midvale	182342	-81.3699025	40.4366374
Addison	135100	-84.3491683	41.9864235
Jellico	197277	-84.1190056	36.5761095
Bni Drar	2502042	-1.9899836	34.8605288
Fornaka	6660568	-0.0402875	35.7561795
Serrada	1375809	11.1557338	45.8933860
Santa Fe	7720331	124.7156215	11.2571164
Semichi	1620503	55.8704400	58.0925191
Masefau	253715	-170.6248675	-14.2392930
Raborci	6875359	22.6058950	41.4039498
Algunja	6839607	21.8040030	42.2700528
Dolgash	6476517	20.5797199	41.4242544
Stancha	6724106	22.0871243	42.2411317
Ghaitli	4146168	43.5785358	36.1450708
Guandra	2646041	41.8413875	43.1151999
Pilliga	5793720	148.8698361	-30.4087609
Paringa	6186777	140.7954549	-34.1763531
Holland	1181615	-72.1663063	42.0608875
Oumache	4120782	5.7888426	34.5868703
Chekhiv	3167640	25.2031215	49.0750841
Bijotai	6905444	22.5760282	55.4671625
Earling	128881	-95.4217500	41.7764010
Deweese	169268	-98.1389754	40.3546704
Denmark	194115	-81.1443553	33.3142275
Holland	127772	-87.0379233	38.2463435
Taliabu	7220471	124.8299408	-1.8313982
Santa Fe	5426247	124.9466101	11.1926828
Paszkówka	3526815	19.6843503	49.9369694
Croghan	175929	-75.3910971	43.8951679
Hobgood	180200	-77.3912179	36.0281075
Argenta	126938	-88.8204958	39.9834669
Ain Zana	6663189	8.2093287	36.4018987
Wójtowice	4251852	17.3333432	50.6779842
Izdebki	6947633	22.1173679	49.7518968
Croghan	5623466	-9.2214639	54.2220872
Kilfree	3309975	-8.5414206	53.9774819
Dromana	2448008	145.0115619	-38.3329000
Wandera	6070234	151.1467064	-29.6713385
Ķengarags	1143430	24.1824117	56.9106022
Algarve	7635285	-51.0740017	-30.0359430
Campsie	5320671	-7.2832920	54.5984050
Skälltorp	1517184	11.9791499	57.7619346
Tenacre	4050452	-6.3584089	52.2293006
Baskill	4028779	-7.1881778	55.2441212
Breaghy	4119828	-7.9191432	55.1826610
Cougane	5851434	-8.8568001	52.1244579
Santa Fe	3644894	123.0480295	11.4815230
Nebojsa	2205512	17.7382259	48.2230633
Faugher	4145453	-8.7122450	54.7121639
Fenaghy	4183052	-6.3391982	54.8713686
Feloree	6004877	-8.4092995	52.5482368
Madrona	4763894	-122.2885240	47.6129923
Makanya	5473558	39.2483618	-6.8013858
Srahane	5998955	-8.5238203	52.6172870
Comembo	103752	121.0640880	14.5474059
3e Hatty	410103	-72.1801471	19.2379840
Sector 2	3511617	77.1006232	28.6986276
Glendaw	5642050	-7.6244475	52.3337313
Middels	5458751	7.6161301	53.5367929
Arrigal	4721428	-6.7284609	53.8056436
Ducavan	5392382	-6.5085452	54.0467561
Clonlee	4249713	-7.7405821	53.0758382
Ightham	2293335	0.2733450	51.2765775
Aribiri	1865599	-40.3160719	-20.3427188
Croghan	5342317	-7.9349333	53.1052221
Tenacre	3582909	-6.5097851	52.2242370
Barroge	2906677	-6.2029462	52.7238408
Eneborg	5525153	12.7094762	56.0425415
Farnoge	5389248	-7.1203455	52.3493714
Ballisk	5442782	-6.1418001	53.4861132
Feenish	3235333	-8.9719325	52.7056064
Keimola	2887389	24.7979068	60.3263867
Matinha	5549255	-41.4945618	-17.8435232
Fearaun	4780876	-6.8889672	53.0795881
Yanakie	2692943	146.1561981	-38.8074901
Shinagh	5993130	-8.7813081	51.7508045
Watraba	6197190	133.2445839	-31.9601714
Kilhile	3313152	-6.9539420	52.2538384
Bective	6063377	150.7266203	-31.0026730
2e Solon	411858	-72.1389758	19.5736845
Barwang	6074467	148.4733573	-34.4424781
Feglish	4590266	-7.5703591	54.4802455
Fintice	2320103	21.2786668	49.0578504
Vavrišovo	2230960	19.7643909	49.0757462
Bodovce	2277064	21.1752920	49.1308364
Ardaloo	4772830	-7.3047502	52.7144418
Reloagh	5470862	-6.8241221	54.5399028
Le Stade	4079792	-0.3617116	48.5993702
Sulby CP	1742765	-1.0291754	52.4221695
Breaghy	2310238	-7.6071166	53.7463935
Coumbeg	5609397	-8.0605143	52.7110081
Scallen	4568541	-7.6067986	54.4643917
Sheefin	4125217	-7.2908000	53.5923953
Helfant	6656718	6.4128484	49.5889105
Kilcoke	4522451	-7.5830621	52.8966793
Reepham	1022349	1.0904313	52.7642701
Hanford	2609805	-2.2214203	50.8984578
Faugher	5525362	-7.9197275	55.1689435
Bective	4669162	-6.7105897	53.5874947
Cookham	3871327	-0.7235705	51.5590359
Codsall	6924750	-2.2171729	52.6262948
Ickford	3781380	-1.0586070	51.7681078
Balltra	5720374	-9.8306791	52.2954024
Denford	1674650	-0.5237371	52.3780743
Sector 2	3663031	77.2175780	28.5173322
Kilcoke	5442856	-7.7808364	52.7624341
Menelle	7214073	-0.9339577	48.5529937
Aghaway	5724681	-7.1794737	54.0180060
Mass Beg	5560033	-7.5425606	54.8587040
Obrnice	427381	13.6930289	50.5077253
Malacky	2206922	17.0231848	48.4390049
Faraghy	5682562	-6.8726975	54.0268820
Podhrad	424508	12.3854723	50.0481428
Obrubce	426569	15.0469542	50.4484274
Libunec	430078	15.2747483	50.4948901
Ansty CP	2905629	-1.4197262	52.4408481
Litcham	1022728	0.7828724	52.7322593
Dromagh	5763601	-8.9703092	52.1302643
Dromana	5845848	-7.8523151	52.1105259
Dromana	5845847	-7.8514372	52.0968294
Dunegan	3366204	-7.7507258	53.4220066
Breaghy	5611384	-7.5991962	54.8194914
Dolinka	2272459	19.1598735	48.0937556
Hrušovany	427137	14.2931005	50.5226911
Iperoba	3922045	-48.5656457	-26.2156813
Šternberk	430458	17.2998825	49.7387586
Odrlice	431550	17.0542169	49.6437937
Dalborn	6153842	8.9741125	51.9795736
Kelč-Staré Město	432057	17.8286671	49.4666515
Zdenice	433223	14.0312950	49.0065235
Kinnabo	4133654	-7.8943208	54.2825898
Hrušovany	2209615	18.0840113	48.4382041
Vlčice u Střížovic	427826	15.1498417	49.1493624
Krasice	432566	17.0846591	49.4630360
Martínkov	427188	15.7129320	49.1029624
Selmice	426664	15.4389141	50.0523799
Ohrobec	435879	14.4281195	49.9454060
Divnice	428563	17.9097337	49.0944826
Kondrac	430111	14.8914495	49.6658395
Lubnice	427155	15.6030972	48.9426684
Breaghy	5498670	-7.6693747	55.0178347
Booragh	5587606	-7.6899183	55.0061544
Coumbeg	5430332	-8.3694880	52.8464619
Hembsen	6531054	9.2406992	51.7166224
Croghan	4742424	-8.2281091	53.9142864
Rathmea	4232378	-7.2240339	53.7407999
Kinarla	3960470	-7.6756904	54.3553695
Ardcolm	2941855	-6.4356337	52.3738207
Glenree	5506164	-7.8267695	55.1527801
Ardanew	4427729	-6.8851062	53.4850054
Baunree	4637202	-7.2386780	52.9700316
Annyeeb	5377645	-7.0804192	54.2426907
Berrima	6074472	150.3311119	-34.4678390
Faugher	3904781	-7.8156557	54.3618154
Longlea	2794730	144.4320572	-36.7744651
Hasloch	5857656	9.4954291	49.7949686
Merbein	3116015	142.0486060	-34.1624201
Niblock	4189492	-6.2173297	54.7384535
Slatbeg	5489554	-7.2134741	54.3724604
Finnard	4774924	-6.2512652	54.2208540
Attical	4555951	-6.0408209	54.1162711
Ardmona	2503017	145.2954056	-36.3789800
Geaglum	2919650	-7.4878502	54.1866512
Dreeite	3145223	143.5130146	-38.1902700
Cundare	3738440	143.5928693	-38.1440519
Ardbrin	4730707	-6.1745369	54.3043681
Faugher	3960084	-7.7363065	54.3698480
Addison	110355	-87.1766553	34.2017290
Fornaci	6794322	10.1727500	45.5043124
Sa Pobla	347624	3.0362279	39.7781026
Bromide	184865	-96.4940077	34.4186435
Holland	6584710	-97.4023613	30.8850570
Jarales	171120	-106.7636394	34.6025609
Fleurac	111365	-0.0837072	45.7181354
Galegos	4170501	-8.2785304	41.5636107
Heuberg	7489994	13.0796005	47.8217414
Vorstädte	7849702	7.5826736	47.5579976
Dolinka	6004645	16.1193466	50.9308523
Khirane	6561886	6.8075375	35.0101817
Nieciszów	6256991	17.3159911	51.1800807
Wójtowice	6423180	16.5480046	50.3117430
Holland	137310	-96.1973699	44.0875094
Gelrode	4477457	4.8042730	50.9670760
Redmile	6490598	-0.8304751	52.9019860
Zahajki	7833221	23.2825748	51.5958589
Jagodno	7074447	23.0281586	51.4172892
Jieshan	6498746	104.9348097	25.1231829
Holland	141689	-89.8699200	36.0565385
Szafranów	6986873	21.3085548	50.3344774
Freedom	184228	-99.1135208	36.7683344
Holland	128975	-92.7988762	42.4001638
Holland	111436	-92.2707609	35.1638265
Borzęcin Mały	4017615	20.7058622	52.2522021
Holland	176348	-78.5514272	42.6442815
Giraldo	1350526	-75.9662388	6.6405201
Cumbaya	2673307	-78.4428050	-0.2113542
Krasice	6848748	22.6200548	49.7631375
Grodzanów	2919401	16.5945284	51.2532532
Midvale	121267	-116.7323091	44.4705739
Fleming	139806	-94.0608709	39.1969344
Elingen	4108140	4.1741980	50.7793527
Bronice	7741169	22.2205506	51.3406937
Mauriac	110588	-0.0226155	44.7449612
Bleasby	184628	-0.9394296	53.0400485
Docente	4836860	-55.9324287	-27.3587728
Windhag	2661119	9.8740725	47.8250029
Kai Cove	2006277	-81.4687471	28.6629125
Smedjan	6612228	16.1912643	58.5894039
Akamaru	6066089	-134.9131051	-23.1889060
La Rioja	5878093	-86.2537970	12.0978713
Sector 2	3864794	77.0512438	28.7970512
Sector 2	3886791	77.2198266	28.7004220
Sector 2	3656842	77.1845709	28.5589131
Santa Fe	5340508	-66.1115016	-17.4485581
Bankras	162586	4.8774832	52.3026602
Dorado I	7665587	-75.7186884	4.8009796
Mangeln	6611168	16.1619208	58.5743052
Bamnoli	3738355	76.9547295	28.4209082
Bologna	5849944	-86.2818159	12.1387252
Rosbach	3839520	7.6211509	50.7957687
Na Jazie	3969944	19.8194291	50.0875171
La Julia	7747934	-75.6838434	4.8073317
Santafe	7649438	-75.7371103	4.8001783
Kiedern	4818645	12.4567383	47.5066659
Leksand	959620	14.9895813	60.7389112
La Rioja	3302082	-66.8621937	-29.4283131
BRONCIS II	5525144	-58.0729218	-32.2972732
Rodríguez	2647330	-56.5412828	-34.3803276
Buchloe	2616230	10.7533502	48.0314124
Addison	176163	-77.2350812	42.1062225
Mechern	6843348	6.6237124	49.4157432
Aoshima	5249854	132.4815144	33.7358713
El Borma	6542938	7.9951118	31.1770224
Wólka Hyżneńska	6897992	22.2125545	49.9188838
Julebao	7678096	113.5673499	40.1643918
Holland	7182976	7.1217265	51.4793395
Gruzdžiai	6985408	23.2628181	56.0883575
El Bordj	6668171	0.3340475	35.5025470
Frances	6703198	140.8806350	-36.7040080
Samanco	1953329	-78.4446378	-9.2725792
Branges	6823159	3.4989149	49.2671417
Tarnica	5624244	17.5091245	50.6747742
Wöhlsdorf	2865850	11.5487042	50.6537827
Ontojärvi	302417	29.1777123	64.1393715
Kinchil	6431003	-89.9485322	20.9148532
Bijotai	6901900	22.8426036	54.6430187
Paratia	1916269	-70.6820127	-15.4494681
Palmera	342670	-0.1499317	38.9423850
Corella	343455	-1.7836531	42.1130338
Square 1	7336538	0.9439522	51.8757968
Handorf	3719424	7.7132596	51.9875207
Oudjana	6024233	5.8837994	36.6754271
Poljica	7480071	15.2820041	44.2220162
Arazane	2889064	-8.5352926	30.4659812
Bamnoli	3538613	77.0315978	28.5441341
Kaxatah	6413231	-89.2532203	21.0932095
Viskasjön	4546264	18.4620192	64.0710987
Bni Gmil	2516841	-4.3693086	35.0628837
Ait Igas	2889035	-8.7179861	30.5882362
