Croatia	214885	15.1338113	44.3665630
Ecuador	108089	-78.5039502	-1.7766850
Calgary	3227127	-114.0498685	51.0253267
Ferrara	43512	11.6557802	44.8055358
Cumbria	88065	-2.9420969	54.6143136
Zeeland	47806	3.7826655	51.4915425
Cabourg	135605	-0.1261576	49.2835899
Widehem	157654	1.6567920	50.5837673
Lembeye	3011521	-0.1119034	43.4497290
Laignes	411466	4.3641822	47.8278820
Drambon	153143	5.3702715	47.3346145
Arandon	109772	5.4474023	45.7198144
Jarcieu	168234	4.9442131	45.3348044
Rebigue	158902	1.4803974	43.4897513
Auragne	1403839	1.5122840	43.3921916
Biganos	109383	-0.9573690	44.6599093
Ainharp	2531521	-0.9379973	43.2551622
Caserta	41056	14.3657936	41.0875601
Quivières	910713	3.0384759	49.8255009
Cleyrac	1928327	-0.0406382	44.7192334
Dorceau	2937795	0.8131132	48.4339320
Plaisia	1265396	5.6350653	46.5202333
Leucate	273291	3.0314115	42.9077850
Bubanza	1700314	29.4013436	-3.1154629
Selenge	270089	107.5615564	49.4920147
Beveuge	295998	6.4922122	47.5578461
Serécourt	939954	5.8476838	48.0528891
Cayenne	1663791	-52.3202459	4.9211392
Villach	106163	13.8269610	46.6134063
Plounérin	400505	-3.5462292	48.5667969
Igliano	43158	8.0133254	44.4404563
Guichen	149721	-1.7949630	47.9622867
Nomécourt	3095248	5.0712835	48.4350601
Pianico	46182	10.0382675	45.8063625
Eycheil	1953655	1.1550466	42.9532018
Mainzac	1862994	0.4777509	45.5542383
Heerlen	1411782	5.9827952	50.8762772
Heerlen	406105	5.9815065	50.8775239
Adissan	163172	3.4260648	43.5357942
Darbres	2574016	4.5173425	44.6596966
Orignac	162638	0.1664070	43.1235818
Dambron	2166664	1.8724914	48.1149330
Salviac	123500	1.2607539	44.6876753
Giarole	44086	8.5678577	45.0578409
Maillas	1377390	-0.1790516	44.2129411
Cellieu	661029	4.5242176	45.5218899
Guiclan	1283570	-3.9831929	48.5484636
Lapenne	2019590	1.7771078	43.1432570
Cruéjouls	123284	2.8642234	44.4440039
Bazelat	180978	1.5366509	46.3503392
Vailhan	255595	3.3010934	43.5577129
Chaingy	148211	1.7749899	47.8934217
Malegno	46588	10.2757899	45.9592293
Appelle	1462126	1.9580966	43.5812034
Campora	40403	15.3023360	40.3017443
Buccino	40619	15.3564616	40.6438101
Brindas	252636	4.6965650	45.7182476
Lanobre	1770467	2.5472710	45.4354408
Melrand	124196	-3.1035725	47.9731508
Brienne	911276	5.0223573	46.5537467
Argegno	46547	9.1313817	45.9422613
Farlete	345468	-0.5395198	41.6732547
Clumanc	2144791	6.3756354	44.0218573
Guraghe	3306768	38.1104422	8.0189042
Yanchao	2108621	120.3716462	22.7892879
Faxinal	297818	-51.2436965	-24.0025000
Bollate	45255	9.1186872	45.5496883
Ortaffa	269776	2.9183834	42.5854440
Catllar	2820610	2.4269203	42.6402668
Oberahr	534486	7.8676086	50.5066814
Glandon	454845	1.2313499	45.4714807
Berling	1152723	7.2444100	48.7997995
Pescina	41695	13.6639991	42.0179589
Andrano	40181	18.3623589	39.9798370
Pesnica	1676329	15.7060797	46.6181592
Nanaimo	2221210	-123.9538228	49.1751283
Cansano	41665	14.0296912	41.9838272
Loeches	346077	-3.4228983	40.3877148
Nekézseny	1428545	20.4301156	48.1738653
Faudoas	135232	0.9676814	43.8354129
Farrera	346866	1.2956313	42.4802680
Bradley	125747	-87.8340697	41.1700182
Dörpstedt	1157656	9.3570815	54.4324799
Balvano	40653	15.5318708	40.6642651
Fobello	46419	8.1265185	45.9065797
Iretama	297517	-52.0802252	-24.3582094
Cankova	1676374	16.0250594	46.7328475
Ardooie	1337503	3.2051665	50.9851779
Ardooie	1337480	3.2045937	50.9707654
Samaran	125151	0.5311926	43.3924643
Llerena	341342	-6.0424442	38.2339888
Seborga	42663	7.6990141	43.8276181
Jaguari	242329	-54.6594154	-29.4687239
Lapalud	149383	4.6827751	44.3070239
Cercino	46933	9.5081953	46.1624531
Neufeld	935336	9.0666818	53.9254521
Anschau	548034	7.0849554	50.2982206
Gösenroth	1245094	7.3286895	49.8867715
Schladt	1258880	6.8316144	50.0386657
Borbona	42030	13.1420385	42.4924969
Caserta	40940	14.1166064	41.2034834
Bellvei	342341	1.5671184	41.2366079
Radibor	1309632	14.4235759	51.2815783
Charmes	151105	3.3827235	49.6523009
Valbona	339571	-0.8183128	40.2263605
Gamping	5615269	110.3322103	-7.7843143
Eldivan	1647153	33.5135158	40.4931974
Selenge	7302585	104.0867848	49.6436136
Pilcaya	5606151	-99.6239009	18.7157330
Choloma	6055183	-87.9677164	15.6474269
Teziutlán	6037825	-97.3715629	19.8739926
Mishiha	2985730	30.7225994	-3.0731781
Metepec	5606024	-99.5937282	19.2511337
Kibombo	5327787	25.5153326	-4.0993968
Akhisar	1822655	27.8337596	38.9928233
Tokachi	4071435	143.7056806	42.8700470
Mahinog	3283852	124.8875459	9.2109832
Bayawan	3740497	122.8317259	9.4710397
Metepec	5606025	-98.3446974	20.2586957
Almagro	3756440	124.2955838	11.9579690
Tapalpa	5606433	-103.7761059	19.9466634
Catoira	342034	-8.7034490	42.6583214
Władysławowo	3175151	18.4043576	54.7783622
Alsheim	1248686	8.3230974	49.7648021
Kempele	2513124	25.5796956	64.8951892
Marinka	3933979	37.5047752	47.9445463
Moncofa	340485	-0.1550192	39.7956694
Domamil	442127	15.6796505	49.0884684
Fanzara	340181	-0.3127534	40.0164599
Wegberg	51167	6.2381853	51.1457220
Forcall	345173	-0.2141780	40.6558297
Kandern	1130283	7.6408195	47.7032047
Haselau	443186	9.5597043	53.6535949
Takaroa	6062935	-144.9070438	-14.4465478
Ilsfeld	410486	9.2627730	49.0561465
Ferrara	43292	11.8304318	44.7667802
Pětihosty	437116	14.7034305	49.8870267
Grad Nin	5539644	15.1792178	44.2186706
Renchen	452978	8.0192530	48.5886078
Dykanka	3553248	34.5313511	49.8225555
Itarema	302517	-39.8765334	-3.0640001
Östringen	659807	8.7617899	49.1954686
Mataiva	6062918	-148.6803445	-14.8840856
Lesnice	438064	16.9402400	49.8794539
Palhano	302506	-38.0210608	-4.7150000
Arraias	336746	-46.9149334	-12.8195001
Durlach	63399	8.4587092	48.9942725
Lebedyn	3589657	34.4833575	50.5756451
Gardner	1844166	-71.9882973	42.5810087
Ellrich	2400373	10.6933224	51.5928060
Kalasin	1908775	103.6706510	16.6464329
Kaskantyú	1130333	19.4057917	46.6637233
Ardning	50652	14.3659162	47.6052432
Khinjan	6585088	69.0087891	35.4691050
Miyamae	2689454	139.5786716	35.5861039
Oldambt	412348	7.0689823	53.2223408
Pedrera	347729	-4.8919555	37.2031234
Illapel	1591199	-70.9476937	-31.5894261
Haren Gn	1517619	6.5959335	53.1680795
Okayama	3939644	133.8866608	34.7338119
Aremark	406074	11.6873345	59.1859253
Semanan	5802267	106.7024828	-6.1664696
Sawahan	5615441	110.7425864	-7.9273159
Bendung	5615558	110.7145735	-7.8425914
Amakusa	3998266	129.9396635	32.3142825
Iveland	406032	7.9556843	58.4330267
gmina Łyse	3136829	21.5707961	53.3708933
Prunières	76348	6.3303342	44.5457374
Lalling	959807	13.1168768	48.8571846
Keitele	1723579	26.3083972	63.2185725
Allrode	1332255	10.9840682	51.6804174
Kaufman	115450	-96.3073326	32.5670875
Lohberg	959917	13.1033665	49.1585298
Mahates	1448418	-75.1925330	10.1679410
Gablenz	1310516	14.6489667	51.5368407
Bársonyos	1027783	17.9167724	47.5146176
Karrösten	77745	10.7673240	47.2367271
Semelhe	4140541	-8.4644246	41.5493683
Brandis	422924	12.6058195	51.3259794
Atakora	2845850	1.5332640	10.7165280
Wildeck	238967	10.0101423	50.9566166
Karonga	7342879	33.8668120	-10.0848236
Coyaima	1308615	-75.1264316	3.7409886
Seriana	5229467	6.2060814	35.7166340
Langdon	181358	-98.3775143	48.7636190
Tesalia	1342089	-75.7085072	2.5465996
Oradell	170655	-74.0323375	40.9560339
Jomalig	2809054	122.4517823	14.7210140
Zabrane	7267170	28.7966896	50.7450351
Kenmare	181537	-102.0808444	48.6750829
La Penne	1466417	6.9455146	43.9200422
Almagro	2222269	-58.4224728	-34.6098368
Traboch	49975	14.9827802	47.3716110
Carmelo	2757912	-58.2906948	-33.9965421
현충지 (Hyeonchungji)	2073960	126.9766388	37.5018153
Mud Lake	2911478	-119.2399857	52.1243299
Ash Flat	111582	-91.6130680	36.2329344
Mud Lake	2301284	-94.9162558	43.1884209
Lac Rond	1416018	-69.3308253	47.7650943
Lac Rond	1567664	-71.1003897	48.1483458
Lac Rond	1596398	-68.8341273	47.7449906
Lac Omer	1516125	-76.0023941	48.0497278
Lac Lent	1516132	-76.0522667	48.0190014
Lac Rond	1565027	-70.6220650	48.2531072
Lac Gary	2463156	-73.5612511	49.1748596
Lac Humi	3132136	-74.0164951	48.7919055
Lac Rond	6135213	-71.2556304	46.0171542
Lac Rond	1568399	-70.6877246	48.0393334
Lac Rond	1416212	-70.7955133	45.8151238
Mud Lake	3266854	-81.1660574	46.4570127
Usmesjöen	4732400	11.3099878	63.0482769
Mud Lake	2452702	-60.1275050	53.2937803
Big Pond	1755307	-53.3632833	47.5877036
Big Pond	1855770	-55.2790020	47.3838821
Big Pond	1737128	-52.7224791	47.4923665
Big Pond	2873453	-59.2874837	47.6853951
Dam Pond	1915979	-56.0933907	49.7723610
Big Pond	1823721	-54.8185717	49.1178480
Big Pond	1756302	-53.4416837	47.2609313
Dam Pond	1851246	-58.0139329	49.3279503
Big Pond	2616634	-59.7631897	54.7642662
Big Pond	1759981	-53.0116131	46.9707861
Big Pond	1835530	-58.2242184	47.8454673
Big Pond	1780790	-53.9030137	48.5344435
Big Pond	2073572	-54.2431146	48.2751354
Big Pond	1779716	-53.8098724	48.2857317
Dam Pond	1776660	-53.5785827	48.2335155
Big Pond	1766486	-53.3842062	48.5624392
Big Pond	1766237	-53.3835841	48.4700319
Big Pond	1766347	-53.2283708	48.3994342
Big Pond	2036727	-53.9734826	47.8310899
Keitele	444652	26.0269893	62.8863439
Aranuka	3830762	173.6117438	0.2554999
Eikeren	69808	9.9459942	59.6474935
Parbati	2499739	76.5123072	25.6149891
Parbati	2499754	76.5661291	25.3395660
Parbati	2499753	76.6542099	24.9848241
Parbati	2499833	77.0674174	24.6184646
Sauga jõgi	3606054	24.9175107	58.7803158
Mud Lake	1382373	-96.5825501	45.8186004
Maurida	3708119	4.1614093	12.5697175
Mud Lake	911727	-95.4448730	46.9950950
Aki Ward	4090632	132.5874427	34.4043415
Big Pond	2341911	-56.1080423	52.2392009
Fehring	3950309	16.0240212	46.9589167
Mud Lake	376589	-92.5381450	44.5782799
Viträsket	3203075	18.7643675	59.2682904
Kulujärvi	90325	30.6046874	62.7456249
Takaroa	6063052	-145.0734332	-14.5518270
Rocevac	6314839	21.3150093	44.2195888
Obrazda	7202185	21.5477824	42.9897467
Crkvica	7247988	21.7016110	43.0307216
Limeira	297919	-47.3641389	-22.5900001
La Verde	1605691	-59.3808550	-27.1261714
Kacapun	6662732	22.0004245	42.6771834
Jølvatnet	4870868	9.5250015	62.8699432
Lontjørna	4805890	5.0214475	60.3763235
Ylisjärvi	77869	25.7494375	61.9028750
Mud Lake	918331	-92.0286332	46.1351813
Czerników	5718441	19.4271527	52.0448193
Anguera	362287	-39.2275990	-12.1614873
Boninal	362290	-41.6993751	-12.8767803
Dobri Do	7205436	21.4157112	42.9214072
Mirnica	6948919	21.1678461	43.1415302
Ervedal	6440178	-7.8151669	39.0420554
Gimonde	5803675	-6.6914927	41.8082315
Castedo	5717582	-7.1720223	41.2279856
Melides	6444660	-8.7181213	38.1793721
Dobri Do	7273461	22.6628711	43.2026297
Gnjilan	5361049	22.5485832	43.1661142
Silvtjärn	2888365	15.8400198	60.0642514
Shanawa	3707093	6.4740044	13.0965318
Härkkilänjärvi	7275802	23.9032741	63.9453005
Jalanti	299835	23.7596331	61.1627352
Poosjärvi	7837072	21.8698750	61.6574999
Lomnica	6322274	21.4880274	44.1567246
Rukojärvi	2690140	24.0649387	61.6068448
Kansele	6081612	23.6009728	-6.1161931
M'Khalif	2821068	-9.2460180	31.8796358
Radomek	6817856	19.5211605	53.5596541
Øyketjenn	6277970	8.5397484	58.4708281
Migaren	7284412	5.9359622	58.4712624
Mud Lake	2221518	-66.9266901	47.0660643
Lessach	1014077	13.8156977	47.2282750
Mud Lake	1131168	-120.6103326	35.0631467
Sanctórum	1391348	-98.4691510	19.4946075
Big Pond	7525285	-95.2699266	30.0876907
Atafowa	3722265	10.1279230	11.9942157
Barkiya	3711538	7.5408902	12.6599994
Geshere	3709439	8.3885587	10.1493523
Nglaiwa	3698730	10.4583246	12.8956855
Mud Lake	2187837	-93.9820629	29.7728256
Mud Lake	1288341	-121.1727586	41.4971909
Mud Lake	6261126	-122.4515595	48.6641093
Yeh Lake	3253540	-91.6447465	48.5183013
Mud Lake	1284508	-119.7179502	42.1998346
Lac du Rêve	2980088	-74.2597419	47.3510703
Mud Lake	1944192	-85.0952486	46.3184438
Mud Lake	1941208	-85.5757261	46.0923021
Mud Lake	1703180	-82.4268737	45.7864245
Mud Lake	3234241	-81.8394748	46.0328039
Mud Lake	946319	-80.7413133	44.4280990
Mud Lake	1141234	-76.2803882	44.5142373
Mud Lake	2781692	-75.9429382	44.6485036
Mud Lake	1951246	-85.6730033	46.6734208
Mud Lake	1945725	-86.7015262	46.3966298
Mud Lake	7046392	-89.2965651	43.8226008
Mud Lake	3861980	-84.1466156	42.0864815
Ore Lake	6721206	-83.7952850	42.4800917
El Cisne	3651149	-79.4306181	-3.8546590
Pog Lake	2212857	-78.4537383	45.5730617
Mud Lake	4057931	-88.9013319	42.9036976
Mud Lake	1936251	-87.5303941	46.2959284
Mud Lake	5794001	-88.8791110	43.2340283
Imp Lake	136975	-89.0765936	46.2168500
Mud Lake	4120137	-89.2897364	43.4123897
석관동 (Seokgwan-dong)	3883192	127.0614852	37.6078901
Firchin	3708026	4.3654607	12.2493359
Mahuta C	3711727	7.2981286	11.4366830
Bagwaro	3710367	9.1636506	11.3645963
Lac à Patry	553166	-75.6011645	45.6451452
Río Mulato	7161776	-76.6630811	1.1457029
Mashpee	2387632	-70.4697762	41.5828136
Eastham	2387629	-70.0105989	41.8422042
Mud Lake	919182	-91.5222379	45.9574291
Tacares	6927073	-84.3065175	10.0314148
Lay Lake	2098296	-63.1956801	44.9155357
Mud Lake	2065457	-125.5563771	50.1948651
Mud Lake	3480001	-102.2625784	52.1930580
Max Lake	1824261	-98.2661270	55.3735329
Pagnath	5876879	81.8030106	28.8036929
Yakasai	3710790	8.5262072	11.9946876
Kerauja	5322478	84.9898305	28.3414288
Mud Lake	7587990	-81.3731613	28.9903740
Big Pond	7555240	-77.3521715	25.0561320
Mud Lake	407012	-95.9797340	46.3537232
Mud Lake	407136	-95.7497230	46.4435080
Fenglin	3392731	121.4690134	23.7454386
Mud Lake	1021660	-107.6383378	48.4451433
Mud Lake	7815946	-80.9373576	25.1809812
Mud Lake	358959	-107.7592102	37.8979140
Mud Lake	388691	-111.3562004	34.9223923
Mud Lake	933253	-92.8739336	45.1826165
Mud Lake	912470	-95.4602179	45.8576234
Mud Lake	912460	-94.5012227	46.2139507
Mud Lake	400361	-91.6703139	47.9767053
Mud Lake	919170	-91.6222585	45.9410839
Mud Lake	2646870	-91.6520584	45.3679616
I Lagoni	3742707	10.0500871	44.3860435
Lac Howe	1563697	-73.2031441	46.9537233
Lac Rond	2959764	-76.2566188	46.6458242
Lac Rond	900094	-74.8527817	46.0839598
Lac Rolf	196503	-75.4788810	47.1954523
Mud Lake	920236	-92.9262319	46.2068214
Mud Lake	903588	-93.4635721	47.0401948
Mud Lake	133529	-92.0877399	46.4611911
Mud Lake	900627	-94.2997630	47.0222809
Mud Lake	937806	-94.5117975	45.4180745
Mud Lake	936015	-94.5271601	45.5378439
Mud Lake	933273	-92.1632317	45.4629175
Lac Omer	1945190	-68.4171887	50.2065632
Lac Timi	1214637	-68.5576464	50.1579553
Lac Rond	1596637	-69.4421488	48.5273585
Lac à Patry	1593951	-69.7253363	48.3142389
Max Lake	6031337	-89.3727910	49.1452615
Mud Lake	3976926	-80.8522217	48.5857138
Mud Lake	1924745	-97.0454800	43.2962863
Mud Lake	1729880	-98.2142028	45.8208809
Civelek	1773424	34.6490513	38.7918752
Kisecik	1773712	34.4842185	38.9393767
Tamafok	6681756	87.4086026	27.1891801
Devghat	6091561	84.4069065	27.7964571
Dantola	5900753	81.3703457	29.6126895
Bhingri	5868381	82.6885474	28.1541253
Negovac	6654239	21.7558378	42.3777743
Vogance	6649828	21.9227371	42.3414389
Klenike	6649862	21.8842213	42.3869463
Dundalk	7033799	-6.2469522	54.0271440
Mud Lake	6315700	-86.3809720	41.7505003
Big Pond	7062831	-66.3706989	44.2411477
Mud Lake	5135769	-64.3148127	44.7845373
Mud Lake	1542828	-66.3484050	45.4427792
Big Pond	7099142	-59.8733578	45.9465126
Xiegang	4590392	114.1849821	22.9436083
Mud Lake	4042939	-115.3093365	50.7941153
Max Lake	1347097	-100.1385088	49.0622642
Kurozwęki	6526666	21.0964141	50.5945441
Hamulka	6848729	23.2374069	53.6803941
Charmes	150963	6.2802095	48.3820858
Prainha	185568	-53.4524728	-1.9210518
Siderka	6839029	23.4801014	53.5926891
Kunicha	6826892	23.0661969	53.6782028
Amarnas	6661969	-0.6115103	35.0992366
Eufaula	185153	-95.6187982	35.3180755
El Seibo	3422238	-69.0196782	18.7854167
Salamat	3106489	20.7106005	10.5997224
Langdon	2016814	-72.3738442	43.1782688
Zeeland	161155	5.6819786	51.6877856
Saharsa	1568262	86.6044706	25.8392375
Zeeland	134802	-86.0147430	42.8124543
Klubben	5432259	5.0096890	61.6081015
Klubben	7265655	17.3522813	60.7942686
Kola Bay	1284688	33.4062910	69.1114321
Manouba	1435828	9.8336190	36.7624363
Attalla	110777	-86.1205874	34.0043129
Kennard	169705	-96.2031648	41.4741380
Bradley	3764029	-1.0952849	51.1784508
Fyfield	3891476	-1.5792773	51.2259301
Matutuíne	3406086	32.5916503	-26.4514632
Almagro	347966	-3.7372726	38.8852248
Shahdol	1982962	81.5463384	23.4677947
Bradley	238729	-81.2056036	37.8625285
Loch Awe	2598529	-5.2300937	56.2942628
Bradley	185086	-97.7078967	34.8787185
Cochiti	171294	-106.3473911	35.6109219
Serdika	3759441	23.3372949	42.7337580
Raeford	180118	-79.2239101	34.9803434
Oakvale	239900	-80.9730262	37.3315719
Prunières	109755	5.7586725	44.8942420
Maunabo	4467778	-65.9056689	18.0199383
Bogoria	6529504	21.2462946	50.6440929
Gardner	130190	-94.9297590	38.8145159
Kaubi küla	355019	27.1895914	57.5953449
Sector 3	3593454	77.0171447	28.4929275
Saare küla	353382	27.5220317	58.3695903
Konfeld	7754804	6.8368208	49.5560139
Faxinal	7415860	-52.3290851	-31.1613903
Faxinal	7321583	-52.6248100	-28.4465985
El Cruce	4166556	-61.9991454	-33.7289331
Faxinal	7186008	-53.7461287	-28.4885155
Limeira	5684908	-47.3641389	-22.5900001
Anguera	6270947	-39.2275990	-12.1614873
Itagano	7267606	33.4470773	-8.8571050
Kagondo	6787615	31.7715411	-1.3172616
Boninal	6390145	-41.8817074	-12.7601766
Miila küla	354434	26.7153545	59.3197680
Coschen	3529960	14.7150230	52.0160641
Kaubi küla	353683	22.5271227	58.4409684
Sector 3	2825838	77.0438578	28.6076803
Sakla küla	350817	22.8333004	58.9514668
Lilbi küla	353211	22.5642005	58.2837987
Sakla küla	353248	22.8583077	58.3642700
Arase küla	354590	24.4790554	58.6775293
Lohberg	54520	6.7577008	51.5809715
Coulagh	6876655	-10.0074909	51.6520733
Kenmare	6867883	-9.5890262	51.9087772
Hulene B	7019356	32.5939600	-25.9004385
Ervedal	6553532	-7.9082292	40.4336273
Renchen	5744687	8.0003288	48.5940609
Korunková	2321174	21.7596221	49.1989605
Dundalk	7321466	-76.5047306	39.2644908
Arkma küla	355116	25.5966905	58.6742676
Poaka küla	355345	25.5103611	58.8405716
Likavka	2168197	19.2959732	49.1101001
Himma küla	355061	27.0691488	57.9836078
Koela küla	354783	23.7388484	58.9743014
Prainha	6275400	-53.4434716	-1.8151073
Saare küla	353976	23.8358031	58.3697219
7 Nissan	2964527	44.4816594	33.3413050
Kaavi küla	351555	22.1810982	57.9884719
Takaroa	6066730	-144.9070438	-14.4465478
Pataias	6544471	-9.0158612	39.6884945
Argivai	5937227	-8.7322708	41.3758895
Sarseda	6427359	-7.4492011	40.9202974
Markina	6986604	-2.7989809	42.9997482
Corbais	3475590	4.6408286	50.6491686
Betliar	2381124	20.5238155	48.7239051
Sazdice	2217920	18.7951362	48.0839600
Podvysoká	2226186	18.6643741	49.4061452
Perín-Chym	2384677	21.1789398	48.5411164
Killard	6794292	-9.5719592	52.7338060
Blhovce	2274794	19.9404215	48.2715936
Altja küla	351182	26.1097466	59.5796898
Lilbi küla	351429	22.5677421	58.9279434
Centre B	6999780	-7.1135682	52.2590304
Kaubi küla	353306	26.0089979	58.1005377
Centre B	7022228	-8.4771143	51.8992109
Sector 3	3632692	76.9193261	28.3627664
The Leap	6651355	-6.6470520	52.4734027
Pamma küla	354494	22.6091519	58.5011435
Klichaw	6722664	29.3260593	53.4912558
Saare küla	351965	26.2607928	58.3848411
Keeni küla	354744	26.2780009	57.9544203
Barrien	2696495	8.8317101	52.9432624
Kydanci	3167039	25.8682511	49.5730111
Zeddine	2759956	1.8547907	36.1316451
Fithian	126234	-87.8733171	40.1155535
Kien Duc	6661314	107.5054462	11.9970049
Chumali	3167648	25.6546334	49.7035651
Zeralda	241408	2.8316106	36.6973215
Bogoria	6536543	21.5648371	50.5296638
Grandin	181714	-97.0026820	47.2381104
Frannie	252303	-108.6216907	44.9716540
Jamniki	6854074	23.1093815	51.4559122
IJhorst	2696051	6.3002789	52.6478107
Ash Flat	111581	-91.6130680	36.2329344
Łuszczacz	7066481	23.2489183	50.4754295
Gardner	126877	-88.3118314	41.1877524
Desloge	140089	-90.5189896	37.8775084
Ilinden	3759426	23.2875674	42.7125670
Nageezi	171692	-107.7555639	36.2467680
Despard	238683	-80.3167460	39.2881605
Kennard	127338	-85.5228599	39.9056409
Hemlock	135255	-84.2297433	43.4178315
Jugaria	5754491	-8.2115979	42.0992727
Sheffer	4307914	-76.6496662	39.7618420
Silmala	7541843	24.4490609	57.2638188
Jedsted	7142230	8.7197879	55.3924946
Rakitec	6826115	22.4268041	41.5380085
Margari	6451461	21.3547838	41.5358577
Ilinden	6958278	21.5649657	41.9975344
Lomnica	6893322	20.7724144	41.8903618
Buddong	6019842	148.2375884	-35.6570790
Bourbah	5806973	148.1907057	-31.2487138
Gornica	2468244	27.1390492	56.3708987
Chonhar	6697100	34.5481421	46.0298057
Röhrsdorf	414875	12.8370854	50.8630647
Bjerget	7688047	11.8865936	55.4746531
Dolní Nivy	439496	12.6286337	50.2445841
Zawadka	6332632	22.4562546	49.5689562
Ostrowąsy	6229269	17.4775111	51.6034694
Mangole	7220473	125.8305556	-1.8627220
Lembeye	2894031	-0.1335090	43.4672549
Gardner	181554	-96.9686089	47.1427680
Władysławowo	6839131	23.4648723	53.5410927
Aurelia	129047	-95.4357055	42.7130435
Orchard	6586802	-95.9707016	29.5960590
Barwick	119725	-83.7393670	30.8929830
Orchard	169733	-98.2425061	42.3368869
La Parra	345584	-6.6076789	38.5335838
Teachey	179772	-78.0081639	34.7691300
Eppegem	3479498	4.4439973	50.9597644
Leisele	2239347	2.6338336	50.9762422
Hemlock	182460	-82.1544305	39.5906825
Ounagha	2821035	-9.6030047	31.5022990
Altderg	5569334	-9.4865179	54.2321615
Boggaun	4525240	-8.2005549	54.2626333
Mitcham	2396241	145.1995561	-37.8153046
Timacat	5205110	-8.4679686	53.5790581
Killard	3607364	-9.2159017	53.8960928
Corleck	5674911	-7.0456399	54.1671026
Aillwee	4613174	-9.1129376	53.0849161
Kylebeg	4818892	-7.3051488	52.6450360
Kylebeg	5122572	-7.1062984	52.6299283
Kylebeg	5802992	-8.4444496	53.1744274
Corleck	5684709	-6.9985171	53.9731790
Boggaun	5709684	-8.6331723	53.1645147
Killard	4225156	-9.5557146	52.7446193
Limeira	4840611	-53.3430377	-29.3376425
Cuneghi	2323564	11.1009787	45.7803557
Glenfin	5398390	-8.1600055	53.5473431
Ardkill	4226620	-6.9435474	53.3651543
Butiama	5507089	39.2215905	-6.8463232
Ardkill	4637129	-8.6551643	53.9092306
Killard	5485648	-8.5494675	51.9210117
Drumfad	5560041	-7.5538668	54.8767701
Dundian	5351789	-6.9930499	54.3618288
Drumfad	3621589	-8.4667432	54.4108805
Calmore	5117778	-6.7145622	54.8042973
Orchard	2233029	-6.9578417	52.7490361
Kylebeg	4638869	-7.1354530	53.0115319
Bawnoge	4523278	-6.5526844	52.9233125
Wheelam	5492540	-6.8777253	53.2092321
Clonard	5422206	-6.2155854	53.6048903
Conigar	6104272	-8.6997625	52.6452980
Vigaeni	5473566	39.2534334	-6.8028607
Glennan	5372276	-6.9126519	54.3235968
Racoona	6095898	-8.9172338	53.3959528
Anbally	6142268	-8.8946439	53.4201204
Dirtagh	4850562	-6.8873002	55.0845367
Sector 3	3511722	77.1064783	28.7034667
Carmelo	7825391	-43.8312175	-16.7237111
Historická časť	3521013	19.4299731	48.5596111
Gilloge	6343044	-8.5790917	52.6829906
Capucho	4023045	-37.0961360	-10.9143388
Sibbarp	3050089	12.9131000	55.5740527
Aghlisk	4023379	-8.8156998	53.5445554
Coskeam	4677631	-9.0370677	53.0626096
Midhill	2630158	-7.3902577	54.2318991
Caureen	5635240	-6.5289892	53.2076868
Camnish	4834881	-6.9221958	54.9548037
Rackans	5272017	-8.0860439	53.4838203
Bawnoge	5635228	-6.6223085	53.1756968
Lassana	6229135	-8.8544118	52.8651320
Bawnoge	4169141	-6.4914127	53.0660727
Camolin	2541677	-6.4268951	52.6156267
Kylebeg	6192781	-8.1767522	52.1642559
Clonard	4817710	-7.3758748	52.6102749
Leckaun	4451083	-8.2832098	54.2804344
Cloghog	4221909	-6.6519453	54.5414019
Buttaba	5994023	151.5766989	-33.0499031
Boolard	6089314	-8.7622274	52.3246680
Killard	2110504	-7.4460038	54.1893116
Peenoge	5517173	-9.1700721	53.7676341
Finglen	4835777	-6.9042362	54.8026426
Lacklom	5636455	-8.1561189	54.5860155
Bawnoge	4555311	-6.7118292	52.9329917
Meelcon	6266595	-9.4132263	52.5485680
Ballyan	6148812	-8.9950398	52.5547952
Killard	6129236	-9.0523869	52.4785185
Kenmare	6334955	-9.5839947	51.8768106
Drumeea	4547481	-7.1578063	54.7222794
Drumfad	5380008	-7.6369197	55.1685550
Tickera	6614995	137.7386768	-33.7870676
Podvysoká	2226175	18.6643741	49.4061452
Cragroe	6228517	-8.7244326	52.8857675
Arcoona	6249398	137.1034847	-31.1302928
Kokatha	6209210	135.3313973	-31.3290353
Kylebeg	5363167	-8.0743080	53.0343360
Coulagh	5826540	-9.9795952	51.6784218
Aghlisk	4661301	-7.4343951	54.5094302
Coulagh	6231871	-10.0524260	51.9869740
Betliar	2381000	20.5238155	48.7239051
Blhovce	2274596	19.9404215	48.2715936
Likavka	2230304	19.2959732	49.1101001
Killard	5380160	-8.2206269	52.9323104
3e Solon	409703	-73.9034121	18.2702407
Korunková	2321131	21.7596221	49.1989605
Cragroe	6256551	-8.8107909	52.7764219
Kilanas	4511310	114.8658576	4.8696451
Lomnica	2187742	18.4446416	48.8507489
Caroona	6063450	150.4306467	-31.3846258
Campijo	6880184	-3.1470824	43.1527003
Ballany	4232475	-7.2055492	53.7052477
Ballany	4127111	-7.2556191	53.6605677
Sazdice	2217873	18.7951362	48.0839600
Coshkib	4275956	-6.0686975	55.0936796
Kylebeg	4638870	-7.1187555	53.0128260
Snakeel	5307333	-7.5105179	54.0282941
Obere Au	6533598	7.6077411	46.7783697
Barwick	1022383	0.6815579	52.8823630
La Flota	7231034	-1.1212779	37.9948996
Barwick	2871113	-2.6235504	50.9247936
Ardkill	2958519	-8.8200722	54.2466366
Corleck	5676034	-6.7266106	54.0214012
Langdon	2602569	1.3327126	51.1689683
Skeheen	5652588	-8.6678601	53.9058574
Ardkill	5806046	-9.1090123	53.6085661
Bradley	6969573	-2.1868630	52.7625187
Chebsey	6978791	-2.2041688	52.8712775
Eastham	1875201	-2.4885543	52.3025912
Fyfield	5488865	-1.7873565	51.4184211
Kylebeg	5438468	-7.8260761	52.7863184
Boggaun	5483089	-7.8939191	54.0810469
Gablenz	414899	12.9560737	50.8219973
Horní Bory	426790	16.0363085	49.4306626
Foalies	4099584	-7.4346260	54.1403210
Kobylníky	432463	14.0008083	50.2864157
Dolní Nivy	424420	12.6337041	50.2360732
Horní Luby	424364	12.3772519	50.2699194
Antonínov	425809	15.2506064	50.7764445
Lisball	5704740	-6.9442612	53.9376894
Ardonan	5751635	-7.4527456	54.0522852
Cotiara	6464039	-44.1812732	-22.5473011
Boggaun	5435298	-7.7724977	52.8559673
Boolard	3418249	-10.0661075	53.5203603
Kuchnia	6900340	19.3699211	53.4056289
Fyfield	3187205	0.2692975	51.7436310
Cloghog	4814958	-6.7040761	54.6334696
Irekani	4228659	-102.2211928	17.9774894
Leckaun	5651645	-7.0045220	52.1693667
Raneese	4665977	-7.2619394	54.4947129
Östringen	2999360	8.7174613	49.2159808
Skeheen	6114861	-9.1523620	53.6843945
Eschmar	1599400	7.1058396	50.7906836
Lesnice	426152	16.9402400	49.8794539
Leckaun	5559979	-8.1991462	54.1740586
Crehelp	4486229	-6.6397148	53.0645987
Kinkeel	4274609	-6.1925991	55.2805508
Domamil	427968	15.6796505	49.0884684
Garneau	7820868	-113.5135798	53.5198209
Lacklom	5651128	-6.5734748	53.9969359
Elveden	1431758	0.6689624	52.3858869
Meehaun	5386513	-8.1098992	53.5814025
El Cruce	3388900	-60.8994992	-32.9081872
Coonane	5989263	-9.5158837	51.7783478
Nové Domky	424581	12.5268224	49.6947129
Kilpeck	6266506	-2.8207136	51.9589722
Pětihosty	434474	14.7034305	49.8870267
Horoya 1	5579263	-8.8108141	7.7704895
Pantana	7037570	-44.0800300	-20.0211752
Gablenz	7230708	14.6672145	51.5367088
Chlebov	429932	14.7463070	49.2540639
Drumfad	5465395	-6.9680429	54.4681168
Kylebeg	5420764	-8.3083494	52.8835946
Kylebeg	5579603	-8.1395589	52.8161541
Kylebeg	5369146	-8.0786873	52.9654223
Fee More	5378545	-8.1451592	52.9983793
Orchard	2261369	-6.6479486	52.7327355
Skeheen	6194256	-8.2119220	52.2541249
Bookeen	5737580	-8.5567966	53.1454659
Kilridd	2092481	-7.2713844	54.2115449
Lisrace	2092479	-7.2545844	54.2157020
Cashels	4758814	-8.7990656	53.8145498
Scolboa	4161260	-6.1492599	54.7597621
Kylebeg	4575448	-7.4066896	52.8701354
Moreagh	6026251	-9.0690810	51.7055026
Frevagh	3573555	-8.0370059	54.3641513
Dergalt	5293545	-7.4229952	54.8177655
Boleran	4792335	-6.7428982	55.0177141
Kylebeg	6354279	-9.6380798	52.2702887
Ardkill	5129838	-7.2595669	54.9389690
Feemore	5554379	-7.8746911	52.3263994
Nad Šomkou	7227688	21.0916020	49.1121939
Killard	4168160	-7.5145172	53.4013811
Finglen	4869860	-6.9463626	54.8486461
Kinkeel	5331612	-7.5050955	54.0038122
Leckaun	6184324	-9.1208113	52.8635324
Kealroe	5740877	-7.6450093	52.1101655
Hallora	2650016	145.8587932	-38.2743500
Brecart	4179646	-6.4522575	54.7622228
Cleasby	7761267	-1.6166756	54.5023190
Kungala	6069955	153.0286376	-29.9527764
Watagan	6044186	151.2285917	-33.0243660
Brimbin	6063424	152.4758140	-31.8563587
La Cygne	129655	-94.7565832	38.3472480
Czepiec	6132495	19.9231438	50.5278377
Dybawka	6848753	22.6841211	49.7747071
Marches	61040	5.1117478	44.9809580
El Seibo	7400878	-69.0310697	18.7413631
Offerle	130217	-99.5606791	37.8905204
Prainha	7394776	-28.2333113	38.4691989
Cayenne	1663786	-52.4824718	3.8654064
Langdon	129944	-98.3248162	37.8523805
Pascola	141687	-89.8258673	36.2672170
Canalou	141665	-89.6864441	36.7535980
Niangua	141210	-92.8317309	37.3883424
Świerczek	3440629	20.8976102	51.2508151
Wyżnianka	7641763	22.1306950	50.9311972
Gardna Mała	6436456	17.1567293	54.6204518
Kennard	6603620	-95.1837806	31.3517295
Zawadka	7083692	22.8265706	50.3973630
Grabowa	4398215	20.0303353	51.3918823
Grochotów	5860423	16.3657191	50.9009491
Castedo	4204540	-7.4531413	41.2261650
Prunières	111911	3.3279705	44.8184904
Herreid	195111	-100.0705104	45.8393665
Bradley	194727	-82.2458095	34.0375404
Gaastra	134495	-88.6066134	46.0565765
Skawica	3300832	19.6381461	49.6549063
Grabowa	3659926	18.6357211	51.0737091
Bradley	6603563	-93.6565898	33.0995350
Brienen	3301014	6.1519953	51.8212979
Neufeld	6399496	7.4097926	46.9613136
Zawadka	3471622	19.8498338	50.3220173
Grabowa	5656715	19.4721635	50.3859002
Zawadka	3523306	19.4762634	49.8526734
Mud Lake	121306	-112.4842532	43.8439179
Zawadka	6091390	20.6119233	49.6925325
Grandin	140913	-90.8254850	36.8304219
Pachten	5374354	6.7129873	49.3665034
Grabowa	6519767	21.1897922	50.4247991
Kalinas	6741234	25.2830567	54.8088546
Grabowa	3761827	20.7703795	51.5051036
Orchard	128638	-92.7748820	43.2273835
Ter Aard	1433682	6.5472524	53.0284201
Zeeland	181663	-99.8327154	45.9725845
Charmes	124934	3.2499087	46.0828401
Damiany	6203266	19.9654844	50.6546608
Zawadka	6933534	21.6995353	49.9373984
Terrada	5765406	-8.3860681	42.0565267
Sector 3	3864796	77.0554788	28.7844272
Lohberg	7014130	9.9616809	51.5232441
Sector 3	3886792	77.2208802	28.7030233
Sector 3	3656843	77.1818721	28.5546051
Alppila	185377	24.9412576	60.1906242
Perín-Chym	3323651	21.1910636	48.5353648
Valinha	5768346	-8.3832945	42.0723998
Além do Rio	6301786	-8.5116832	41.4673063
Allrode	3150490	10.9684074	51.6781488
Valinha	6015602	-8.4940626	42.0227655
Vedhamn	7162692	18.4682702	59.2381430
Valinha	6595165	-8.6805221	41.9439750
Valinha	6594095	-8.6271654	41.9526297
Langdon	4636884	-76.9758354	38.9241946
Orchard	2013320	-81.5898040	28.5395274
Lavardi	3713251	11.2405749	46.4083011
Ellrich	937482	10.6628366	51.5868630
Sołtystwo	3524213	19.6511935	49.9092957
Neufeld	3325372	7.6108531	46.7401281
Le Maroc	4236562	3.4414415	50.4861459
Hanstad	5478079	11.5758797	60.8595578
Mud Lake	6755198	-98.8522907	47.2164432
Kaibito	7845863	-111.0962432	36.5792497
Mud Lake	5385573	-112.3851240	43.8883213
Sector 3	3663032	77.2241996	28.5184574
Alberti	5815668	-60.2824018	-35.0373823
Lagomar	2534969	-55.9853917	-34.8355973
Röhrsdorf	6524038	12.8214327	50.8647395
Charmes	152622	5.3491938	47.3700470
Grabowa	3897501	20.5626419	51.4291041
Bradley	194890	-97.6419197	45.0901440
Świerczek	3422680	20.9107487	51.1622200
Wanchaq	1925317	-71.9542395	-13.5303077
Charmes	2912588	5.3548540	47.9223289
Zawadka	5117485	19.8991842	49.7645292
Zawadka	6031834	20.2904194	49.7488965
Gierałcice	3963284	17.3210658	50.3383732
Masisea	1922009	-73.6643746	-9.0105072
Locumba	1874330	-70.7286128	-17.6075651
Samegua	1875910	-70.8370149	-17.1534164
Bimenes	345849	-5.5670832	43.3252064
Huancas	1973501	-77.8828797	-6.1562407
Liceras	343855	-3.2349142	41.3921509
Big Pond	3368597	37.5808861	55.7630199
Díszudvar	4022680	16.8721473	47.6211662
Amghras	3534192	-8.1722990	31.2140487
Trung Hưng	7148208	105.4845209	10.1632985
Salvage	2863000	-53.6729448	48.6757948
