Belgium	52411	4.8542695	50.5243338
Dresden	191645	13.7383757	51.0762894
Atlanta	119557	-84.4215481	33.7676720
Jalisco	2340910	-103.2173493	20.8380573
Cremona	44189	10.0327181	45.1365492
Périgueux	76351	0.7146051	45.1937962
Shimane	3346137	132.8370972	35.4297710
Carency	1147213	2.7045674	50.3807500
Cuffies	74020	3.3191209	49.4084224
Angiens	1613214	0.7983115	49.8337559
Bihorel	2739991	1.1304937	49.4633262
Catenay	3007324	1.3263681	49.5092260
Combles	3350111	2.8729972	50.0085863
Arbonne	166760	-1.5588648	43.4202777
Barnaul	1550512	83.7228388	53.3347527
Gathemo	975768	-0.9668636	48.7707322
Cherval	145214	0.3876678	45.3904821
Hordain	55826	3.3309180	50.2611755
Argancy	106798	6.2086172	49.2002117
Rahling	90334	7.2351226	48.9965375
Budling	2427626	6.3443928	49.3466796
Devecey	117037	6.0183833	47.3232400
Hegeney	91910	7.7369646	48.8892843
Bourcia	140203	5.4093167	46.3387967
Saint-Sève	399746	-0.0244394	44.6081657
Kericho	3486288	35.2261275	-0.3209968
Sabalos	2442164	0.1448559	43.2841442
Palante	161320	6.5843439	47.6642876
Houécourt	938776	5.9072645	48.2919918
Beaunay	2725599	3.8830981	48.8772969
Cramans	158779	5.7877205	47.0069376
Samatan	125551	0.9238596	43.4925979
Lagnieu	146722	5.3182118	45.8862885
Blannay	3334021	3.7638046	47.5342430
Amanlis	106687	-1.4951727	48.0018614
Bondone	46166	10.5720589	45.8044883
Burbank	3529574	-118.3257595	34.1823485
Lieurac	2062310	1.7909739	42.9822992
Crancey	1828439	3.6329923	48.5192270
Bellino	43294	6.9908259	44.5823379
Formiga	314955	-45.5084693	-20.5230001
Balzola	44377	8.4119278	45.1859136
Jallans	1753438	1.3849684	48.0773140
Masclat	123247	1.3811159	44.8313784
Zabalza	343432	-1.8016259	42.7673708
Oberhof	1270650	10.7256643	50.7011957
Battuda	44594	9.0655207	45.2717823
Tradate	45779	8.9192533	45.7161748
Itaobim	315385	-41.5243298	-16.5805922
Muñotello	340269	-5.0331451	40.5456541
Hinojal	346293	-6.3563988	39.7001498
Mangone	39844	16.3143380	39.2101043
Naillat	119377	1.6538522	46.2586727
Estagel	1920758	2.7029239	42.7643226
Bukombe	1600773	31.6300764	-3.7486518
Segarra	2815579	1.2924890	41.7417876
Bordano	179188	13.1008303	46.3273342
Almdorf	1567454	9.0188837	54.5830741
Casteil	2913877	2.4277043	42.5039245
Geilnau	537142	7.9188671	50.3552227
Bornich	539913	7.7661961	50.1296963
Liscate	45085	9.4145979	45.4722583
Rogatec	1685741	15.7374173	46.2376477
Coaraze	179562	7.2977581	43.8691921
Razkrižje	1685740	16.2764747	46.5188017
Berente	1428421	20.6717780	48.2394106
Besdorf	448762	9.3670943	54.0547287
Gorlice	2890013	21.1634842	49.6663323
Gorlice	2891493	21.1634842	49.6663323
Sinagra	39516	14.8513432	38.0833787
Picanya	346848	-0.4315108	39.4326488
Franken	393262	7.3511111	47.5942398
Ersfeld	418137	7.5141710	50.6959445
Champis	1578712	4.7560282	44.9566931
Saonara	44828	11.9833640	45.3752421
Perobal	297522	-53.3065853	-23.9561314
Duppach	1074557	6.5511193	50.2609193
Bioglio	45437	8.0533441	45.6938880
Rechlin	1424143	12.7963781	53.3668182
Lakhegy	1357197	16.8285876	46.9550156
Ochakiv	3132597	31.5347305	46.6221098
Mandern	1256077	6.7600003	49.5979797
Zemgale	1775647	24.6758514	56.5245142
Pescate	46245	9.3962804	45.8323811
Paktika	1675047	68.6593422	32.5085894
Follina	46536	12.1209856	45.9616223
Solagna	1651607	11.7208474	45.8400077
Niaogho	5256104	-0.8269657	11.7270822
Kubinka	1829018	36.7049458	55.5653848
Cremona	43893	10.0370379	45.2208640
Arcueil	103967	2.3349710	48.8050484
Cingoli	42423	13.2484008	43.3914966
Scordia	39218	14.8516300	37.3023116
Duitama	1308647	-73.0692198	5.8974310
Arpaise	41021	14.7433864	41.0255286
Schwaan	394336	12.0647293	53.9379055
Fiumara	39585	15.6983388	38.2142010
Benissa	345268	0.0369482	38.6967284
Bindura	5596168	31.2995782	-17.2425183
El Roble	1324944	-75.2086647	9.0790739
Vanegas	5606589	-100.9481625	24.1434855
Menashi	4069625	145.4193050	44.1893479
Menemen	1268484	27.0888358	38.6283728
Saas-Fee	1685362	7.8993779	46.0861384
Berrobi	347117	-2.0292648	43.1450916
Liminka	2525813	25.4317607	64.6767871
Vallila	185781	24.9506708	60.1952410
Linnich	158394	6.2826604	50.9797163
Qitaihe	199174	131.2708928	45.9589601
Felsőjánosfa	1131461	16.5599446	46.8547948
Wayanad	2018203	76.1191251	11.7152190
L'Alcora	344298	-0.2310528	40.0698707
Matrice	41413	14.7153827	41.6273356
Mansila	6199322	0.6077783	13.1458845
Aldrans	83319	11.4852596	47.2363664
Pětikozly	441972	14.8133064	50.4130622
Vicchio	42720	11.4845003	43.9533910
Bondeno	43702	11.3825373	44.8963457
Erkheim	968910	10.3403706	48.0562439
Buttstädt	2410080	11.4069171	51.1158689
Kingman	5335775	-113.9992451	35.2311890
Gransee	1310097	13.1666335	53.0618234
Ephrata	187692	-76.1718900	40.1811459
Matmata	2805330	-4.4799266	34.0981518
Oechsen	2889820	10.0674564	50.7342807
Ahausen	965596	9.3170622	53.0508737
Puclice	439195	13.0104112	49.5601137
Kolinec	438197	13.3975688	49.3060240
Nanumea	4675883	176.1270463	-5.6817542
Windeck	173115	7.5827513	50.7904205
Le Houga	76183	-0.1875984	43.7729604
Kozojídky	441123	17.3912985	48.9203031
Oderaue	1332914	14.1746489	52.7813090
La Ronde	116768	-0.7887845	46.3023316
Rakvice	442296	16.8224585	48.8576136
Juranda	297644	-52.8550294	-24.4035000
Wasbüttel	1357688	10.5944716	52.4124066
Heemsen	1183269	9.2744441	52.7190195
Mineola	174445	-73.6397693	40.7485074
Sailauf	379882	9.2592132	50.0292070
Berolle	1684850	6.3296218	46.5680267
Kinheim	1258634	7.0498345	49.9842196
Menorca	2182003	4.0529515	39.9491869
Saltdal	408203	15.4926712	66.8809541
Shimoda	4674472	139.0007727	34.5693067
Kasugai	4551415	137.0136976	35.2777925
Kanoman	5615565	110.1711677	-7.9217591
Gotakan	5615536	110.1584033	-7.8921075
Klender	5802359	106.9104041	-6.2191354
La Pilar	4607663	-68.1719910	-47.0083973
Cameron	5501194	-68.8298577	-46.3805730
Chirpan	1356218	25.3701886	42.2335385
Masindi	3497974	31.7738260	1.6917383
Cameron	6584701	-96.9699291	30.8645875
Opelika	110734	-85.3878561	32.6549839
Vorbach	1059467	11.7628935	49.8141259
Safford	6835385	-109.7237121	32.8200315
Caribou	132495	-67.9935936	46.8669449
Il Campo	5965021	11.3315734	43.3184669
Seengen	1684424	8.2096583	47.3292187
Cameron	180019	-79.2571640	35.3259859
Mötzingen	722072	8.7842097	48.5356148
El Peral	343302	-1.8884128	39.4855791
Griffin	119764	-84.2761614	33.2430169
Boticas	4022984	-7.7496912	41.6872286
Wareham	2387533	-70.7040102	41.7571427
Careiro	332515	-60.1446862	-3.7465000
Périgueux	3256264	0.4608844	45.1670571
Bonames	4206766	8.6640965	50.1823540
Guercif	2759217	-3.3469748	34.2358086
Colonia	1650769	-57.6027172	-34.1203518
Seewald	935835	8.4656640	48.5777105
Burbank	123136	-87.7704240	41.7454510
Cashion	184299	-97.6829338	35.8029184
Basedow	1427277	12.6875450	53.6884024
Guayama	4467974	-66.1465019	18.0179593
Crandon	251663	-88.8973675	45.5691594
Deville	3258024	4.6915801	49.8757004
Barchov	439026	15.5703704	50.2043832
Eco Park	7072029	88.4688530	22.5986733
Bassein	2870451	34.4041343	27.9636486
Vianden	1337084	6.1996443	49.9389220
Tamatam	3823296	149.4297127	7.6374275
Lac Viau	932895	-78.6356849	46.4573672
Haneven	1176465	5.0740163	51.4966489
Bankven	1176424	5.0739321	51.5050880
Svintjärn	56227	12.2793049	57.5932027
Obersee	32367	8.8415875	47.2086080
Acklins	3772879	-74.0606831	22.4145000
Nanumea	3766584	176.0999079	-5.6749084
Sabiyal	3708134	4.4299559	12.3909333
Savinac	7207633	21.6733850	43.0064968
Koedood	1927124	4.4716295	51.8534534
Aji Pond	4816938	135.8079936	34.8893075
Waldsee	2888805	14.6509483	51.5211037
Svinasjön	2403530	14.5507264	57.2332087
Gaustjønn	6186563	8.2174826	58.2369162
Leego järv	4485968	27.2807839	58.3686130
Nääringinjärvi	2530269	27.6844006	61.8752862
Brambor	3045246	17.3835642	49.4960967
Curinac	6314834	21.3597211	44.2309431
Knezica	7292068	21.8746310	43.2571353
Dubrava	7199584	21.6454902	43.0559266
Soderce	6656234	21.8577421	42.5516636
Starsjøen	4116134	8.0176904	60.9711611
Kittesjön	2382613	17.0040406	61.9210483
Helgern	2068230	10.7103159	60.0837229
Pastuchów	5940473	16.4394270	50.9416256
Bociany	5408147	19.3947492	52.2933332
Bednary	5781582	20.0563535	52.1064552
Floreal	297913	-50.1402167	-20.6405000
Waldsee	72134	7.8200460	48.1043732
Waldsee	3295222	8.0714066	48.2591779
Dubrava	6948887	21.2569963	43.1730141
Krcmare	6948840	21.3152453	43.1311174
Vrbnica	7480968	19.7932302	43.1515031
Resinac	6969978	21.4677458	43.2662698
Zagórzyce	6413081	20.5613884	50.2778281
Adorigo	6425103	-7.6080414	41.1474601
Cimbres	6333865	-7.7020035	41.0484543
Gosende	6338922	-7.9242827	41.0004388
Bakonya	575171	18.0785371	46.0879054
Ragodes	7273548	22.4963688	43.2698077
Zagórzyce	5975580	16.5560365	51.2674875
Bagnsko	7811932	16.1025951	52.7903121
Jelenin	6405511	17.0385145	50.8583937
Knezica	6314278	21.4366350	44.4006530
Savinac	6352506	22.0416640	43.8940242
Wincentów	3188600	21.4538407	51.4455841
Sjösmyrsjön	7259087	16.4555381	61.8943269
Varadin	7204787	21.4819771	42.8459116
Bikenis	3116270	24.7810145	55.6933502
Waldsee	6866	7.8769061	47.9828195
Mungadi	3708121	4.1471881	12.1273636
Kantoga	3703406	9.3638996	11.4840602
Makurda	3711748	7.7984789	13.0426588
Bow Lake	2951566	-122.3544166	48.5870921
Meishan	6828760	118.1728996	26.6495408
Toe Lake	3887669	-83.2346459	47.6072880
Bow Lake	902077	-77.9390147	45.0115271
El Valle	3693191	-78.9676645	-2.9461932
Daurawa	3710423	8.5552321	11.9669816
Mairari	3698708	11.9804835	13.0690838
Obersee	3304439	15.0768141	47.8045864
Sirika B	3711814	8.1320868	12.9729319
Sabuwa B	3711798	7.0965464	11.1880821
Indanza	2676493	-78.4736510	-3.0360374
El Roble	6148191	-84.7418172	9.9771979
Paw Lake	2768111	-129.1256053	55.8926853
Cup Lake	2913253	-118.8818251	49.5820108
Wailare	3710778	8.5353134	12.2806088
El Altar	3728519	-78.4401233	-1.5478939
Pathera	6659428	85.1175745	26.9710924
Mugraha	4663578	81.6762353	29.0823043
Koerich	407858	5.9590540	49.6677500
Mompach	569740	6.4479445	49.7522525
Vallata	41008	15.2768811	41.0334903
Mairari	3721397	13.4310271	12.7509826
Gwaraji	3709454	7.7517565	10.5913190
Dazigau	3698626	10.9565469	11.7378268
Borlang	6098606	84.7468680	27.9759258
Kushaha	7594792	86.5579974	26.6849325
Bhutahi	7594603	86.6043199	26.4999034
Tilahar	5781076	83.7436387	28.2616381
Khewang	6666334	87.9066546	27.4038123
Somdiha	5983263	82.9765897	27.4769633
Sauraha	5984230	82.9987725	27.5318175
Semalar	4593256	83.3983536	27.6680847
Gihombo	3973069	29.2436271	-2.1987196
Jingnan	6488171	111.0964096	23.7232117
Bow Lake	400353	-91.1716251	47.9607375
Toe Lake	400619	-91.1030396	48.1096517
Kunda jõgi	1334233	26.6555753	59.2337402
Rim Lake	4134436	-87.8668716	49.2778122
Ømmervatn	3363846	13.4122230	65.9904848
Rajdevi	6823461	85.3292054	26.7701774
Canelos	2676633	-77.7305932	-1.5820285
Choubas	7701967	85.7749834	27.6309677
Mamling	6682725	87.3349220	27.2363306
Semberg	1077547	10.8326570	49.9579547
Obersee	2268157	12.4332506	52.9920457
Tapoban	5903568	80.7916506	29.7598801
Fulbari	6702895	86.2963943	27.3359725
Maulali	5894750	81.0119650	29.5024058
Kalwang	49967	14.7561721	47.4375155
Pelekas	6664313	23.7730794	53.9998030
Obersee	2557494	10.6774725	47.5616703
Gashora	1727940	30.2498686	-2.2376526
Vinicka	6371042	19.6311257	43.3174008
Il Lajet	2709700	7.3966732	45.5038698
Obersee	3168629	9.8803229	47.7996439
Xiao Chi	4488254	110.8051555	34.9163099
Obersee	312543	13.4892407	52.5485495
Bow Lake	349566	-71.1809213	43.2487555
Bow Lake	6403766	-116.4494534	51.6646629
Ergisch	1685299	7.7299802	46.2527121
Basedow	1467754	10.5800793	53.4214493
Cukalat	1252285	19.7947436	40.7158661
Gudebsk	6839132	23.4773391	53.5418607
Purbach	78747	16.6868994	47.9257508
Atlanta	3507044	-94.1582825	33.1152840
Escalon	112342	-120.9897110	37.7900985
Neemuch	1950092	75.1828399	24.6448188
Barchov	440109	15.6824405	50.0020095
Menorca	6076061	4.0529515	39.9491869
Mesterøya	5928019	18.9285454	69.3213951
Inishee	4068396	-7.8462339	54.2882748
Seno Unión	6381794	-73.5173615	-52.1039501
Charrat	1685288	7.1406365	46.1219575
Oeffelt	1435524	5.9326734	51.7001468
Olginka	1633509	38.8885115	44.2026082
Klekacz	7064505	23.5415852	50.4675658
Grindel	1683512	7.5089846	47.3793590
Handley	240027	-81.3667437	38.1867394
Velké Hydčice	438295	13.6826085	49.3071553
Ephrata	237821	-119.5337217	47.3102321
Naplate	123478	-88.8776418	41.3324129
Tinhela	4197875	-7.3028023	41.7139455
Lamares	4202145	-7.6291636	41.3279827
Dochowa	6202730	16.6765084	51.6195943
Waldsee	422702	8.4457551	49.3954126
Nahirne	3945128	38.2424495	48.7396732
Dresden	182449	-82.0118871	40.1209544
Baktiya	5461558	97.4078896	5.0720753
Meishan	2794597	120.6767518	23.5475269
Vinkega	272209	6.1201708	52.8713524
Indra küla	352083	27.2877185	57.7707611
Kolga küla	354623	26.9094540	57.7652705
Võivaku küla	352345	25.6176833	58.4880187
Matka küla	353848	26.9965168	59.3961438
Thailen	7754803	6.8319438	49.5344642
Kehrigk	76195	13.9422997	52.1518204
Lubja küla	351055	24.8648031	59.5216766
Paasi küla	353021	26.1459010	59.5248019
Poço do Boi	6199614	-37.0148895	-8.5283830
Cimbres	6199348	-36.8127999	-8.2814321
Saate küla	351783	25.4198207	58.0465268
Zemgale	7804150	23.5534865	56.5811719
Barnalu	6710741	86.5345852	27.3459050
Põrsaku küla	352555	24.9036291	58.9637073
Lalli küla	354703	25.0206507	58.8752042
Pihla küla	355620	22.5162801	58.9813132
Dollgen	3548779	14.0404469	52.0099595
Kolga küla	352448	26.5613046	58.2632837
Ramma küla	354327	26.0243267	59.0310138
Lauka küla	352733	22.5283727	58.9604261
Kihme küla	353393	25.7062141	59.0729689
Fulbari	6083686	84.3654075	27.6408826
Prietržka	2193419	17.2098566	48.8053482
Schwefe	3498310	8.0311353	51.5809348
Kolga küla	354274	22.7246844	58.8497303
Alswede	1335591	8.5626280	52.3343371
Sector 5	3593544	77.0183125	28.4772085
Neemi küla	355054	23.1126045	58.4750712
Kurjace	6305240	21.3326791	44.7214351
Franken	376520	13.1103568	54.3014601
Careiro	6255839	-60.1446862	-3.7465000
Tamghas	5776713	83.2476758	28.0679159
Poama küla	354278	22.3490780	58.9308904
Kargi küla	352311	22.0867075	58.0153541
Shuicha	1226689	115.0990006	26.5341620
Gemunde	5923259	-8.6386058	41.2690659
Itambo I	5837339	27.4372188	-11.6495479
Veľopolie	2322608	21.9672774	48.9993058
Kambove	5834202	27.5407111	-11.6292836
Vrbnica	2386575	21.8769301	48.6858005
Osiedle	6978678	15.5077562	51.1349309
Šimonovce	2274750	20.1216590	48.2827430
Ziebigk	2099416	12.0815117	51.7072416
Kilmeen	6897051	-9.2034314	52.1954862
Derreen	6796244	-9.3019928	53.0824229
Lalli küla	353629	23.3491807	58.6275250
Sector 5	3632902	76.9267238	28.3673537
Vrbnica	6308469	21.2967131	44.4706437
Sector 5	2824722	77.0566944	28.5974079
Waldhof	2801091	8.5022972	49.5317068
El Pinal	3906461	-75.5453421	6.2443820
Derreen	6864416	-9.3197280	52.1925146
Loughea	6797882	-8.7582220	52.9766532
Lalli küla	354608	26.7728601	58.2362659
Sõreste küla	354066	26.9223816	57.9756506
Poljana	6308399	21.1733707	44.5272243
El Valle	6036535	-74.8102406	10.9662458
Mineola	114501	-95.4928221	32.6684470
Uleniec	6630074	20.7843168	51.8720172
Iżykowice	6430824	20.3151412	50.3937458
Cameron	140735	-94.2363472	39.7417294
Meixide	2198380	-7.5995424	41.8083559
Kellogg	121220	-116.1473554	47.5366625
Atlanta	126199	-89.2339193	40.2654994
Plichta	6879679	20.0769723	53.7395224
Golanki	6894470	22.1771702	53.4769074
Zapieka	6907360	20.1038731	53.5185363
Radoska	4638232	20.2741669	51.0605387
Leonard	135052	-83.1420649	42.8653660
Kimnata	3167138	25.5338677	50.0852046
La Villa	6587484	-97.9272499	26.2954750
Cameron	132276	-93.2945522	29.8128685
Kingman	129928	-98.1085597	37.6481449
Cameron	239867	-80.5741770	39.8288705
Cameron	251782	-91.7421531	45.4073482
Kwadijk	1373198	4.9857122	52.5321818
Siucice	4605562	20.0290783	51.2586470
Ghlibiv	3166847	25.9800684	49.3462819
Wodnica	6432408	16.8577047	54.5555825
El Marsa	157462	3.2484512	36.8058379
Bay Hill	1121983	-81.5096573	28.4644517
Ainslie	6827849	149.1461349	-35.2632633
Werejce	6847569	23.2480054	51.2718605
Belgium	126227	-87.6303565	40.0605270
Wincentów	4456392	20.3685683	51.1428874
Pielaszów	6553266	21.5712389	50.7605009
Alburgh	3075816	-73.2857480	44.9317885
Pandora	183353	-83.9557017	40.9463000
Hillohe	7577882	11.6038055	49.3503516
Birkhof	3424708	9.9442550	48.8687913
Karakol	7530137	85.8987100	57.2572687
Nahirne	7418433	29.5917526	47.5727656
Mogilla	6055712	149.5750497	-36.7075022
Kalkite	6017133	148.6423960	-36.3338258
Sandigo	5878726	146.6649818	-34.9050450
Naleyka	3553126	47.4894205	53.5589251
Makadru	3303857	179.7351837	-19.1736332
Melenki	1695342	42.9871048	55.9445864
Oberhof	7387244	12.2697947	49.1880046
Ermegil	6589959	-8.5959447	42.0457538
Flasher	181497	-101.2340921	46.4524644
Bohdany	7317511	30.2498020	51.0299228
Graford	113938	-98.2478639	32.9366080
Beasley	6586765	-95.9159979	29.4941149
Hillman	134978	-83.8955832	45.0625225
Leonard	181557	-97.2515433	46.6510980
Kewanna	127569	-86.4132021	41.0179855
Jeffers	136951	-95.1953092	44.0557674
Kerkera	6543291	6.6174712	36.9144438
Belgium	252009	-87.8449217	43.5040945
Hillman	137893	-93.8884964	46.0075914
Celeste	113827	-96.1948774	33.2914395
Atlanta	127406	-86.0272199	40.2120024
Turna Duża	6783768	22.8888336	52.3772720
Podraje	6488071	20.8353025	50.2929204
Kingman	127463	-87.2806546	39.9666410
Atlanta	135267	-84.1519702	45.0047575
Malcolm	169589	-96.8645750	40.9086634
Zagórzyce	2983064	16.5560365	51.2674875
Atlanta	130165	-96.7669024	37.4344549
Kellogg	137053	-91.9993919	44.3069089
El Eulma	1617600	5.6979572	36.1650999
Burbank	183137	-81.9938277	40.9859316
Obidowa	4572905	20.0553064	49.5445468
Nienaszów	6921373	21.5927346	49.6222343
Bednary	6909479	17.2153992	52.5314827
Wincentów	4436008	21.1576627	51.9385903
Sierzchów	4429852	21.1184043	51.9882862
Griffin	127841	-87.9145665	38.2041145
Lubecko	6922929	18.6479722	50.7024737
Waldsee	1948660	7.8896779	47.9911444
Oberhof	1684386	8.0083524	47.4420831
Cameron	185144	-94.5365156	35.1355774
Kellogg	128535	-92.9083358	41.7185254
Burbank	237414	-118.9713769	46.1982716
Dresden	175837	-76.9570905	42.6827894
Tamaroa	126982	-89.2277078	38.1370494
Churdan	129190	-94.4810197	42.1532184
Helkijn	961192	3.3800831	50.7362721
Mifflin	189060	-77.4030737	40.5672074
Dresden	130085	-100.4187659	39.6191250
Burbank	184989	-96.7283802	36.6964615
Leonard	6571652	-96.2462440	33.3804250
El Valle	347323	-3.5856243	36.9248213
Mifflin	182561	-82.3639301	40.7742834
Leonard	137605	-95.2680987	47.6507360
El Marsa	4813524	0.9632713	36.3992325
Dresden	197222	-88.7027376	36.2801192
Millard	141372	-92.5459831	40.1073339
Foghill	5740043	-9.2483867	54.2641079
Goladoo	5627681	-8.0346681	54.7177700
Derreen	4119020	-8.6998218	53.4487330
Derreen	6144043	-9.1157524	52.0583245
Cyncoed	6231228	-3.1717715	51.5177513
Brenken	5530848	8.5878517	51.5897525
Derreen	6110131	-8.8496297	52.6200542
Cuppage	6221050	-8.3232510	52.1925055
Barnora	5554224	-7.9071726	52.3831743
Derreen	5170626	-7.3777371	52.5852371
Derreen	5120999	-8.3891818	53.6568834
Sladran	5517784	-7.4387693	55.1847223
Cooleen	6051244	-8.6842472	52.4501879
Shanrah	5674091	-6.6603403	53.9493282
Kilduff	6335954	-9.6087615	52.2895124
Kilduff	6144340	-10.0072928	52.1857929
Lavaran	3562636	-7.6927188	54.5106875
Arlands	5594716	-8.4344188	55.0030991
Ardgart	3861496	-7.9969054	54.4578226
Ardgart	3570220	-7.6058743	54.3838321
Pallien	5776433	6.6248523	49.7719444
Ramaket	5416104	-6.8751664	54.3595207
Derreen	4661112	-8.1090182	54.0041584
Cloonee	6089863	-8.8759431	52.3019919
Kilduff	4189768	-7.3216799	53.3447700
Derreen	4203723	-7.2618725	53.1862845
Itzbach	5374349	6.6738973	49.3508713
Cloonee	2324731	-7.8059850	53.9022189
Rathlee	4251860	-9.0360592	54.2755602
Sector 5	3512855	77.1076880	28.7183155
Derreen	5365884	-8.0281968	52.9914628
Kilduff	5438464	-7.8978769	52.8287039
Derreen	4277695	-9.4286386	52.9497100
Derreen	4613244	-9.3036858	52.9769913
Kilduff	5749987	-7.3227383	54.0720720
Eshmeen	2631193	-7.3477417	54.2660850
Lea More	4156922	-7.7160669	53.2509826
Harling	1022654	0.9198735	52.4259975
Derreen	4729235	-8.7286109	53.0343002
Derreen	6121267	-9.4176059	53.9882921
Derreen	3413801	-9.6402951	53.5434566
Fihoges	2338577	-7.8681039	53.7329704
Lebally	2922959	-7.4987802	54.3079314
Cloonee	6161501	-9.3227631	53.7163190
Cloonee	4142229	-8.4735904	53.7006277
Barcull	5820483	-8.8224277	53.8948389
Mangans	4509481	-6.4580327	52.8161727
Cooleen	5607882	-8.0415341	52.7639015
Derreen	2177295	-7.8670450	53.8759302
Derreen	4789488	-8.4025774	53.8463898
Ashhill	5535696	-7.7962828	52.5964951
Boneill	5475468	-7.9169127	54.0357298
Derreen	6235123	-8.9137923	52.8064254
Derreen	5479193	-7.9146151	54.0583030
Sheshia	4613137	-9.0716333	53.1122820
Derreen	6173713	-8.7627146	51.9138931
Münzingen	6969015	6.4620997	49.5364578
Clologe	2473594	-6.4443360	52.6027647
Derreen	6321540	-9.3374261	52.1827743
Cloonee	6133307	-9.0665950	53.4895438
Derreen	6233508	-10.0144578	51.9155611
Brehaun	6137228	-9.0282995	51.8966223
Kilmeen	5887531	-8.4984044	53.2113841
Scor Beg	4832587	-8.2926999	53.8716341
Krokslätt	1517118	11.9943712	57.6868373
Derreen	6140965	-9.1548522	51.8548317
Cooleen	6137165	-9.0792774	51.8664913
Cloonee	6083860	-9.2318785	53.6652487
Bompard	6598064	5.3617527	43.2802011
Prietržka	2193399	17.2098566	48.8053482
Main Arm	6069998	153.4282180	-28.5081349
Derreen	5763616	-9.2222425	53.8195731
Kilmeen	6029473	-8.9809859	51.6760730
Planeta	1875599	-40.3963418	-20.2944013
Derreen	4267636	-9.3954556	52.7905959
Goladoo	3561705	-7.6115695	54.5131439
Derreen	5764174	-9.9595708	53.9023052
Derreen	6231343	-10.2381831	51.8945779
Derreen	2226649	-7.9623187	53.9359567
Ash Hill	6002446	-8.5826767	52.3973225
Derreen	3434095	-10.0561892	53.5012899
Cloonee	6227218	-9.7528730	51.8152609
Veľopolie	2322580	21.9672774	48.9993058
Letafet	4132780	28.7444047	39.8894413
Casteli	7836305	-51.0010598	-26.6849491
Eskragh	5454903	-6.8024276	54.4967027
Hernani	6063583	152.4355088	-30.3079198
Cloonee	2319143	-7.7343585	53.7619268
Cooleen	5380731	-7.0425577	52.4304214
Aislaby	7843748	-0.8142287	54.2627443
Derreen	5760360	-9.1718716	53.8335644
Šimonovce	2274715	20.1216590	48.2827430
Eskragh	3769251	-8.7822859	54.0306257
Alburgh	1022342	1.3230501	52.4415890
Frinape	2668452	-52.2929299	-27.6629881
Newacre	2187094	-6.9360087	52.8776890
Glenkeo	5506188	-7.7792521	55.1347728
Kilduff	5987175	-8.3374105	52.5578234
Leamore	4829075	-8.4173764	53.6722514
Waldhof	2814643	8.4919408	49.5230654
Aislaby	7275034	-0.6816617	54.4652143
Banwell	2957150	-2.8781781	51.3410992
Anderby	660837	0.3028865	53.2573007
Inishee	4294905	-8.0307739	53.1959661
Derreen	5136748	-9.2313450	54.1112028
Whaddon	3821611	-0.8262771	51.9978246
Landore	1390681	-3.9375291	51.6405572
Gormagh	4178831	-7.4976438	53.3094272
Barchov	431545	15.5703704	50.2043832
Cloonee	6039578	-9.4946026	51.6411818
Dolní Štěpanice	426751	15.5277725	50.6367404
Besford	1875143	-2.1299563	52.1103512
Garford	78481	-1.3897396	51.6548721
Cauteen	5616436	-8.1810953	52.5395580
Dooaghs	5307858	-9.9179100	52.0893799
Sailauf	7473036	9.2582651	50.0241284
Derreen	4777393	-8.5950200	53.7874169
Pětikozly	430064	14.8133064	50.4130622
Crillan	3519704	-7.7040818	54.5443085
Cooleen	5593795	-8.2286330	52.7978423
La Perle	7825628	-113.6406333	53.5331383
Derreen	5736585	-9.7753211	51.7698425
Gbansue	7680221	-9.5016913	6.9893506
Cooleen	5975627	-8.6686641	52.3365799
Cloonee	5342726	-8.8022375	52.3981952
Vražné u Oder	432084	17.8658810	49.6237958
Velké Hydčice	424381	13.6826085	49.3071553
Jersice	435197	15.5322416	49.1055635
Marketa	435945	15.4728768	48.9767405
Lisaree	5874420	-9.3985939	51.5133667
Rakvice	423404	16.8224585	48.8576136
Písečná u Žamberka	428227	16.4567073	50.0440253
Cooleen	5500845	-8.4346099	52.7494068
Jasinek	7699518	16.8128508	50.7278502
Brasted	2295037	0.1065287	51.2605957
Lužkovice	431561	17.7465531	49.2288059
Kozojídky	433118	17.3912985	48.9203031
Derreen	5170291	-8.1289655	53.7188061
Hartvíkov	434782	14.8651662	49.4553631
Handley	1539621	-2.8046957	53.1168676
Puclice	424714	13.0174928	49.5563473
Kolinec	424198	13.4311340	49.2979249
Leandro	4823154	-52.3978303	-26.8567735
Flexal I	1875579	-40.3799733	-20.2921493
Dinedor	6280974	-2.6771191	52.0263305
Ganarew	6179018	-2.6794372	51.8427071
Huggate	572687	-0.6365891	53.9938413
Shifnal	6810295	-2.3751441	52.6590250
Bayhill	5499961	-7.6621207	55.0339008
Weiberg	5530853	8.6005877	51.5113092
Cooleen	3365418	-7.7172828	53.4169378
Lütmarsen	6706242	9.3332098	51.7774796
Cameron	5380136	-8.2737813	52.9628563
Derreen	6031145	-9.0010228	51.6846532
Derreen	6320680	-9.5113244	52.0732434
Deviock	5931548	-4.3671205	50.3855922
Sibawan	1513895	125.1153524	7.0628950
Derreen	4452055	-9.3670564	52.6877563
Bangyas	6168085	121.3136031	14.1822104
Namayan	130314	121.0201330	14.5801021
Kilduff	5749761	-7.4132736	54.0775875
Derreen	5307707	-8.2873888	53.4840401
Malitam	6204269	121.0592275	13.7429413
Bog East	3622995	-6.5114235	52.2388855
Catumbi	5520289	-43.1972735	-22.9198818
Vrbnica	2386526	21.8769301	48.6858005
Derreen	5665232	-8.2740799	53.2472163
Polleha	3808938	-9.2350354	53.3408143
Heemsen	5669355	9.2978494	52.6937674
Ashhill	6351588	-9.6235322	52.2319146
Cremona	5446374	-6.2275700	53.4502768
Sraneeg	4164636	-7.5333295	53.4274911
Cloonee	6039528	-9.4774818	51.6420607
Knockan	5143340	-7.0013841	54.9071311
Glenkeo	5588016	-7.7957726	54.9689752
Brundee	6076562	150.6584680	-34.8922034
Manyana	6076663	150.5170179	-35.2546804
Eskragh	4547037	-7.2108610	54.4779452
Eskragh	5456930	-6.9246503	54.4689217
Kilduff	3899121	-7.8430746	54.4100135
Nacksta	2733341	17.2549442	62.3955702
Groggan	4171782	-6.3652218	54.7774355
Rio Doce	314679	-42.9234250	-20.2097064
Atlanta	169671	-99.4731835	40.3666195
Donalds	194104	-82.3466458	34.3762875
Weidman	135221	-84.9745405	43.7048949
Schwaan	1101282	12.0798917	53.9311920
Tar Heel	179828	-78.7909092	34.7331750
Kolecin	6561957	21.7706012	50.8510410
Wakonda	194970	-97.1056185	43.0084230
Whigham	119576	-84.3239922	30.8867884
Ledyard	128913	-94.1594714	43.4200840
Diggins	141207	-92.8543931	37.1719059
Rockham	195131	-98.8234349	44.9042595
Wincentów	3778512	21.4001212	51.1158135
Skjørring	7191740	9.8877121	56.1807678
Deville	132284	-92.1479322	31.3516395
Wincentów	6860254	23.1720196	51.0352555
Wincentów	6244654	20.4293353	50.8824124
Wincentów	7793407	22.5822065	51.4824439
Atlanta	141187	-92.4792519	39.8990360
Atlanta	131957	-92.7394899	31.8076564
Jasiona	5577621	17.5330423	50.7663862
Klybeck	7849691	7.5908852	47.5769450
Kolasib	2029068	92.7145417	24.2393944
Cameron	194126	-80.7149810	33.5580485
Cricket	180395	-81.1909554	36.1673310
Falkowa	6102311	20.8838099	49.7428977
Wincentów	3624791	21.5240812	51.3060992
Boticas	4179942	-7.6749739	41.6971780
Obersee	2083500	8.5634220	52.0565703
Goodman	141768	-94.4087955	36.7388310
El Talar	1870716	-58.6503609	-34.4722236
Racines	1156498	3.8455764	48.0496754
Buttstädt	2410076	11.3756613	51.1425669
Mandern	4166042	9.1932394	51.1153692
Erkheim	2601528	10.3463770	48.0429184
Ründeroth	3848289	7.4655627	50.9922520
Sajonia	5847690	-86.2696078	12.1474378
Tiscapa	5860784	-86.2674910	12.1280642
Sector 5	3886809	77.2204392	28.7052541
Sector 5	3656939	77.1738681	28.5623426
Kakrola	3562264	77.0165204	28.6069322
Gemunde	6299693	-8.5607395	41.4095980
Colonia	6794446	-75.6876924	4.8016229
Poigham	7061774	13.2597647	48.4146273
Camelot	2083487	-81.4999105	28.6893230
Windeck	3839522	7.5890736	50.8211011
Semberg	2669804	7.4392269	51.4269706
Fahrnau	6458399	7.8327051	47.6593686
Açude Riachão	7007087	-38.5286467	-4.0040494
Oberhof	1700710	10.7283161	50.7082823
Kniebis	2029811	8.3108700	48.4745596
Gosende	6593155	-8.6021736	41.9828370
Wincentów	2622602	21.1723613	51.4675894
La Villa	7350885	-75.7484168	4.8059334
Pocket-2	7011454	77.1171057	28.6690714
Ranhola	3585166	77.0364013	28.6579034
Sector 5	3663034	77.2242312	28.5244490
Park End	3813843	77.2966814	28.6433237
Copahue	7748188	-71.0980120	-37.8190225
El Talar	2593827	-55.9619530	-34.7182989
El Valle	6630232	-2.5773314	41.9556947
Žiogeliai	7300226	21.2911437	55.9835752
Ras El Ma	6661998	-0.7850292	34.5009186
Antilla	5904268	-75.5932810	20.8354603
Leonard	141200	-92.1814296	39.8938560
Hattane	2879646	-6.8046284	32.8406382
Parilla	6693424	140.6965852	-35.3300944
Yiheang	6393554	102.9034434	34.9888297
Malunga	5694292	83.6433955	27.9164260
Kopanka	3325620	19.7775716	49.9792372
Boualem	6533974	1.5231942	33.6945138
Castile	176195	-78.0516785	42.6302730
Beni Zid	6543282	6.4762934	36.9124122
El Marsa	5170284	7.2889233	37.0068719
Higuera	346288	-5.6548611	39.7279765
Cidones	345793	-2.6776552	41.8215585
Colonia	1944719	-75.8562495	-12.5752705
Hernani	346779	-1.9246112	43.2280376
Gravlev Sø	3936487	9.8249795	56.8439678
Lanling	2813657	117.9868458	34.8577653
OK Platz	1933201	14.2911117	48.3025385
Niharra	346872	-4.8473157	40.5907655
Cartaya	348014	-7.1350614	37.3082641
Huachis	1953253	-77.0901835	-9.4210186
Carrias	344635	-3.2930305	42.4764391
Austeriškių ež.	7553671	24.7847552	54.7909726
Celeste	3369011	-57.1198975	-31.3144005
El Marsa	3409844	-13.3912223	27.0634973
Sanjiao	5668301	113.4281224	22.6795068
Amersid	2826644	-4.4913331	32.6786694
El Valle	7158801	-69.3851094	18.9441567
El Talar	4600800	-65.7928245	-28.1554734
El Valle	3449345	-71.3524730	18.9491629
