Gironde	7405	-0.6051265	44.8837459
Ambleny	406470	3.1927567	49.3739167
Chaudun	74009	3.2488772	49.3139509
Canlers	1151474	2.1490620	50.4860838
Clenleu	2733017	1.8845776	50.5313387
Houdain	1169130	2.5349991	50.4540479
Berthen	74154	2.6940665	50.7757325
Crochte	135782	2.3874900	50.9194555
Lataule	1359772	2.6797967	49.5352405
Bézouotte	152621	5.3305819	47.3846707
Pardies	168204	-0.5859963	43.3690682
Bugnein	1959489	-0.7442846	43.3695307
Mendive	170641	-1.0679080	43.0841296
Vadenay	2694896	4.4145924	49.0822591
Glannes	2568507	4.4704546	48.7006002
Salassa	44793	7.6940329	45.3585951
Oussières	147960	5.6003823	46.9168925
Suceava	2077868	25.8173528	47.5327387
Gaudent	2274092	0.5628792	42.9972614
Giscaro	130451	0.9347261	43.6061647
Montséret	2230105	2.8050384	43.1048892
Fareins	149049	4.7576007	46.0233975
Buellas	140123	5.1435187	46.2118151
Jauldes	108319	0.2546864	45.7799468
Dombras	2963249	5.4418576	49.3789365
Geville	2978790	5.7044780	48.7834981
Pipriac	140823	-1.9270391	47.8147444
Bourdic	422081	4.3368768	43.9776735
Arvigna	2072049	1.7276450	43.0575963
Divajeu	87854	5.0052136	44.7044040
Tamames	344195	-6.1100301	40.6579676
Anglars	121718	1.9035819	44.7502639
Gintrac	123047	1.7489927	44.8846178
Arsague	76087	-0.7888803	43.5811212
Trémoulet	2065624	1.7182278	43.1575111
Arzfeld	1113734	6.2717167	50.0880566
Dasburg	1113755	6.1446736	50.0534058
Affieux	2946147	1.7647582	45.5112718
Mognard	76449	5.9547300	45.7539115
Pamplie	150321	-0.4402639	46.5247245
Gramond	141984	2.3628497	44.2623034
Malbork	2603053	19.0393963	54.0287383
Malbork	2603052	19.0393963	54.0287383
Aumelas	163326	3.6308072	43.5768651
Lauzach	148324	-2.5565226	47.6128016
Breteau	172086	2.8910407	47.6772575
Boppard	593575	7.5920333	50.2111044
Fiennes	286789	1.8295767	50.8250835
Pocrane	315360	-41.5494885	-19.5550299
Aubazat	3068162	3.4469511	45.1264890
Veríssimo	315151	-48.3286666	-19.6175821
Tlemcen	4291172	-1.3154008	34.8962001
Beausse	301725	-0.9412770	47.3238215
Baillou	275257	0.8547768	47.9819066
Decatur	126934	-88.9369167	39.8558470
Sigonce	1243351	5.8636942	44.0089400
Almaraz	347646	-5.6732834	39.8027745
Blaslay	168640	0.2303165	46.7265416
Kashiwa	2679925	139.9890530	35.8585320
Marnate	45553	8.9121880	45.6308846
Gazeran	959294	1.7655879	48.6376434
Waregem	898562	3.3972697	50.8781757
Shanhua	2222051	120.3028977	23.1404351
Wildcat	5012174	-64.9224670	44.3535114
Trignac	147382	-2.2081577	47.3115560
Parmain	365976	2.2053022	49.1247097
Prebold	1675895	15.0866640	46.2211855
Granier	131359	6.6255091	45.6008944
Coseano	179191	13.0083957	46.0788618
Penango	44004	8.2592204	45.0256646
Fonelas	347980	-3.1743387	37.4265173
Calitri	40851	15.4485431	40.9225566
Cervera	343956	1.2769167	41.6802943
Coxilha	242723	-52.3283602	-28.1252490
Oreilla	2912375	2.2142615	42.5795083
Alterkülz	1204726	7.4627841	50.0314233
Csincse	1418305	20.7852188	47.8813099
Malause	144877	0.9759304	44.0920638
Concord	170182	-71.5597001	43.2307945
Iisalmi	2522178	27.1118590	63.4965187
Campsas	134256	1.3286508	43.8889548
Longare	45059	11.5990609	45.4719600
Trecate	44935	8.7448852	45.4294586
Ceprano	41348	13.4957436	41.5473200
Clavijo	344621	-2.4266520	42.3558613
Flassan	148964	5.2579874	44.0993848
Carlino	179209	13.1803051	45.7965276
Levelek	1447650	21.9787870	47.9758252
Nemeske	575167	17.7083259	46.0342342
Peabiru	297802	-52.3012987	-23.9295001
Legnaro	44732	11.9680272	45.3430063
Wijchen	418420	5.6960903	51.8202528
Nerdlen	970193	6.8546801	50.2392496
Clarens	2420253	0.4127054	43.1516280
Lavagno	44968	11.1334383	45.4387016
Carnota	342272	-9.0800171	42.8380818
Le Parcq	2917379	2.0901659	50.3804369
Canossa	43258	10.4322064	44.5572963
Kaesong	5455268	126.6048589	37.9981766
Prienai	1244196	23.9441095	54.6357283
Areatza	344679	-2.7994175	43.1000746
Imasgho	5011178	-2.3010918	12.4698446
Valtice	442303	16.7553590	48.7401253
Alleins	70609	5.1533522	43.7098946
Wijchen	1451169	5.7348042	51.8087703
Concord	3705569	-122.0009236	37.9735694
Dugenta	41115	14.4524788	41.1366106
Olivadi	39705	16.4155824	38.7312199
Volkach	284500	10.2326041	49.8674328
Le Tréport	157874	1.3669448	50.0517667
Ishioka	2682918	140.1955563	36.2236369
Jacinto	314630	-40.3150558	-16.1954705
Osiglia	43000	8.1951258	44.2835289
Manilva	340754	-5.2657424	36.3499676
Kublank	1419912	13.5062061	53.5593620
Hamhung	5881244	127.6536097	40.0087592
Tanauan	5947754	121.1035069	14.0878060
Orizaba	6037748	-97.1106538	18.8592328
Oteapan	6037750	-94.6720713	17.9874212
Mascota	5606008	-104.7633817	20.5533012
Maltepe	1276407	29.1596717	40.9433960
Pereira	1343043	-75.7881958	4.7852387
Zarraga	3492694	122.6228802	10.8190238
Ayvacik	1815261	26.3771089	39.5704427
Concord	180114	-80.6181145	35.4089149
Rüssingen	1254394	8.0824390	49.6171621
Salobre	342483	-2.5437136	38.5771670
Arrieta	340586	-2.7620610	43.3501071
Rudlice	3713111	18.6440082	51.3316907
Rudlice	437262	16.0645661	48.9509179
Kemnath	975236	11.9606445	49.8526453
Noalejo	344708	-3.6005064	37.5497001
Dranske	1437953	13.2272166	54.6157378
Decatur	110985	-86.9977593	34.5784901
Hornice	442160	15.6790433	48.9937554
Koumbia	6128655	-3.6952544	11.1957758
Omitama	2682907	140.3757944	36.2048600
Decatur	119289	-84.2973095	33.7723146
Jonglei	2190481	32.0842211	7.6731610
Arriate	341435	-5.1340145	36.7963325
Geismar	2813135	10.1639863	51.2187238
Vamberk	440077	16.3134182	50.1133316
Kührstedt	1528134	8.8051688	53.5801373
Parambu	302477	-40.6921042	-6.2975000
Poranga	302591	-41.0562628	-4.7990621
Poděvousy	438312	13.1319851	49.5285627
Lipinka	438442	17.0522123	49.8354894
Zella/Rhön	2900136	10.1125716	50.6734760
Zlobice	437360	17.3119307	49.2941302
Tarfaya	3409847	-12.9208936	27.9128016
Niscemi	39196	14.4140009	37.1442526
Melilli	39187	15.1076043	37.2167922
Chawkay	6609633	70.8917356	34.7281442
Shib Koh	6594452	61.3842203	32.1356090
Lisberg	1077567	10.7247814	49.8890869
Latiano	40597	17.7054832	40.5739323
Eggiwil	1682427	7.8223792	46.8654589
Camorim	5515770	-43.4330049	-22.9687894
Decatur	115291	-97.5970543	33.2312930
Asakura	4008412	130.7408060	33.4214715
Mishima	4674509	138.9427005	35.1326174
Moseija	406646	24.5442365	70.9767586
Sogndal	409085	6.8192649	61.3310578
Marunda	5802123	106.9594970	-6.1118760
Kesiman	7789799	115.2464291	-8.6556291
Mishima	3962377	130.1135188	30.8033927
Pekojan	5802122	106.8040569	-6.1369387
Kikuchi	3992935	130.8706163	32.9985330
Shikaoi	4066900	143.0434719	43.2036609
Mishima	4176676	139.6319819	37.4345910
Akioota	4089175	132.2600937	34.6058634
Buscemi	39175	14.8835460	37.0818521
Ainring	941761	12.9340921	47.8153581
Wöllstadt	450114	8.7544541	50.2836110
Rastede	1186789	8.2190191	53.2715658
Mendota	3974455	-120.3817698	36.7477375
Le Ribay	1879615	-0.4219749	48.3802618
Matador	6595919	-100.8198708	34.0140075
La Zubia	347255	-3.5732303	37.1088265
Gordola	1684681	8.8625586	46.1866514
Peravia	3421246	-70.3695387	18.3510924
Kinloch	139883	-90.3254111	38.7372610
Decatur	127758	-84.9309045	40.8266600
Piedras	1309460	-74.9295798	4.4906932
Mineral	207045	-77.9033242	38.0072165
Honaker	206961	-81.9700344	37.0156770
Biaroza	5599322	24.9685274	52.5286216
Aubonne	1868681	6.3723266	46.4925519
Ucayali	1921996	-73.9048442	-9.3553685
Sirnach	1684557	8.9996717	47.4534424
Windham	305385	-71.3008115	42.8053165
Harvard	1834224	-71.5851546	42.4998481
Tlemcen	1280702	-1.2978133	34.6674680
Trachau	191600	13.7029659	51.1002349
Taravai	6066085	-135.0352852	-23.1449717
Clarion	188236	-79.3781323	41.2098940
Herdern	1684528	8.9173841	47.6153226
Schinne	3643310	11.7357480	52.6673172
Libonik	1252590	20.7418075	40.7208146
Kannauj	1959123	79.8452149	26.9861559
Matag-Ob	5426238	124.4585665	11.1246650
Lhotice	442103	15.6026045	49.0230718
La Llosa	340488	-0.2038744	39.7672250
Concord	140231	-90.3551373	38.5162309
La Loire	2101116	1.5977666	47.7298087
Lac Noir	7005812	-71.2998031	49.1693948
Lac Noir	1945638	-71.2858140	48.7039762
Lac Lyne	7003729	-70.6307766	49.0142992
Lac Noir	1568079	-71.9237876	48.1430705
Lac Noir	1568299	-70.6763171	48.1972634
Lac Loon	932860	-78.2627720	47.1672702
Zakole B	2398931	19.4986473	50.0333836
La Loire	3533951	3.9905865	46.4394634
La Loire	2794697	4.2645249	45.5541992
Gruetjønn	2192456	8.0277372	58.2222229
Dvorica	6331356	21.3079038	43.8894726
Stocksjön	910924	16.0385011	58.7095693
Drypesjön	2385363	12.0407430	57.9768755
Ottojärvi	7216817	27.8808762	60.7824666
Tahuata	6081651	-139.0998713	-9.9573345
Jelonek	7734885	16.8586677	52.4857763
Velký rybník	6593547	13.8983623	49.7657851
Velký rybník	919010	14.7477530	49.2327615
Velký rybník	7388396	14.6814286	49.4415664
Krivaja	6967659	21.3325640	43.2810150
Horneks Sø	2606906	11.0261745	57.3111779
Mazreah	7115458	35.5012668	33.8802378
Rozdace	6657826	21.8202854	42.6633212
Garoua I	3765092	13.3636494	9.3373310
Ngaoundéré II	3817843	13.6274916	7.3475590
Ormetjønn	5400285	8.5093683	59.9041783
Kringla	5893392	7.5058483	62.8159963
Kringla	5897636	7.3789656	62.8048868
Mortjødno	4840099	5.4547541	59.7800615
Leoncin	5343990	20.5329591	52.3944815
Teofile	5344203	20.5397517	52.3858613
La Loire	133140	2.1455472	47.8603594
Rzanica	6967541	21.0556946	43.4849561
Pereira	6553457	-8.5703328	40.1686031
Mindelo	5989553	-8.7247694	41.3154110
Gondufe	5713288	-8.5141508	41.7591175
Carnota	6519132	-9.0657875	39.0413159
Tendais	6354424	-8.0472409	41.0161870
Saminek	6856205	20.0628672	53.4533583
Narphan	5996764	99.1658357	22.5657772
Lake Guo	4542657	100.7336379	36.5709235
Kuklice	6374746	16.9424352	50.9548215
Baczyna	3131417	15.1119367	52.7437660
Marwice	3174063	15.1062406	52.7695019
Karszówek	6405688	17.1757343	50.7544092
Velký rybník	1113459	16.9894720	49.9482982
Shilian	6851200	106.9331636	29.0940655
Sankhar	5691339	83.9217974	27.8966480
Bosnjak	6314207	21.3128662	44.3751206
Orlanci	6099419	21.5966095	42.0456131
Burinec	6476875	20.6165922	41.3920186
Godivje	4565299	21.3291127	41.3679158
Kandolo	6084052	23.5745201	-6.1020361
Lenovac	6352756	22.1431701	43.7888415
Lipniak	2585913	22.4662286	51.2422090
Skulesjön	7142232	18.4512068	63.1595024
Stocksjön	2071321	18.4861372	63.1144334
Iskna jõgi	4279692	27.1594697	57.8269913
Goššjohjávrrit	7255474	24.8429163	68.8366713
Piedras	4468432	-66.2165935	18.1209431
Amuelas	4468191	-66.5017101	18.0388297
Guayabo	4468468	-67.2081745	18.3719810
Gwarmai	3710538	8.2550538	11.4879481
Tadurga	3708149	5.4593953	11.5838525
Kambuwa	3708070	4.9774223	10.9212255
Tamilo B	3711822	7.9553302	13.1796702
El Vegil	4063269	-100.3483401	20.4304856
Khansar	5268342	83.9117685	28.6718360
Lac Noir	1269781	-73.3291808	46.5875674
Lac Iron	1468841	-74.1984061	47.0526309
Fly Lake	3921518	-80.9314959	47.2636226
Saw Lake	6517904	-82.5035968	48.1463903
Mvangan	3828061	11.9623059	2.5354558
Yarmama	3711867	7.6672002	11.8821019
Kaguram	3721340	13.6533098	12.6177088
Buratai	3721244	12.1593956	10.9651171
Kontcha	3817929	12.2694123	8.0628437
Foumban	3837277	10.9075260	5.7184219
Dankolo	3708009	5.7757732	11.1077254
Manning	90663	13.6628459	48.0712687
Hot Lake	3872363	-129.5232288	59.3254195
Piedras	2674283	-79.9137863	-3.6367723
Guayabo	5723905	-84.2685581	9.8606268
Sechelt	2221362	-123.7962617	49.4870461
A Lawant	3721195	13.7260800	12.2578988
Walanta	5953745	81.1642941	28.9692683
La Selva	4653594	-75.8039854	5.6223500
Gwarmai	3710539	8.3104105	12.3886567
Shagogo	3710719	8.9649345	11.8679924
Kapuhan	3815086	110.3611220	-7.5119837
Eco Pond	4021992	-80.9381164	25.1400070
Nametar	6796072	86.6200660	27.0144959
Ruchang	6078261	84.0341601	27.7984495
Lac Noir	1478507	-71.6237475	46.9979142
Lac Jute	193867	-76.4071856	46.4725978
Lac Noir	556998	-75.2385519	46.3709204
Lac Noir	557164	-74.9533282	46.3423341
Fly Lake	6016602	-109.9693699	45.1200541
Lac Thom	3616174	-65.9840205	50.3572067
Lac Thom	1938787	-67.5748418	49.5292557
Ess Lake	4146828	-87.1035707	49.7343862
Ess Lake	4146829	-87.0983594	49.7404074
Ess Lake	3530194	-83.8994549	46.5140028
Saw Lake	3778353	-83.6294554	47.0189149
Bobiste	7247391	21.9773730	43.0195370
Vinarce	7247663	21.9200103	43.0309726
El Cural	4656490	-75.2678798	4.4286857
Mithila	7682951	85.9515378	26.9506019
Dhikura	5975705	83.0952388	27.9354149
Mashdev	5899649	81.3082786	29.5268133
Saigaun	5993346	81.5699916	28.0447805
Prienai	7712170	25.7936169	54.8755804
Ludesch	2712949	9.7954697	47.1938590
Lac Momo	1521404	-73.6863000	48.0836420
Lac Jaux	3149023	-75.2991178	48.2093510
Tin Lake	3438089	-95.2525319	50.3915362
Hohenau	958943	13.5197583	48.8621509
La Presa	2294585	-117.0004502	32.7055969
Buckeye	110795	-112.5602746	33.2381515
Foissac	402011	4.2993674	44.0356774
Dalzell	123010	-89.1693665	41.3523390
Seedorf	1476160	10.8785371	53.6063888
Mendota	126752	-89.1196387	41.5444366
Garbary	7006285	23.7682363	52.9437656
Lauenen	1682526	7.3412701	46.3975340
Freiamt	1124270	7.9213439	48.1687918
Dovilai	4779024	21.3586983	55.6755579
Żelechowa	2873837	14.5719302	53.4624234
Seedorf	156381	10.4119150	54.0502698
Orlanka	6923911	23.2525934	52.8204622
Föhr-Amrum	1428589	8.4948623	54.7163631
Sendjas	2799177	1.4552068	36.0396654
Borysówka	6754813	23.5936333	52.8327138
Mendota	136571	-93.1618701	44.8857414
Harvard	126048	-88.6129004	42.4272069
Vidisha	1976082	77.8291220	23.8547096
Diapori	1726961	24.7838744	40.6247141
Drakoni	965889	24.1873997	39.3967057
Pamfilo	3544150	26.5377508	39.1564169
Kalamos	812771	20.9010154	38.6158072
Svensmarö	3230343	16.7760214	58.3287396
Isla Muñoz	5476419	-73.8434404	-52.1883850
Anawalt	240101	-81.4392555	37.3365100
Savanna	126721	-90.1415200	42.0913999
Grathem	2181954	5.8534525	51.2002629
Farrell	187218	-80.4935421	41.2099150
Lipniak	6800979	23.0465884	54.1448318
Chanute	129923	-95.4585703	37.6669900
Tanauan	5426250	124.9892676	11.0947190
Concord	5678504	151.1034589	-33.8557510
Briesen	1322840	14.2378245	51.8216351
Seedorf	1079030	9.2474082	53.3344366
Lipniak	6803783	23.0415178	54.2288470
Šaukėnų seniūnija	3466560	22.9123764	55.8159090
Banholt	1419269	5.8096083	50.7912463
Arzfeld	572809	6.2783715	50.1008110
Polní Chrčice	441238	15.2941252	50.1115498
Kaliski	7046791	22.6510784	52.7854826
Pereira	4058879	-8.6342515	41.4885023
Angerlo	1422772	6.1272111	51.9843340
Natales	1980619	-74.5054390	-50.7127651
Gunów-Wilków	6412527	20.3892824	50.2539964
Castell	283690	10.3670473	49.7377418
La Oliva	340785	-13.9235652	28.6601289
Lipniak	7795268	22.3630299	51.5654483
Le Marin	295775	-60.8512708	14.4820798
Windham	176225	-74.2436803	42.3144420
Peebu küla	351526	26.5950539	57.5716007
Sector 8	3597335	77.0183742	28.4557050
Arrieta	6882108	-2.4716038	42.8595085
Harmi küla	353836	25.2042751	59.1088573
Pilka küla	352523	26.8853581	58.4166226
Ducasse	5173347	-64.1910015	-31.4045679
Tilga küla	354635	22.6373402	58.7063250
Sarja küla	353510	25.2337524	58.1635748
Pihke küla	351689	24.7368074	58.0721806
Ameixas	6194598	-35.7555992	-8.0357262
Kiisa küla	353105	24.6221055	58.4076308
Felchow	2615910	14.1082682	53.0363757
Briesen	5752450	13.7319459	52.0474965
Aubonne	1684838	6.3838018	46.4928338
Poranga	1982206	-40.8698893	-18.5195445
Le Voide	5761465	-0.5641707	47.1622000
Dubovce	2193420	17.2416003	48.7631429
Lisheen	6796226	-9.0397266	52.7574063
Sector 8	2825059	77.0731375	28.5709442
방학2동 (Banghak2-dong)	3883061	127.0327978	37.6689452
Kiisa küla	351861	25.4394847	58.2987066
Encanto	6234520	-38.3017558	-6.1306598
Klingen	3123154	11.1502236	48.4213335
Aindu küla	352481	25.5808895	58.4080596
Taari küla	355037	25.6703458	58.4063985
Võhmetu küla	350862	26.2082909	59.2157896
Ohn Chaw	6362933	96.2329092	21.8774882
Tainhas	7082416	-50.3119021	-29.2977041
Pusté Pole	2276215	20.9083283	49.2150850
Valma küla	352996	25.9547651	58.3659881
Hohenau	5158457	-55.6488356	-27.0823440
Natalio	5158458	-55.1360214	-26.7543548
Pereira	5735880	-7.3222911	41.4137684
Arrimal	6548210	-8.8799178	39.5005575
Dorheim	3515989	8.7978954	50.3502126
Chulman	3349535	124.9008654	56.8415077
Dedinky	2381079	20.3818001	48.8622233
Hronské Kľačany	2217975	18.5768924	48.2381036
Kipanta	5837264	27.6094907	-11.5961591
Staré Hory	2265308	19.1259024	48.8371647
Waregem	961166	3.4257380	50.8762002
Mewegen	2044327	14.2485052	53.5150962
Kuklice	7701557	16.6185968	51.6601498
Dubovec	2274827	20.1499082	48.2934354
Teplý Vrch	2274744	20.1010153	48.4736057
Bolaboy	6641344	-6.4070326	52.4830057
Colrain	1839632	-72.7168023	42.6826889
Sector 8	3633269	76.8917950	28.3761832
Gullane	6855364	-9.6352747	52.5431828
Tilga küla	355460	26.2568420	58.1684898
Rixbeck	3503732	8.3794573	51.6657458
Plika küla	351411	26.1884874	58.0556379
Sisimba	7267924	33.4459793	-8.8901589
El Golfo	6060273	-74.8439821	10.9743233
Folbern	3781537	13.5966194	51.3011831
Manning	193976	-80.2166003	33.6893919
Mineral	125980	-89.8362511	41.3823410
Wojtkówka	6332139	22.5560850	49.5525927
Saatlen	1702326	8.5659118	47.4126365
Ponemah	136891	-94.9138236	48.0449845
Negrine	6618846	7.6508657	34.3936130
Cut Bank	142471	-112.3354345	48.6354150
Pacolet	193954	-81.7687649	34.9061244
Pęsy-Lipno	7037476	22.2701122	53.0711752
Królikowo	6924687	20.2551755	53.5680263
Waleska	119520	-84.5487902	34.3150015
Windham	182791	-81.0437446	41.2383040
Elloree	193830	-80.5726442	33.5294179
Paragon	127317	-86.5640918	39.3911560
Moniaki	7475928	22.0804628	51.0237313
Cergowa	6322932	21.7026777	49.5489605
Haurain	2604370	9.5020128	50.0946824
Mishima	5737899	131.1401195	34.7782564
Honoratów	4459924	19.9964038	51.3403467
Baczyna	4454374	20.5251596	51.2343902
Neuberg	535893	8.9896439	50.1980297
Concord	135206	-84.6446202	42.1768964
Herdern	1960224	7.8739460	48.0071716
Nullica	6036794	149.7418407	-37.0542106
Ciemupe	2411898	24.6450166	56.7778593
Kerdual	240739	-3.3750162	47.7735427
Dragosh	6486879	21.3467986	40.8828412
Godivje	6455384	20.7636460	41.3950021
Grbovec	6502987	21.8710774	41.3888191
Orlanci	6427185	21.0361350	41.5009303
Tudence	6936387	21.1238996	42.0246482
Radusha	6943863	21.2061056	42.0779988
Lishnia	4048934	25.3520289	50.4326953
Pereira	7836609	-8.2805755	40.3828838
Euberta	5919107	147.2032120	-35.0504946
Rabochy	4586203	30.5684064	59.8353937
Es Senia	1259764	-0.6501194	35.6433263
Clarion	128457	-93.7292947	42.7308424
Wathena	130126	-94.9428755	39.7618830
Szablak	7082903	21.9742584	53.2356167
Bonneau	194117	-79.9577044	33.3079829
Windham	2017803	-72.7227500	43.1768614
Decatur	135142	-85.9700593	42.1069695
Rybnica	6552140	21.4123864	50.6015322
Harvard	169264	-98.0968497	40.6202184
Adamowo	6878890	19.3520486	53.7017696
Manning	128677	-95.0660580	41.9091590
Decatur	197157	-84.7918481	35.5276520
Pęsy-Lipno	7024667	22.4329104	53.0630357
Massena	129025	-94.7698301	41.2506960
Geismar	4127274	9.2344436	51.1437296
Sukachi	6042919	24.2009655	51.4147208
Adamowo	6891675	19.9198892	53.1802231
Decatur	169716	-96.2518705	42.0048624
Herrick	126331	-88.9847852	39.2196064
Concord	3076752	-71.8324951	44.4246604
Reninge	2196976	2.7771170	50.9422847
Bladowo	6891684	19.8912221	53.2794022
Zagroda	6847208	23.3801728	51.0831516
Geismar	195321	9.9504062	51.5032559
Grenola	129702	-96.4490640	37.3478384
Dalzell	194713	-80.4357399	34.0165970
Terenia	4093513	20.7402464	52.0893123
Bucklin	130282	-99.6351180	37.5492935
Almazne	3938705	38.1342102	48.1429275
Carnaun	4166149	-9.0914985	52.9289306
Sadokim	2541645	-46.3815109	-23.4067767
Windang	6076761	150.8705091	-34.5284201
Maglass	6343143	-9.5441395	52.2483822
Culleen	6137291	-8.9196179	53.4602871
Manning	6203133	-8.3239259	52.1823670
Magmore	2369275	-6.3356022	52.5333168
Lisgall	4783133	-7.1246931	54.2171631
Glendoo	4142995	-6.2826047	53.2242628
Drumagh	4641091	-7.0879541	52.8552498
Nure Beg	5674368	-6.7362384	53.9486738
Culleen	4782195	-8.9371167	53.0107751
Coologe	6088051	-8.6909553	52.5424134
Coologe	5177110	-7.4457596	52.5186382
Lisheen	6048409	-9.4048779	51.7378229
Lisheen	6212079	-8.4889184	53.4162327
Skahies	6301011	-9.5676134	52.1543269
Culleen	6256553	-8.8768293	52.7323195
Cormick	5758588	-8.3706339	53.1808937
Briesen	5718345	14.1095259	51.7372075
Dooneen	4279123	-9.1161338	54.1816463
Lisheen	4636951	-8.3911711	52.1160817
Fargrim	3558879	-7.6985414	54.5052348
Dooneen	6386300	-8.2638485	51.9542966
Dooneen	5649921	-7.2193869	52.2303967
Vatasha	6503128	22.0418189	41.3944403
Elvamar	5548929	-41.9365137	-18.8704255
Ardkirk	5366949	-7.0098338	54.3802009
Lisheen	5642060	-7.6319770	52.3506589
Hronské Kľačany	2217824	18.5768924	48.2381036
Lisheen	5966427	-8.6421161	51.6625635
Teeshan	4184321	-6.3136186	54.8927034
Teplý Vrch	2274694	20.1010153	48.4736057
Martara	6268560	-9.5036433	52.5594186
Benmore	4020723	-8.7957816	53.6617990
Glenone	4169807	-6.4981097	54.8680865
Erudina	6354969	139.5537884	-31.3847968
Kilgill	6096027	-8.9288082	53.4025850
Sector 8	3512874	77.1249304	28.7023563
Fargrim	2105161	-7.3206163	54.1936294
Caldrum	5415973	-7.0883209	54.4315436
Lisheen	5539749	-7.9763443	52.5226667
Lisheen	4256413	-7.8945799	53.1033777
Maumeen	6364960	-9.3810513	53.7438940
Boynagh	4657133	-6.8086379	53.8406301
Geismar	1338720	9.9295521	50.6812640
Staré Hory	2265283	19.1259024	48.8371647
Dooneen	6325992	-9.5002931	52.1163467
Cormick	5776795	-8.3805340	53.1800665
Mendong	3092257	11.4726984	3.8346434
Plezica	4555746	-6.6551001	53.0501794
Eighter	4614743	-7.1459538	53.8088800
Aharney	4169755	-7.5706576	53.3035958
Lisheen	4247754	-7.8639666	53.1058342
Kilfaul	6054115	-9.2894345	53.7225061
Carnaun	4589922	-9.3396931	53.0062450
Dooneen	5511143	-9.8810754	53.6340488
Boynagh	4661329	-6.8095494	53.8842849
Lisheen	5248329	-9.0473330	52.7572621
Lisheen	5345495	-8.0499670	53.1119803
Culleen	5342318	-8.0673870	53.1220901
Lisheen	5475623	-7.9399600	52.6386215
Carnaun	6227429	-8.7854763	53.3299800
Coologe	4151321	-7.8527475	53.1515851
Coxilha	7703716	-53.3720928	-33.5303910
Jacinto	7737170	-53.3545650	-33.5241171
Clondaw	2574891	-6.4510317	52.5200205
Dooneen	6229121	-8.8971053	52.8575466
Culleen	6171523	-9.1195947	52.8311958
Dooneen	3842949	-7.7856218	54.2421168
Dooneen	3416108	-10.0370093	53.5556489
Glasalt	5513794	-7.3208051	55.2402353
Waratah	6026865	151.7254819	-32.9048520
Majorna	1517296	11.9183421	57.6939809
Carnaun	4280813	-9.5050959	52.6520481
Valtice	426228	16.7813134	48.7402580
Dooneen	6333554	-9.4509622	52.2568977
Anglore	6333539	-9.4465309	52.2433071
Carnaun	5904099	-8.4522908	53.2403909
Kilbehy	6142530	-8.9292228	52.5835779
Correal	5409912	-8.1982182	53.5168864
Dooneen	6089961	-8.6726180	52.5907511
Dooneen	5891421	-9.2242530	51.5087267
Lisheen	5126128	-8.8651630	53.0374077
Baroota	6375947	138.0121275	-32.8928987
Ngarkat	6693327	140.6085226	-35.7458381
Bexhill	6069695	153.3546126	-28.7560157
Araluen	6079464	149.8194240	-35.6440820
Nerriga	6074602	150.0447955	-35.0841216
Gapsted	2582855	146.6721855	-36.5205301
Kintale	5386876	-7.5372831	55.1130402
Pusté Pole	2276185	20.9083283	49.2150850
Kippara	6063626	152.5167306	-31.2331952
Eraring	6034703	151.5225548	-33.0733119
Wirraba	6056460	150.5237961	-33.1166684
Condong	6069788	153.4387914	-28.3141128
Lisheen	5620297	-8.0162926	52.4286757
Culleen	2919806	-7.5546989	54.1785941
Lisneal	5149046	-7.2686521	54.9958949
Karatta	6662551	136.9122308	-35.9667342
Lisheen	5363172	-8.1047566	53.0320811
Dooneen	5880606	-9.7330258	51.5654645
Benmore	6284195	-9.6664000	52.4520442
Fargrim	2220771	-7.9889986	53.9348672
Dedinky	2381006	20.3818001	48.8622233
Dubovec	2274610	20.1499082	48.2934354
Dooneen	4843580	-8.0731579	53.8609867
Muckera	6326797	-9.6772915	51.8338700
Leenaun	3399086	-9.7029970	53.5834584
Dooneen	3571625	-7.4084136	54.4271737
Wanilla	6331351	135.6833368	-34.5294196
Cultana	6284118	137.4895557	-32.7707322
Coosane	6368006	-8.3554755	52.0462638
Gallany	5143322	-6.9902660	54.8923578
Bodgney	4626489	-7.4985566	54.5315555
Redmire	7779715	-1.9204752	54.3272036
Askrigg	7771518	-2.0716878	54.3249949
Cloncud	6140158	-9.0550587	51.8754890
Hanlith	7319619	-2.1410612	54.0497141
Coolcaw	2385802	-7.6529166	53.6697173
Lisnabo	2338565	-7.8346496	53.7493444
Coologe	5613647	-7.6318232	54.0674066
Kappola	304206	24.5324501	60.9929459
Luolaja	304219	24.4360372	60.9683598
Lisheen	5443500	-7.7477194	52.7573942
Panuara	6058038	148.9406594	-33.5192219
Lamarsh	3300738	0.7524865	51.9878096
Inishal	5594246	-8.4256536	54.9488750
Ben More	6016746	-8.5343082	53.2639910
Monnagh	4501994	-7.5975833	52.9904064
Ticlash	4497945	-6.2077099	52.9123097
Lisheen	5991707	-8.3462837	52.5721962
Coologe	5991683	-8.3733756	52.5406085
Lisnabo	4730199	-6.8075597	53.8807686
Hassall	1408269	-2.3451883	53.1174015
Gallany	5482038	-7.4931615	54.7979663
Brackly	5678851	-6.7529379	54.0373950
Brackly	5682688	-6.8235641	54.0777891
Meltham	5674789	-1.8602443	53.5897742
Melling	7623316	-2.9077919	53.5010200
Charley	6650951	-1.2911745	52.7335702
Colerne	5511631	-2.2596287	51.4494318
Pennard	1402768	-4.0740225	51.5838293
Culleen	4178830	-7.5145692	53.3074526
Siegmar	414881	12.8503150	50.8110511
Hunter 2	6683525	-68.2412472	-38.9535331
Coombes	2877825	-0.3157489	50.8570442
Vamberk	428559	16.2915469	50.1184757
Polní Chrčice	426843	15.2941252	50.1115498
Coologe	5624113	-8.0690035	52.4286115
Briesen	3412574	14.2590239	52.3211348
Patches	3412631	-10.1531055	53.5452410
Fearboy	4122229	-7.6571675	53.4044289
Avening	6065643	-2.1781566	51.6759551
Hindlip	1875231	-2.1677680	52.2236203
Dooglen	4635873	-5.9600733	54.3393135
Hatford	4109251	-1.5224153	51.6561560
Mackney	4153042	-8.2472621	53.3160724
Lisheen	5622569	-8.1130547	52.5101941
Maumeen	3335808	-9.6780912	53.2544479
Druffel	5293756	8.4035431	51.8277166
Lisheen	5119064	-8.0947914	53.8171739
Killola	3649636	-9.2672122	53.4010227
Tuhanec	434443	14.4620355	50.5630004
Biesern	2756208	12.7978349	51.0322818
Dooneen	6242867	-10.1697954	51.9811269
Kringla	2583079	-21.8958138	64.1287037
Lisheen	5728354	-9.2475735	52.1293011
Garreer	5231146	-8.2848008	53.5224713
Ritchie	7820665	-113.4827071	53.5134541
Da Gruta	4858169	-52.0486703	-27.2328111
Drumagh	5869778	-9.0379202	53.7540128
Boynagh	5185093	-8.2638831	53.8089481
Lipolec	435295	15.3502052	49.0879791
Ganaway	6010928	-5.5081519	54.5765724
Deanery	4828114	-8.2139452	53.8462631
Lipinka	426151	17.0522123	49.8354894
Závada u Hlučína	435695	18.1589549	49.9550796
Poděvousy	432637	13.1319851	49.5285627
Jeznice	435674	14.4381501	49.1476007
Smrčná na Moravě	427475	15.5347225	49.4659811
Němčice u Volyně	423312	13.7953562	49.1968649
Staré Hory	430410	15.5582463	49.4187815
Rudlice	434393	16.0645661	48.9509179
Mackney	4148931	-8.2517172	53.3129751
Pereira	5552012	-8.5093693	41.3786724
Manuden	3346819	0.1508324	51.9244057
Comaghy	5649537	-6.6836704	54.1810013
Yalding	2353097	0.4241343	51.2140976
Bicknor	2374877	0.6651120	51.2978836
Zlobice	434107	17.3124246	49.2908690
Jezerce	423427	12.9328436	49.7573838
Lhotice	429936	15.2539101	49.5584531
Farndon	1463804	-2.8626595	53.0825784
Kelsall	1444956	-2.7144662	53.2134990
Simbock	3092291	11.4761843	3.8099256
Vranice	429430	15.0071900	49.7998384
Hornice	432604	15.6790433	48.9937554
Ardkirk	5668909	-6.6689538	54.0671821
Prablin	5500087	-7.6202680	55.0210858
Lisheen	4190967	-8.3437153	53.7597492
Beswick	919316	-0.4600435	53.9233683
Drumagh	5676202	-8.9400665	54.0057996
Kippane	6083637	-8.7096094	52.3573650
Glenora	6092810	-9.4550043	54.2515436
Ardfert	6297127	-9.7747380	52.3293956
Moanfin	5573282	-8.1479305	52.8798766
Burland	1416522	-2.6048410	53.0672334
Laneast	5947399	-4.4992491	50.6398191
Nuangan	1513874	125.1065653	7.0101549
Vergara	134742	121.0250308	14.5775428
Lapford	3334607	-3.8027082	50.8626890
Aharney	4556076	-7.4099972	52.8075887
Landkey	4661741	-4.0137221	51.0655020
Vila Eva	5316876	-54.6155946	-20.4691871
Correal	5247828	-8.2275967	53.6039294
Dooneen	4195208	-8.2627446	53.7449877
Coosane	6059720	-9.4673581	51.6022381
Bunlick	5900845	-9.3025308	51.5321965
El Golfo	6858247	-85.4482623	10.6067348
Lislane	4821255	-6.8791095	55.0127108
Martara	6351612	-9.5826976	52.2368749
Grinava	2207060	17.2291878	48.2750694
Fadmoor	7840540	-0.9802263	54.2993402
Coologe	5445271	-7.9690357	52.8299797
Hophall	4637218	-7.2368777	53.0070661
Dooneen	6323189	-9.4870206	52.0795804
Maaoupe	6716337	140.7021772	-37.2621075
Dungate	5417145	-6.9509038	54.6753442
Lislane	5490511	-7.2693336	54.4304974
Aintree	7338078	144.6683421	-37.7188061
Rehaghy	5463353	-6.9076450	54.4181888
Bagshot	3081826	144.3741848	-36.6141500
Brackly	5204396	-6.7430287	54.2269923
Crunagh	5324091	-6.4995435	54.2535065
Carboor	2562055	146.4855438	-36.6191650
Comaghy	3511155	-7.2948297	54.3655191
Cocoroc	2438277	144.6176189	-37.9632550
Moyadam	4477458	-6.0849345	54.7208039
Ganaway	4583369	-5.5054343	54.5695640
Brackly	5325945	-6.5585930	54.2847553
Le Marin	1702961	-60.9606924	14.5252716
Jelonek	3783705	21.6141161	51.1765388
Goehner	169687	-97.2198265	40.8328220
Foissac	2564836	2.0003409	44.5027032
Paltoga	3490834	36.1533323	61.0095951
Rybnica	2940121	15.6285838	50.9136522
Wandzinów	3887605	20.4876864	51.5374905
Rybnica	7066394	23.2392151	50.4086724
Silberg	6187156	8.4987207	50.8581222
Maxglan	7489981	13.0119272	47.7967618
Golemki	6891731	21.2719323	50.0570639
Concord	169420	-96.9893382	42.3838269
Carrier	185016	-98.0172014	36.4787260
Maillet	2067335	1.6861053	46.5794945
Aubonne	111650	6.3347402	47.0416087
Buckeye	128736	-93.3758530	42.4193470
Savanna	184080	-95.8326965	34.8391500
Nganzai	3721193	13.1252411	12.4493444
Woźniczna	6105958	20.9566793	49.9393779
Ucayali	1994084	-75.5148313	-7.2912374
Chekhov	4749903	141.9892554	47.4493060
Concord	126948	-90.3687205	39.8168560
Massena	175971	-74.8862467	44.9261765
Brynica	6245024	20.5036133	50.9049731
Vidöstern	7131	14.0329806	57.0568847
Concord	119480	-84.4385489	33.0936620
Tindall	141601	-93.6096465	40.1602835
Masmuda	2753082	-5.6998054	34.7748372
Maillet	2829438	2.6562473	46.4953103
Encanto	301139	-38.3017558	-6.1306598
Bucklin	140629	-92.8887213	39.7827719
Almarza	342504	-2.4678797	41.9412496
Gayevka	1949633	38.8360708	47.2726730
Jelonek	3886988	20.5853781	51.4933093
Zagroda	6860619	23.3629313	51.0206915
Grabary	5909600	15.7954809	50.9075934
Concord	130805	-83.4914691	38.6875026
Penelas	6304243	-8.4459209	41.4166114
Sector 8	3656942	77.1672630	28.5734990
Oak Cove	2076238	-81.3711558	28.4958644
Astrida	2762930	24.6554431	40.5892508
Sector 8	3886812	77.2214343	28.6980597
Grinava	2627511	17.2477852	48.2720593
Neelwal	3555873	76.9785998	28.6670936
Dubovec	4652465	18.1365064	48.9320629
Gutiérrez	7565267	-54.4650401	-26.9976280
Velký rybník	6781586	17.1406305	50.3154101
Neuberg	1782110	13.4725398	47.4481633
Orjaman	6801013	52.7133188	30.9140907
Lobares	6303658	-8.4541576	41.4510768
Penelas	5760816	-8.2859155	42.0891165
Kanaudt	7162892	-66.2138934	-17.3719967
Tenneck	2086150	13.1744631	47.4945786
Regatta	1850508	-122.2369826	37.5366816
Pereira	6594090	-8.6330164	41.9499387
Rampina	7640189	8.5534922	44.8602726
Pereira	7738568	-75.6946721	4.8051912
Jagusie	7062059	22.4898143	53.0321759
Nob Hill	2084853	-81.4687375	28.5547782
Dunamar	3912155	-60.0876558	-38.8568836
Maradun	3706965	6.3270017	12.7162900
Kletnia	5575593	21.7710166	51.6266120
Herrick	195191	-99.1882573	43.1166695
Lipniak	7816117	22.5225671	51.6604751
Gutiérrez	1421811	-74.0224684	4.1491241
Dorheim	4148522	9.2316952	50.9811563
Vergara	3277248	-53.9380666	-32.9438064
Vergara	1354486	-74.2981103	5.1259673
Papayal	1986985	-80.2845930	-3.5660561
Agourai	2808106	-5.5920136	33.6359915
Ochodza	3325666	19.7490707	49.9722739
Casitas	1986980	-80.6216762	-4.0190870
Kumečiai II	6895737	22.8909003	54.5796098
La Oliva	5502158	-5.9694973	37.3659022
Cullera	343971	-0.2647679	39.1643320
Liukiai	7010862	22.7403355	54.4935818
Coishco	1953236	-78.6177398	-9.0287110
Shatian	5664242	113.5965717	22.9013859
Palmete	5793971	-5.9292598	37.3771645
Yenegoa	3715852	6.3791402	5.0646751
Biernes	6820313	4.9176232	48.2565574
Abu Snan	1399119	35.1647933	32.9667002
Tamedit	2754010	-4.2203411	34.7086656
Pinamar	2578279	-55.8564508	-34.7748606
Sonamai	7098441	85.8052448	26.8510835
Bni Ayat	2887214	-6.6614203	32.2027056
Dellwig	3176320	6.9214233	51.4886960
Riebnes	2180709	17.1388034	66.5057109
Carniol	6834859	5.5998042	43.9757845
