Jiangxi	913109	115.5125915	27.2844304
Sarawak	3879784	113.1181794	2.9202520
Jeantes	153018	4.0686189	49.8141397
Amplier	2804541	2.3952547	50.1356594
Drenthe	47540	6.6887839	52.9080019
Tangier	2758781	-5.8186325	35.7642402
Évricourt	1433701	2.9169528	49.5706345
Onnaing	53706	3.5952790	50.3858809
Hainaut	157559	4.1251731	50.3624612
Denguin	2194745	-0.4992199	43.3738848
Saffres	141135	4.5801607	47.3661598
Courban	149430	4.7394516	47.9092447
Domarin	76072	5.2473630	45.5827323
Escoire	76377	0.8494466	45.2066896
Citerne	1290654	1.8151308	49.9793677
Anhiers	56304	3.1546238	50.4037169
Santena	43839	7.7777961	44.9408873
Cendrey	1335880	6.2481006	47.3935713
Unchair	2592334	3.7476137	49.2875347
Allamps	2772997	5.8164776	48.5505952
Boissia	1108680	5.7220539	46.5799779
Besnans	939907	6.2506872	47.4493540
Cernans	546939	5.9334318	46.9344405
Cressia	1265380	5.4868208	46.5275472
Couches	2638260	4.5623089	46.8741047
Reignat	390947	3.3575058	45.7477698
Makueni	3492708	37.8771714	-2.2570931
Benguet	52304	120.6968466	16.5515410
Al Khawr	27329	51.4322724	25.7567498
Garissa	3495541	40.3563868	-0.5236031
Burnand	3346544	4.6324107	46.6014649
Miellin	296444	6.7461936	47.8061880
Davayat	122692	3.1143976	45.9467184
Crenans	140495	5.7442334	46.4689370
Vinadio	42966	7.0947094	44.2761308
Bobigny	131240	2.4418944	48.9069436
Langast	381185	-2.6472190	48.2799851
Bergolo	43302	8.1781992	44.5524543
Sambuco	43076	7.0844173	44.3471300
Domazan	384253	4.6569701	43.9399821
Lempdes	118472	3.1905107	45.7719372
Codolet	384853	4.6978115	44.1263421
Mapello	45782	9.5376415	45.7091401
Frampas	1407743	4.8334745	48.5204372
Joannas	2573950	4.2475632	44.5738487
Navales	342400	-5.4801932	40.7781751
Herford	146654	8.6543209	52.1135784
Varaire	124675	1.7217317	44.3722706
Rohaire	2031636	0.8379864	48.6672450
Arboras	163150	3.4775879	43.7200561
Friaize	274210	1.1195826	48.4319642
Fatines	107678	0.3358294	48.0471464
Brioude	124562	3.3880761	45.2965470
Ygrande	2888988	2.9389541	46.5470856
Azay-le-Brûlé	146559	-0.2665567	46.4059972
Ambilly	104968	6.2232325	46.1957499
Viglain	149692	2.2896661	47.7329609
Maresme	2140187	2.5091720	41.6024132
Charray	2070506	1.3385386	47.9695345
Fayssac	135608	1.9805067	43.9614078
Alovera	343574	-3.2476147	40.5898054
Praiano	40639	14.5280129	40.6160215
Lupiana	346660	-3.0388806	40.6156423
Mantiel	346664	-2.6643355	40.6293071
Laviano	40745	15.3344755	40.7720854
Itamogi	315047	-47.0459598	-21.0741799
Mardore	906527	4.3448023	46.0680500
Beyssac	120555	1.4248319	45.3691247
Adriers	132405	0.7888493	46.2621390
Daverio	46045	8.7649949	45.7729795
Griante	46693	9.2414456	45.9949568
Qianjin	2106395	120.2930237	22.6270570
Trebnje	1681522	14.9924478	45.9081386
Cubillo	343481	-3.9184177	41.1081441
Mandres	1028984	0.8577222	48.7549760
Gamones	344599	-6.1770988	41.4643773
Allueva	345364	-1.0393147	40.9803190
Riodeva	342879	-1.1454008	40.1250182
Losacio	339860	-6.0438651	41.7154594
Antalya	223132	31.9349073	36.7601134
Kasdorf	540457	7.7789309	50.2013455
Gelting	1145085	9.9037235	54.7448858
Cubells	343961	0.9525434	41.8275399
Miramas	70525	5.0175599	43.5843464
Le Faulq	135552	0.3173315	49.2396948
Blansko	441780	16.6528471	49.3602186
Galatro	39628	16.1326200	38.4639358
Herdorf	421958	7.9416550	50.7802596
Pignola	40606	15.7954252	40.5791588
Piolenc	187033	4.7733942	44.1785976
Lopigna	138789	8.8542522	42.0887427
Carisio	44977	8.2052454	45.4262917
Ellerau	442763	9.9268442	53.7594998
Chiasso	1684659	9.0144483	45.8290292
Godrano	39386	13.4150238	37.8610283
Nurachi	40169	8.5446920	39.9650655
Cortale	39716	16.3922126	38.8203170
Vellahn	1451529	10.9555388	53.4095760
Gordona	47054	9.3254332	46.2797688
Nandrin	2005240	5.3998214	50.5163411
Vielank	1451539	11.1851766	53.2374695
Nyírpilis	1452128	22.1990922	47.7721617
Villaco	341218	-4.2667376	41.7326731
Süderholz	372322	13.1594880	54.0811969
Comares	341060	-4.2543277	36.8583622
Somogyvár	1368049	17.6813014	46.5879043
Bagneux	74027	3.2778174	49.4594986
Rubiera	43416	10.7863800	44.6671612
Bavispe	5605584	-109.0701179	30.6495863
Galshir	7304536	110.7367396	46.5029125
Tetipac	5606492	-99.7003997	18.6588063
Zoquitlán	4000602	-96.9347118	18.3853600
Edremit	1815033	26.8853098	39.6716400
Edremit	1778677	43.3383701	38.3994023
Evciler	1263746	29.9348327	38.0739821
Camrose	4544637	-112.8334953	53.0114245
Dreisen	1254396	8.0063489	49.5978060
Oulunkylä	188133	24.9467161	60.2293248
Ihtiman	1978771	23.7860452	42.4859445
Canzano	42111	13.7979990	42.6567878
Bothell	237656	-122.1972175	47.7734586
Lagarto	303894	-37.6641168	-10.8821902
Guaduas	1412596	-74.6662024	5.2044463
Soledar	3936702	38.0484434	48.6957645
Bireuen	5474497	96.5922292	5.0841645
Hardert	444702	7.5233915	50.5147041
Pochaiv	3167388	25.5068184	50.0035945
Golaten	1682452	7.2427197	46.9883674
Gavello	44011	11.9414888	45.0251695
Zlínský kraj	442449	17.6460916	49.1969199
Araruna	301427	-35.7735450	-6.5281491
Chastre	2106898	4.6219472	50.5956367
Coremas	301366	-37.9440547	-7.0704919
Modrava	436197	13.4713889	48.9974570
Forheim	962452	10.4552203	48.7570938
Sandaun	311777	141.8150592	-3.8873360
Bagneux	37025	2.3081730	48.7979299
Alviano	42093	12.2798161	42.5886866
Cuitegi	301316	-35.5223950	-6.9021749
Itatuba	301278	-35.6352775	-7.4066219
Koněprusy	442213	14.0670945	49.9240284
Newberg	186668	-122.9573976	45.3070890
Sartana	3940356	37.6911261	47.1774030
Fiastra	42295	13.1678625	43.0301969
Okinawa	4556086	127.8062474	26.3479965
Palmelo	334536	-48.3963379	-17.3060000
Edmonds	237658	-122.3865092	47.8201256
Pelechy	438310	12.9081219	49.3862224
Nitscha	52338	15.7413104	47.1177986
Colonna	41578	12.7594218	41.8290545
Gampern	103078	13.5535424	47.9965980
Wantagh	175638	-73.5134384	40.6626374
Duingen	1168897	9.6785355	51.9892993
Duingen	6683478	9.7008360	52.0091376
Burggen	936754	10.8063659	47.7707836
Apensen	446434	9.6159897	53.4448666
Tanvald	438925	15.2985819	50.7441199
Altenau	1421437	10.4510184	51.8039886
Juarina	336738	-49.0958291	-8.1275000
The Bund	2142077	121.4876320	31.2353356
Everode	1168908	9.9095224	51.9539504
Boffzen	1184653	9.4033613	51.7490014
Bouchet	68304	4.8834016	44.2968280
Schlier	2808302	9.6913236	47.7915862
Bondorf	722093	8.8235218	48.5198534
Grainet	958952	13.6510409	48.7975818
Heinsen	1184612	9.4253399	51.8734071
Sampaio	336835	-47.9101392	-5.3235000
Pravice	437256	16.3526479	48.8451291
Cucukan	3815211	110.5223161	-7.7657566
Kanonji	4051277	133.5529763	34.1229535
Chikugo	4008389	130.4898374	33.2130314
Okazaki	4548232	137.2563283	34.9509662
Warakas	5802165	106.8768809	-6.1205405
El Molle	3995069	-67.2812355	-47.0870874
Nádasdladány	1361438	18.2491372	47.1344732
Eglisau	1682114	8.5254346	47.5721875
Metelen	155786	7.2033800	52.1499169
Ardmore	185112	-97.1344386	34.2307094
Reedley	112455	-119.4502702	36.5969275
Ralivka	5409177	23.2520612	49.5088284
Sebring	117663	-81.4570402	27.4904740
Tangier	207000	-75.9915821	37.8237825
Saignes	3027843	2.4833010	45.3334118
Koskela	187825	24.9699412	60.2193083
Hlyboka	4596353	25.9272384	48.0828462
Berikon	1684268	8.3872002	47.3529931
Negrete	1658517	-72.5582417	-37.5953286
Saumane	2928208	3.7700365	44.1176359
Moosach	929917	11.8733286	48.0355478
Dornhan	943746	8.5247637	48.3609678
Tamaqua	187760	-75.9041704	40.8058204
Mauldin	193988	-82.3058303	34.7840574
Lendorf	408227	13.4298439	46.8614244
Brunegg	1684282	8.2186373	47.4211041
Dendron	207025	-76.9274119	37.0381150
Selzach	1683576	7.4480488	47.2178341
Etingen	3977505	11.1699731	52.4023048
Bubikon	1682095	8.8054558	47.2703600
Warberg	1446637	10.9184525	52.1817979
Saumane	1272934	5.6837353	44.0826642
Fox Lake	125657	-88.1855911	42.4276534
Neuhütten	349416	9.4282486	50.0035375
Ellijay	119354	-84.4827712	34.6876370
Dalmeny	6426259	-106.7725091	52.3398776
De Morra	1257498	5.4448494	52.8892968
Tangkil	3814936	110.5153343	-7.6181589
Zelenka	2642356	17.7703970	48.2610224
Lac Irvi	2507687	-74.4523340	49.6692309
Lac Huit	3097717	-73.1711467	48.2760965
Lac Star	931699	-79.0716583	46.9152205
Skallen	6083679	14.8724873	60.3747057
Siecino	1370254	16.0185958	53.6188046
Kawempe	7629087	32.5780913	0.3676961
Moldiep	1438591	4.7546171	51.8085803
Het Meer	1202256	5.2578213	51.7111993
Garissa	2825497	39.6418682	-0.4554796
Zabitek	6833310	23.2045540	51.2247135
Tangier	6053068	-5.8186325	35.7642402
Vähä-Vehkajärvi	5407386	23.4622541	62.4407209
Krusasjön	2740645	14.0237610	56.4890765
Kyrkesjön	5953944	12.4864759	58.2996122
Barueri	298021	-46.8859981	-23.5109831
Kalaton	7264697	29.0596670	61.4050144
Kuusjärvi	36453	28.9367874	62.6881250
Kuusjärvi	90513	30.4216999	62.5873400
El Rodeo	2255631	-65.8752373	-28.2157172
Gulijan	7286200	22.2421860	43.3618263
Itapira	298454	-46.7456094	-22.4365000
Kantari	7083411	35.4935184	33.8968936
Rostjønna	7531017	10.0278277	61.1228948
Heisenn	5535894	9.5310338	61.1190688
Lomtjørni	5643846	9.0135476	61.8040006
Drevtjørn	5315922	6.8604594	60.5883599
Kuusjärvi	299837	25.4759358	62.2089397
Savalen	7754243	10.4634846	62.2559345
Korssjøen	4253623	11.5499720	62.4290260
Kyrkesjön	3457166	14.8948092	58.9625787
Pirangi	297969	-48.6576842	-21.0835000
Rodelas	363122	-38.6218498	-9.2500000
Gongogi	362509	-39.5640122	-14.2784895
Brumado	362504	-41.7582060	-14.2134137
Sampaio	5731121	-7.0960479	41.2909252
Lodares	5904420	-8.2940766	41.2399189
Infesta	5627853	-8.5910568	41.9042220
Barrosa	6458205	-8.7493415	38.9607379
Tyniec nad Ślęzą	6374758	16.9263575	50.8882099
Mleczna	6376579	16.8580937	50.8362095
Ranovac	6314251	21.4851943	44.4468539
Vitance	6322238	21.4066450	44.0898006
Kuusjärvi	1611027	23.6914408	61.7880677
Vähä Katisjärvi	2060569	26.0038994	61.3211169
Wargawa	5707400	19.2418122	52.1818154
Aguaray	2724898	-63.7365105	-22.2430902
Sjøvatnet	5589624	13.5294633	68.0803560
Västjuten	2572710	15.8008435	58.8109759
Limajno	85817	20.3696108	53.9260763
Douelle	122583	1.3553727	44.4709665
Goli Rid	7207492	21.7366258	42.9682840
Berovci	6171727	21.4982606	41.3001725
Sekicol	7205299	21.6786185	42.9714741
Cedrito	4468402	-66.1972896	18.2573463
Sielsee	7841249	7.2789207	53.0572675
Fox Lake	2743812	-88.1493909	42.4124494
Katagum	3722415	10.3464178	12.2884777
Dundaye	3707438	5.2353676	13.1479056
Río Punino	4515782	-77.1308457	-0.4317350
Oaks Bay	4538303	-90.1078138	29.3366764
Coelemu	1558627	-72.7360497	-36.5028618
Fox Lake	1442037	-98.5630157	48.2321719
Wenfeng	6819310	107.5161284	26.2531449
Vaughan	324212	-79.5726039	43.8370415
Fox Lake	3236232	-81.7407065	46.1614124
Yeo Lake	3877609	-82.0608356	47.5680684
Fox Lake	3363184	-81.7468253	46.5781683
Fox Lake	1795106	-80.0907821	45.8444429
Fox Lake	1446171	-79.0869684	45.5474722
Fox Lake	1799770	-80.7885959	45.9629952
Fox Lake	1790186	-80.1524866	45.5200967
Fox Lake	903087	-77.3301308	45.0971523
Fox Lake	451427	-83.4876725	42.6059506
Fox Lake	6549543	-79.3526574	45.3797998
Tabiazo	3659287	-79.7276708	0.7734557
Lagarto	3659921	-79.2456085	1.0743898
Ombessa	5621205	11.3188844	4.6270280
Efoulan	3828232	10.7799085	3.0751414
Fox Lake	3625723	-88.9105436	43.5795456
Yammata	3710799	8.4750693	12.0640095
Fonfuka	3837981	10.4401401	6.5326339
Barwati	3721225	13.7834875	12.9624336
Mawashi	3711762	8.0348025	12.5280881
Toacaso	3774382	-78.7631380	-0.7142009
Pelileo	2661633	-78.5380952	-1.3419264
Fur Lake	401074	-90.8492731	47.9768779
Tud Lake	3927673	-80.2392009	47.7132541
Jimbura	3650989	-79.4402768	-4.6606151
Fox Lake	1930236	-63.3281895	44.8491497
Fox Lake	1114658	-63.7062688	44.6795920
Penhold	4209181	-113.8706299	52.1373477
Nez Lake	2138502	-126.1408783	54.5707498
Gundari	3722372	10.4875490	11.3276314
Birpath	5953160	81.3212376	29.0975905
Bwisige	1796128	30.1394152	-1.5579104
Narayan	5878016	81.7263022	28.8584441
Bumbum B	3711554	8.1367901	13.2134200
Lac Toho	6444918	1.7714567	6.6128695
Haskiya	3709457	8.5158874	11.0158502
Gurduba	3710526	8.9475645	12.0473227
Ginsawa	3710513	8.2654467	12.0245844
Lakwaya	3710644	7.8670939	11.9699624
Banouta	6950794	85.8181523	26.7713057
Pansera	7593154	86.5826550	26.6742938
Tamrang	5810754	83.4907982	28.2805190
Fox Lake	197127	-79.3476083	35.1681015
Lake Sue	1168308	-81.3555670	28.5770465
Mekingo	1730874	29.7330520	-2.2876264
Ardmore	3719930	-103.6564288	43.0197192
Fox Lake	538274	-93.5467053	47.6027663
Clonmel	6855423	-7.9845012	52.3325306
Lac Ryan	2607533	-65.8252437	54.8858665
Fox Lake	1733402	-94.7900645	49.9627292
Tax Lake	4441713	-92.4396331	50.0485082
Fox Lake	3464852	-94.7064729	49.6189324
Fox Lake	4170351	-85.7233204	49.2407583
Red Rock	7596934	-88.3337001	48.9475596
Fox Lake	4254004	-83.8737418	49.8724194
Pergola	42494	12.8645233	43.5750839
Fox Lake	557568	-94.6785041	43.6771010
The Mere	4257467	-0.1801549	54.1301727
The Mere	3208735	-0.4826093	53.8211924
The Mere	7585318	-2.8842798	52.9087977
Qianjin	2170124	105.0669396	32.4400091
Shetang	6791200	105.9615107	34.5705729
Ghoreta	5960249	81.9622621	28.6278576
Jinakhu	7686217	86.2525696	27.0936732
Laukath	6851976	85.4708136	26.9508252
Pokhare	6700663	86.6593988	27.3093053
Ratmata	6701729	86.6009433	27.3159444
Talakhu	7725398	85.4354260	27.8468651
Phulban	5972603	82.2755597	28.0072211
Sappata	4711462	81.7560438	29.3942460
Bumiraj	5907890	80.7431537	29.5582291
Thawang	5858374	82.7122000	28.4839309
Ossiach	106205	13.9978679	46.6715967
Analkot	7709649	85.5929363	27.6760983
Rambura	3972610	29.4956146	-1.6854152
Ruramba	3963677	29.5177778	-2.5753155
Itapeva	298034	-48.8819327	-23.8965000
The Mere	3744253	-0.4128603	54.2594382
Talmaza	1811555	29.6377126	46.6019202
Yeo Lake	3981161	124.2573494	-28.0023556
Fox Lake	2126467	-134.0644491	60.6412288
Fox Lake	1475727	-114.4170282	62.4843282
Fox Lake	1795283	-94.8642131	56.0162117
Fox Lake	1415087	-101.3968869	54.6592192
Sheohar	1960150	85.3202004	26.4872921
Mehring	1260244	6.8299615	49.7928084
Calhoun	130808	-87.2606775	37.5408675
Watauga	6571694	-97.2501662	32.8731585
Mehring	942043	12.7877845	48.1852795
Saginaw	6571681	-97.3658110	32.8513914
Catoosa	184210	-95.7478524	36.2020915
Calhoun	119784	-84.9554544	34.4912715
Hingoli	1991161	77.2180415	19.5364270
Olosega	253745	-169.5999411	-14.2019146
Blatten	1685279	7.8568410	46.4436310
Hi-Nella	170693	-75.0206821	39.8370595
Progale	6754986	23.5383870	52.7351125
Neuhütten	1257092	7.0437291	49.6586398
Brioude	3070420	3.4906484	45.1169043
Lengnau	1684350	8.3270563	47.5267699
Sobrado	343889	-7.9890541	43.0585530
Chimayo	171126	-105.9302448	35.9979229
Mill Bay	535357	-123.5469695	48.6514626
Skjervøya	4472944	20.9618447	70.0337956
Petalas	812358	21.0931094	38.4140379
Maragos	536714	23.5004087	39.1515207
Paploma	531593	26.7809386	37.3093917
Fenuola	3593653	166.3083127	-10.2403550
Skogsøyna	4782757	4.8116708	60.5580677
Talmine	4171620	-0.4887565	29.3095365
Fox Lake	251703	-88.9097382	43.5613125
English	127657	-86.4652101	38.3413285
Rhodell	239977	-81.3060875	37.6111405
Kallmet	1248932	19.6817536	41.8332338
Hiitola	3225746	29.6951595	61.2367423
Blokker	1335712	5.0810081	52.6582242
Le Vigen	116023	1.2905798	45.7444120
Merauke	7754475	140.0081544	-7.8708321
Andělská Hora	439386	17.3673612	50.0875701
Lempira	4627393	-88.6176969	14.4548420
Ivachiv	3166637	25.0849343	49.7697852
Rainier	186784	-122.9517978	46.0950105
Gowarczów	4451361	20.4330475	51.2722872
Droblin	6135042	20.2110418	50.4961637
Wind Gap	189055	-75.2899767	40.8493199
Hinsa küla	350674	27.2043730	57.7603885
Hansi küla	352724	26.9086291	57.7742225
마천1동 (Macheon1-dong)	3880787	127.1554576	37.4947799
Wenbing	3939204	103.5331599	27.1558264
Miralta	5296722	-64.1125243	-31.4239485
Trangie	5810755	147.9030927	-32.0668096
Egsdorf	3560364	13.8139477	51.8337717
Veredas	6116847	-45.8660067	-18.1492050
Sampaio	7549844	-52.1451516	-29.4950230
Guachos	2660037	-51.0238850	-21.9778473
Ivanhoe	5734062	144.2461777	-32.7020040
Pirangi	5683217	-48.6576842	-21.0835000
Lubiano	4120421	-2.5741930	42.8873726
Rajecká Lesná	1859087	18.6633636	49.0270350
Arriola	6880265	-2.3826169	42.9258021
Coremas	6217264	-37.9440547	-7.0704919
Araruna	6212108	-35.7735450	-6.5281491
Sobrado	6209137	-35.2381316	-7.1673175
Sagrisa	7535055	-52.6047597	-27.9760971
Itapeva	5683134	-48.8534091	-24.0050001
Sobrado	5353198	-40.7368296	-9.1573935
Kunda küla	353016	26.5601474	59.4887796
Kiska küla	351000	23.8276050	58.5777849
Saksa küla	352330	24.8815256	58.9454091
Manni küla	351847	24.4090171	58.7347282
Koigi küla	353141	24.7592646	59.0805200
Võisiku küla	350630	25.9203966	58.6134589
Koigi küla	354900	25.7623249	58.8314228
Karumai	963773	141.4711249	40.2990395
Võrungi küla	352291	24.2267483	58.5669041
Lagarto	6170263	-37.6641168	-10.8821902
Itatuba	6214926	-35.6352775	-7.4066219
Brumado	6402358	-41.6593075	-14.2950733
Gongogi	6618567	-39.4844934	-14.3067614
Lieblos	3304355	9.1335107	50.2135326
Hozelec	2275141	20.3388673	49.0296081
Itapira	5683135	-46.7547833	-22.4560000
Tepia küla	353468	27.4689049	57.7550075
Nitrica	2187802	18.4647237	48.7052097
방학3동 (Banghak3-dong)	3883062	127.0233476	37.6632355
Laupa küla	351514	25.3620875	58.7686289
Kunerad	1859082	18.7648647	49.0794033
Aburi küla	351824	26.2637374	59.1865319
Lombi küla	355429	26.7542358	58.4446243
Barueri	5684851	-46.8593073	-23.4964770
Jarovce	2208774	17.1022716	48.0613965
Tiquaruçu	6089874	-38.9410422	-12.0640001
Peedu küla	352663	25.6619872	59.1848075
Pragi küla	352267	27.0272331	57.9911280
Kayumba	5748671	27.4735877	-11.7147999
Miralta	6156152	-43.9249651	-16.4757534
Cuitegi	6212577	-35.5223950	-6.9021749
Ardmore	6705670	-7.7378479	51.9594675
Sobrado	5987084	-8.4704087	41.2198106
Alvados	6548209	-8.7685814	39.5567615
Marecos	5928150	-8.2910140	41.1886996
Sobrado	6021203	-8.2683302	41.0446324
Saint-Géry	3434220	4.6202848	50.5766054
Malonne	2337285	4.8084602	50.4349699
Eliksem	4722120	5.0074922	50.7871013
Rosedal	5245911	-64.2262640	-31.4340078
Koigi küla	352009	22.9688718	58.5041316
Itapeva	6482508	-46.2301586	-22.7071665
Tamfula	6669428	87.5770436	27.1130182
El Rodeo	3951931	-58.7278826	-34.6212291
Mullagh	6794286	-9.3920605	52.7862278
Genie 2000	4525201	-3.9252021	5.3652727
arrondissement de Hay Mohammadi مقاطعة الحي المحمدي	2801458	-7.5713180	33.5895322
Ardmore	6705671	-7.6859032	52.0242714
Bozevac	6308460	21.3801069	44.5471519
Togher A	7022249	-8.4918241	51.8787244
Dromina	6911417	-8.7949892	52.3143392
Cratloe	6800545	-8.7575609	52.6924735
Egsdorf	5711197	13.5693120	52.1305981
Reola küla	353420	26.6919095	58.3059993
Königstor	969003	8.8634156	52.2889471
Bruneck	1572221	11.9405639	46.7932941
Kaczyce	7700419	16.2990005	51.6265336
Riadove	4672829	33.5352694	48.2339360
Hilbert	251443	-88.1600697	44.1391145
Loraine	126103	-91.2228865	40.1496785
Herveld	334205	5.7486310	51.9131873
Bay Park	175586	-73.6678724	40.6299339
Panivci	3167334	26.3108584	48.5800987
Andělská Hora	439498	12.9563549	50.2049343
Galeton	188754	-77.6426610	41.7370815
Ameryka	6924668	20.3136476	53.6109405
Bonivka	7083187	25.7623042	50.0760718
Sebring	182689	-81.0224198	40.9217815
Spangle	237969	-117.3808521	47.4287251
Katlijk	1418396	6.0276119	52.9385474
Hathern	2399718	-1.2547937	52.7960817
Lavonia	119931	-83.1046295	34.4350629
Foraker	184991	-96.5690777	36.8726745
Schmarl	288468	12.0808047	54.1250628
Ingalls	127617	-85.8053054	39.9565010
Eustace	114644	-96.0130807	32.3106440
Tregear	5470542	150.7927363	-33.7451590
Shmidta	3942875	38.1679688	47.7191935
Kaczyce	5642020	18.5934195	49.8371664
Levinka	6530492	86.4245956	51.9841629
Suganka	1990864	55.1920697	56.8193291
Saginaw	4053369	-76.6735026	40.0650114
Tarinci	6785965	22.2233775	41.8009750
Vojnica	6806511	21.7491247	41.6052066
Stenche	6908545	21.0410048	41.8675954
Javorec	6437984	20.8791023	41.5226821
Sekirci	6453049	21.4169898	41.4758367
Dalgety	6063932	148.8277985	-36.5217745
Mazirbe	1828679	22.3315152	57.6773060
Kikoira	5820714	146.6576490	-33.6658095
Paringi	5738665	142.3890109	-34.2880356
Soldina	2832960	28.0749705	59.3730873
Milvale	5989364	147.9133042	-34.3307236
Hundred	239886	-80.4577228	39.6839679
Tiengen	1956589	7.7287651	47.9815440
Pingree	181634	-98.9091359	47.1642570
Drugnia	6303027	20.8556986	50.6518275
Bobigny	1637468	2.4344665	48.8845652
Antolka	3482025	20.1067593	50.4008821
Ublinek	6566873	21.3982610	50.7444190
Granite	186800	-118.4192830	44.8114710
Itapeva	315432	-46.2301586	-22.7071665
Between	119748	-83.8049028	33.8170220
Sobrado	301385	-35.2381316	-7.1673175
Telopea	5632637	151.0411885	-33.7938536
Twardy Róg	6829684	23.0075167	53.7630957
Estella	5919070	147.3509330	-35.0756949
Elk Park	180147	-81.9805680	36.1580819
Buckner	126903	-89.0171011	37.9803465
Rudenka	3608153	36.8091757	47.3531531
Calhoun	195975	-84.7449506	35.2980270
Red Rock	185261	-97.1796167	36.4600614
Rainier	238004	-122.6896398	46.8925415
Strużnica	2936240	15.9012341	50.8321481
Ardmore	197419	-86.8590323	35.0062649
Brocket	181682	-98.3520006	48.2089670
Daromin	6553265	21.6218447	50.7744138
Stidham	185145	-95.7008063	35.3685180
Killona	131711	-90.4902809	30.0000585
Ivanhoe	137315	-96.2519517	44.4644914
Granite	199010	-111.7843567	40.5676539
Kunerad	2227534	18.7648647	49.0794033
Patonga	6038981	151.2804019	-33.5408532
Medowie	6059136	151.8902449	-32.7405639
Carwell	6058954	149.9043861	-32.8404077
Dalwood	6058992	151.4194095	-32.6314144
Boronia	2410507	145.2896964	-37.8534950
Tawnagh	5646622	-7.7159951	54.1469043
Vrapice	435864	14.1559858	50.1657713
Boloona	4631036	-9.1090437	53.0758970
Lenaboy	4039896	-8.6582081	53.5407659
Killark	5674030	-6.6819446	53.9241426
Cummeen	5670963	-7.4514772	52.2350818
Brucken	5822558	-8.7008446	53.2012760
Mullagh	5357492	-8.0646209	53.4542953
Cratloe	5579387	-8.7346186	52.6856009
Clonmel	5362275	-6.2734934	53.3916971
Dromeen	5146109	-8.9321227	52.9581720
Cummeen	6045185	-9.2427311	51.7126390
Ardmore	3583429	-7.4172332	54.3237190
Ardmore	4714457	-8.2349427	53.9201652
Hozelec	2275099	20.3388673	49.0296081
Nedamov	427473	14.5650347	50.5317453
Bunduff	3550699	-8.3776952	54.4632391
Taurbeg	6105258	-9.1282914	52.2525656
Moodoge	3640274	-8.3816614	54.3718441
Coolfin	4537830	-7.5474549	52.8800922
Tenaghs	4287079	-6.2030684	55.1291203
Ardmore	4800926	-8.3565916	51.8711423
Clonmel	4230353	-7.0645134	53.2615873
Mullagh	4261817	-7.1488216	53.7393562
Owencam	5651369	-7.7846480	54.1370585
Ardmore	5968341	-8.7786840	51.6493151
Mullagh	6149986	-9.0452988	52.5661603
Carhoon	5640377	-8.3397314	53.1627054
Talayan	1552372	121.0113783	14.6351051
Mullagh	6171050	-9.7407663	53.7481963
Mullagh	4440773	-6.6341014	53.4581342
Marilândia 1ª Seção	7037673	-44.0497894	-19.9986715
Cornode	5427371	-8.3666929	52.9012091
Windgap	5830771	-7.6657337	52.0567473
Tawnagh	5318814	-8.1204417	53.4379937
Kilglin	4433798	-6.6907639	53.4229003
Tawnagh	2324116	-7.6916802	53.8544204
Tawnagh	6364970	-9.4734824	53.7671609
Maudlin	4551747	-6.7800925	53.5466849
Corbaun	5806784	-8.4374946	53.1889221
Toohana	6278635	-9.5980431	52.4740280
Cloonan	5883488	-9.4077415	53.8252364
Dergany	4660899	-7.5013629	54.4872312
Jarovce	2208759	17.1022716	48.0613965
Tawnagh	4236715	-8.4035503	54.1062276
Tawnagh	5832819	-8.9313973	53.8492148
Carnroe	5394065	-6.4732847	53.9905084
Mullagh	4136970	-7.3612889	53.7138648
Tawnagh	3584484	-8.4825024	54.0188856
Coolfin	5157089	-8.8159500	53.1228452
Dooreel	5972007	-9.8739007	54.0235279
Rosbane	4536403	-6.4433006	52.8074581
Mullagh	2377133	-7.8255510	53.7293567
Breakly	5490340	-7.3038549	54.3708418
Ardmore	4866017	-6.8977863	55.0327685
Mullagh	6107797	-8.9071897	53.5390530
Killark	5560590	-7.2797382	54.1054526
Magowna	6184325	-9.0676138	52.8291275
Mullagh	5725034	-9.4915054	51.6526035
Ardmore	4127579	-7.3151871	53.5152200
Lugfree	6123918	-8.1549933	51.8078535
Dergany	4631869	-7.5099534	54.4849117
Ashpark	3393697	-6.4109861	53.5806741
Moodoge	4644652	-7.2072284	53.8596407
Katinen	304210	24.5042627	60.9934664
Tawnagh	5632995	-8.0542478	54.6448229
Tawnagh	6156949	-9.3473608	53.6846858
The Hill	5989984	151.7751377	-32.9332479
Sampaio	5520359	-43.2608480	-22.9025904
Curheen	4256852	-8.5919780	53.1827720
Ardmore	6084565	-8.7200746	52.3409781
Oxhagen	6424202	16.3374618	56.6757289
Mullagh	5955416	-8.5178150	51.7642172
Boleany	2305376	-6.2730151	52.6394234
Magowna	6185187	-9.0517699	52.8876019
Glenaun	3374086	-8.2358867	53.2777974
Doobehy	6103367	-9.4389840	54.1577515
Coolock	4204337	-6.2035222	53.3889240
Croneen	3558874	-7.6015591	54.5434177
Carhoon	4799588	-8.8596638	53.0265448
Ardmore	4175353	-9.2291255	52.9373074
Nambrok	2609623	146.8537491	-38.0844900
Manulla	5760364	-9.1831504	53.8328096
Dalwood	6069816	153.4139512	-28.8939210
Dalmeny	6079501	150.1107134	-36.1640699
Cratloe	6370291	-8.7417874	52.7016907
Windera	6058058	149.0205722	-33.2060763
Keelrin	5437276	-7.7077532	54.0338891
Killoan	4183405	-7.5596617	54.6349114
Yalpara	6370489	138.8315342	-32.5073343
Mullagh	5482317	-7.4830775	54.6860910
Cowarie	6204061	138.4187466	-27.4684218
Ardmore	5149955	-7.2807350	54.9557760
Mullagh	2220486	-7.9673366	53.8882162
Biliboy	1446497	124.6154884	11.0411629
Coolfin	4149103	-7.9520398	53.1938336
Cummeen	4148599	-7.9604688	53.1906342
Ardmore	3363073	-9.7726820	53.3087098
Ardmore	5880447	-9.5480835	53.7948598
Ardmore	5508551	-7.2687591	55.0777383
Ardmore	5959010	-8.3816643	52.4227417
Cummeen	6327016	-9.6060803	51.8166421
Ardmore	6231063	-9.9927599	51.8008668
Ardmore	5940795	-10.0114816	54.1948264
Corbaun	4859957	-8.0600355	53.8924214
Red Rock	6063758	153.2108241	-29.9976924
Bulcaun	5653514	-8.7779657	53.9524478
Maudlin	4772849	-7.2520480	52.7683900
Maudlin	4772850	-7.2461547	52.7719648
Crudine	6056414	149.6783248	-32.9819712
Tomalla	6063831	151.5102472	-31.8312442
Moglind	5609422	-8.0287516	52.7195393
Rajecká Lesná	2227549	18.6633636	49.0270350
Lenaboy	2385779	-7.6428296	53.6511882
Ardmore	4685008	-8.4353655	53.9080388
Kantola	304226	24.4860913	60.9863136
Ramsden	4235191	-1.4905042	51.8327857
Hawling	6019962	-1.9038264	51.9113733
Gortbeg	6284121	-8.7925371	53.4564793
Gortbeg	6284120	-8.7815232	53.4558088
Mundham	1022635	1.4373864	52.5229346
Cummeen	6105121	-8.8062540	52.5495786
Samuara	2527273	-51.2609685	-29.1880974
Coolfin	4537829	-7.5508121	52.8818820
Coolfin	4054827	-7.4920313	52.9159472
Stalham	1022679	1.5105683	52.7692175
Mullagh	4634228	-6.9614216	53.8176939
Bunavie	5991681	-8.3607486	52.5682192
Spaglen	5947523	-8.6417404	52.1503768
Drummad	4767006	-8.6419986	53.8223745
Lavy Beg	5539474	-8.7859812	53.9602792
Tawnagh	5806745	-9.1257216	53.5782032
Shipham	2722537	-2.7856762	51.3142921
Ashwick	2917155	-2.5311331	51.2245938
Ardhoom	5806388	-9.0411081	53.9391070
Edgcott	3804465	-1.0291399	51.8909170
Mullagh	4470834	-8.2970149	54.2413081
Maghull	7623388	-2.9375622	53.5111779
Rzeczanów	4559966	20.6920917	49.5062612
Tawnagh	6067101	-9.2932367	54.0092146
Mullagh	5499394	-7.4604221	52.3650386
Ashpark	4201685	-8.3820832	53.7073332
Beloura	7817933	-9.3688460	38.7655535
Liptice	432838	13.7370314	50.5845821
Horní Světlá pod Luží	434378	14.6259305	50.8363813
Hlupice	431991	14.2177718	50.6217026
Tanvald	430903	15.2883409	50.7459559
Glenish	5644423	-6.9291178	54.1764279
Bingley	6192104	-1.8281795	53.8591112
Jiříkov u Rýmařova	433661	17.2847149	49.8553173
Moodoge	5298031	-6.4274970	54.3357921
Corneen	5652529	-7.1290490	54.1103343
Burgate	2800263	1.0481333	52.3316818
Claydon	4663316	1.1193271	52.1016214
Beetley	1022320	0.9105198	52.7309220
Blansko	429673	16.6450611	49.3621288
Corneen	5642981	-7.6435506	54.1316105
Cummeen	2964919	-8.5284810	54.2763822
Ranaghy	5948925	-9.4159173	53.8650603
Ardmore	5162165	-8.3150448	53.6365943
Camowen	4668721	-7.2432217	54.5636315
Oldřiš u Poličky	428548	16.1948075	49.7321327
Sokolníky	2210107	18.1068975	48.3815583
Carnirk	3864134	-7.8736262	54.4406635
Tawnagh	5964012	-9.1030902	53.7236423
Mullagh	4595080	-5.6787428	54.3800913
Lovaina	6410268	-2.6780109	42.8459269
Compaya	7657178	-12.2843833	11.3699958
Tawnagh	5862971	-9.0189771	53.7643340
Bulcaun	6106974	-8.9354978	53.5482975
Ardmore	4647143	-6.9641739	53.0342685
Ardmore	5200591	-6.4259049	54.5069275
Koněprusy	423610	14.0697154	49.9228650
Lhovice	423963	13.2598156	49.5000799
Artolec	426460	15.1369149	49.0046382
El Rodeo	5806024	-6.3716742	39.4650665
Furkeal	5975979	-9.5628244	51.7283090
Smarden	2503722	0.6873151	51.1512279
Bunduff	3551366	-8.4202495	54.4463114
Martham	1022476	1.6221386	52.7109438
Saxtead	4780207	1.3015420	52.2389646
Pravice	428995	16.3526479	48.8451291
Chidlow	1539647	-2.7402364	52.9996638
Ardmore	4279109	-6.2863703	54.6471655
Pelechy	431049	12.9081219	49.3862224
Mutyněves	426409	15.1277571	49.1673950
Highley	7052557	-2.3819955	52.4480672
Coolfin	5515520	-8.3775134	53.0977007
Gowdall	571828	-1.0604884	53.6939754
Andělská Hora	427419	12.9563549	50.2049343
Dromina	6084581	-8.8062059	52.3090252
Fatthen	5582774	-8.2615070	52.8610842
Frolick	5380151	-8.2275798	52.9572701
Pfersee	3649712	10.8714816	48.3618007
Carnroe	5648395	-7.2236881	54.1297656
Ardmore	3258214	-8.3647359	53.9591270
Tawnagh	5763014	-8.8765832	53.7100339
Bunduff	5763007	-8.8496376	53.6933841
The Pike	6075959	-9.1044016	51.6616290
Cassini	6664714	137.2991949	-35.6774691
Drumlea	5445048	-7.7315453	54.0197945
Mullagh	4846582	-6.9561974	55.0380516
Boughil	5389844	-8.3066737	53.4840422
Dalwood	3406734	-3.0833337	50.7944782
Cadbury	3323233	-3.5539820	50.8375361
Ardmore	3344278	-10.1214180	53.5028891
Kiniska	6092702	-8.9190942	53.3515128
Ardmore	5303676	-7.3695425	54.9123978
Lenaboy	4092407	-9.0744065	53.2619376
Dromina	5651815	-6.9905227	52.2083665
Coolfin	4166664	-7.5639576	53.4000135
Mashtal	2964545	44.5239356	33.2984254
Cleraun	2544656	-7.9446178	53.5522458
Kishoge	4542879	-6.4276325	53.3350792
Dromain	4227955	-5.8604577	54.8696141
Coonoge	3161913	-6.7259182	52.4193925
Dungeer	3139987	-6.6760840	52.3465883
Keppoch	6714047	140.5317752	-36.7207952
Mullagh	4836504	-6.6595748	54.8367977
Rarogan	5416073	-7.1268265	54.4734114
Ivanhoe	2382185	145.0415525	-37.7681279
Gartree	4461116	-6.2953656	54.6153749
Lurgana	5321948	-6.4978610	54.2142462
Aratula	5745833	145.2849089	-35.7740257
Laharum	3162936	142.4454531	-36.8279051
Buckner	141594	-94.1982468	39.1298434
Wielkie	7804463	22.2820624	51.4522586
Latnaya	5463267	38.8947361	51.6570295
Ingalls	129745	-100.4522300	37.8281526
Kerniel	5659869	5.3616421	50.8237216
Carnuel	171078	-106.4519200	35.0723350
Katagum	3722245	10.3503718	11.6557328
Bagneux	123825	1.7578861	47.1705183
Kojszówka	4875153	19.7370106	49.6962624
Szorcówka	7090818	23.4271436	50.8192363
Watauga	195939	-82.2932522	36.3694179
Parkman	252401	-107.3004062	44.9472930
Saginaw	139788	-94.4730147	37.0255889
Ogroble	3662957	18.7341563	51.1187434
Ravinia	194888	-98.4268366	43.1379454
Sieczka	4604778	19.9326928	51.2770224
Ameryka	7119429	23.9106497	50.6334544
Granite	185121	-99.3802614	34.9595029
Ollheim	2063445	6.9032441	50.6916980
Grabki Małe	6505967	20.9408095	50.5687565
Calhoun	126703	-88.0426071	38.6511405
Mashegu	3718400	5.2392303	9.8155045
Ivanhoe	180353	-78.2491004	34.5845924
Kaczyce	6566723	21.4089783	50.7236570
Infesta	4175625	-8.0480633	41.4007942
Lendorf	4153278	9.3455130	51.0631994
Lamothe	3061506	3.4284676	45.3159300
Liezele	3896696	4.2808515	51.0548643
Buckner	130546	-85.4401050	38.3928715
Rudenka	6949739	22.4117775	49.4947131
Bagneux	116599	3.2078310	46.6480266
Araruna	297616	-52.5136141	-23.9255001
Saint-Géry	123479	1.5896756	44.4851488
Awashim	4673563	133.6331259	34.2714920
Qiaoshe	3251567	115.9532164	28.8790925
Hoxfeld	7529191	6.7986980	51.8488241
Saint-Géry	146303	0.3312601	44.9771769
Calhoun	140550	-93.6250868	38.4682079
Sobrado	340065	-6.8650787	42.5188495
Lelitek	4056793	20.4386336	51.3883383
Fox Lake	142600	-104.6365425	47.6877024
Naprawa	5012212	19.8820821	49.6598298
Camwood	2098728	-81.3552849	28.6123787
Bay Park	1123730	-81.4937641	28.4813640
Tinajas	7628540	-75.7366313	4.7903549
Bikupan	6609826	16.2315712	58.5723554
Maninho	5762746	-8.3071913	42.0970965
The Icon	3587017	77.0937521	28.4518773
Rosedal	4439180	-66.2003215	-17.3918834
Ollheim	1716916	6.8943517	50.6874475
Blokker	361648	5.0740732	52.6563470
Estella	3748984	76.9836651	28.4873429
Evlinge	6259433	18.4998986	59.2587849
Pokalen	6612198	16.1753378	58.5921779
Hindorf	7705600	9.1394365	54.0081971
The Hill	5906409	-8.5608322	53.2007262
Gelting	152464	11.8133320	48.1990792
Sudrach	4753180	10.4397035	49.8993952
Sobrado	6304095	-8.4918266	41.4125260
Mleczna	2622603	21.1704911	51.4424634
Rosedal	4871545	-63.7279933	-32.4335171
Tiengen	393190	8.2736529	47.6311840
Windgap	6897576	-80.0765915	40.4559877
Nyhagen	5886261	6.6520543	58.1383619
Bren-Lee	2088479	-81.4033492	28.5205821
Algorta	3299464	-57.3944771	-32.4230029
Velázquez	2616391	-54.2795222	-34.0331900
Bagneux	2772998	5.8724462	48.5570120
Loraine	181391	-101.5678775	48.8683303
Buckner	6603567	-93.4327443	33.3591040
Lamothe	75935	-0.6615365	43.7962174
Saignes	123920	1.8208104	44.7904372
Bagneux	1782374	3.8314291	48.5606039
Bird Key	6775456	-82.5601169	27.3186681
Jeberos	1994101	-76.2349841	-5.3099356
El Guamo	1351279	-74.9356693	10.0368251
Locroja	1933608	-74.4408576	-12.7274272
Aïn Zitoun	4471647	7.0576594	35.7137192
Tinajas	344849	-2.5726939	40.3373323
Borrika	6697451	140.0393808	-34.9757461
Santara	7514149	22.8783714	54.5691932
Santara	6950744	22.8848789	54.5859399
Old Quad	1545866	-1.2580272	51.7500161
Sollana	342742	-0.3721000	39.2840955
Shatoja	1971735	-76.6844721	-6.5152074
Bonares	343808	-6.6831042	37.2740770
Bagneux	5937553	-0.0990504	47.2407264
Edwards	175976	-75.2519366	44.3223555
Sariego	343622	-5.5518202	43.4182252
Cheposh	6534459	85.8300121	51.5885338
Ziemaki	6853334	19.8716213	53.7704334
Bni Oual	2810029	-5.6547330	34.6774245
Bni Smih	2563405	-4.7421468	35.1272425
Tisfane	2889090	-8.5812783	30.1949868
Higuamo	3449347	-69.6911177	18.7477345
Ain Sbit	2808253	-6.4473702	33.4948978
Edwards	413446	-106.6308524	39.6244570
Saurama	1931018	-73.7488577	-13.7031193
Latonka	3369241	19.2893386	49.9020412
