Picardy	8651	2.8716221	49.6017560
Eritrea	296961	38.6311031	15.2129590
Shaanxi	913100	109.5647156	35.6381144
Bayonne	166713	-1.4718678	43.4843715
Maribor	1676328	15.6320879	46.5667935
Brasles	74174	3.4269466	49.0581947
Ficheux	2917736	2.7461370	50.2250183
Huclier	2351738	2.3544650	50.4359350
Glennes	74142	3.7182872	49.3513927
Bézu-la-Forêt	1240444	1.6215216	49.3953853
Langres	904542	5.3403057	47.8594890
Chirens	184467	5.5588686	45.4146962
Gemeaux	151128	5.1492065	47.4735525
Andoins	2819250	-0.2211004	43.3007367
Baliros	2812075	-0.3077546	43.2311345
Irouléguy	168236	-1.2906235	43.1815620
Herlies	58072	2.8498533	50.5814600
Avensan	111134	-0.7556061	45.0033849
Gionges	2728827	3.9651067	48.9403411
Cintano	44957	7.6869117	45.4378931
Gravere	44152	7.0274329	45.1061353
Nancray	111772	6.1787089	47.2487398
Lambrey	1243585	5.9325942	47.7656269
Vologda	1614795	39.8725729	59.2264017
Vologda	1327509	39.8725729	59.2264017
Khentii	269885	110.3844117	47.7229623
Libaros	2545011	0.3931890	43.2489307
Lansing	134997	-84.5530615	42.7087210
Ribaute	2450395	2.6420223	43.1053059
Vriange	148711	5.5869065	47.1830132
Blanzat	110635	3.0747202	45.8250359
Annoire	158800	5.2809264	46.9583513
Maravat	132222	0.7545511	43.7600124
Dagneux	146688	5.0769589	45.8541827
Ramasse	140327	5.3536327	46.1892621
Mandray	86666	7.0016047	48.2121589
Arbigny	139139	4.9566122	46.4808326
Demonte	43012	7.3033518	44.3243070
Canosio	43109	7.0529773	44.4325825
Tramain	359899	-2.3915299	48.4002959
Voghera	43902	9.0173776	45.0138984
Cervere	43373	7.7684462	44.6270771
Sigogne	374725	-0.1603117	45.7318474
Rainans	148710	5.4754784	47.1573627
Coclois	3001332	4.3325739	48.4730803
Friesen	388460	7.1561223	47.5598631
Charpey	78683	5.0795599	44.9442400
Artigat	1997386	1.4417756	43.1454996
Espenel	86733	5.2379775	44.6892805
Orgibet	2099415	0.9389043	42.9296816
Charols	1929940	4.9536126	44.5887597
Cantoin	117015	2.8223273	44.8354575
Atienza	345632	-2.8695550	41.2061288
Kokkola	1855920	23.3494061	63.8390505
Marlhes	411413	4.3971753	45.2919593
Juatuba	368811	-44.3618371	-19.9554206
Mamonas	314896	-42.9561893	-15.0145000
Torraca	40264	15.6448646	40.1039266
Fleurie	120519	4.6939652	46.1952944
Ternand	1125786	4.5034402	45.9507717
Sieurac	1490889	2.0845000	43.8116826
Molokai	1082120	-157.0069798	21.1346165
Chrudim	439959	15.7956839	49.9470736
Combret	2573974	2.6832422	43.8333683
Cunardo	46510	8.8040198	45.9341188
Shinile	3293965	41.9281311	10.2131146
Cavally	1609804	-7.5732829	6.3032154
Mufindi	1600770	35.2273655	-8.5123087
Bozeman	142447	-111.0406024	45.6820970
Sonseca	343008	-3.9972827	39.6434944
Nieblum	1428591	8.4784610	54.6945398
Sakarya	223462	30.5470074	40.8184843
Spandau	16343	13.1817603	52.5192536
Gessate	45294	9.4292788	45.5574684
Dresano	44821	9.3667253	45.3758526
Anjouan	7174452	44.4106912	-12.2262433
Anjouan	2955050	44.4106912	-12.2262433
Alassio	42792	8.1534499	44.0137734
Bairols	1559536	7.1184448	43.9856360
Vazerac	145058	1.2709398	44.2075061
Spandau	408310	13.1857159	52.5365023
Morella	343059	-0.0803064	40.5783354
Ivatuba	297476	-52.1596623	-23.5873382
Cornuda	46202	11.9972359	45.8278687
Brugine	44577	11.9904801	45.2931974
Perales	347570	-4.5901655	42.1794593
Braives	2363375	5.1421494	50.6103150
Heusden	299218	5.1655072	51.6888802
Pinhais	297611	-49.1551685	-25.4246909
Pastena	41319	13.4877076	41.4698014
Alcover	342692	1.1566498	41.2635319
Szalapa	1359788	17.1482399	46.9910575
Paradou	422134	4.7757752	43.7070740
Cropani	39740	16.7919886	38.9559838
Amoeiro	340681	-7.9565289	42.3927551
Bezares	344312	-2.6698233	42.3638191
Cazorla	345293	-2.9465855	37.9023351
Gielert	1258412	6.9990217	49.7769391
Karpacz	2935505	15.7451981	50.7639982
Karpacz	2935504	15.7451981	50.7639982
Illorai	40425	8.9873781	40.3611002
Rousměrov	441603	16.0320693	49.4602776
La Selve	2947013	3.9947532	49.5702133
Cerinza	1352118	-72.9681476	5.9710299
Mucheln	310384	10.4365645	54.2404440
Reforma	5999668	-93.2372193	17.8688698
Espinal	4525109	-97.4290019	20.2567953
Opodepe	5606122	-110.8744746	30.0348731
Guasave	5605829	-108.5401488	25.5079162
Kartepe	1211033	30.0845373	40.6882056
Mirriah	3218900	9.1102250	13.8760000
Seyegan	5615285	110.2984335	-7.7309954
Urakawa	4079310	142.7870854	42.2045130
Yüksekova	1381573	44.2912137	37.5149205
Pocheon	2409178	127.2371423	37.9696732
Altavas	3593706	122.4690941	11.5101198
Horasan	1832453	42.1717767	40.0701879
Belison	3279592	121.9036842	10.8698338
Bunawan	3870461	125.9769500	8.1911745
Rubigen	1682627	7.5440545	46.8951876
Bayonne	170504	-74.1075998	40.6712514
Duchcov	439349	13.7321113	50.6000879
Drechow	372345	12.7968216	54.1458125
Carpino	41569	15.8674413	41.8289214
Parkano	2270669	22.9517300	62.0927850
Mollina	345099	-4.6554077	37.1373502
Obernau	416404	7.5688378	50.6640347
Willich	88547	6.5231931	51.2612857
Datteln	63509	7.3339834	51.6671726
Plateau	3720611	9.6303604	9.3762121
Vorbeck	1963818	12.0654321	53.8989875
Acquaro	39643	16.2074619	38.5285339
Schüttorf	2012781	7.2143346	52.3075052
Künzelsau	362660	9.7462308	49.2802480
Meruoca	302503	-40.4519571	-3.5727470
Žichovice	438291	13.6292342	49.2659035
Sannohe	4107349	141.1877157	40.4026469
Borsele	296229	3.8358843	51.4289113
Nivnice	437126	17.6487423	48.9722946
Aksaray	154454	33.8655713	38.5127631
Scholen	1461195	8.7718662	52.7419706
Istalif	6616028	69.0213694	34.8539528
Sillian	1016935	12.4006240	46.7414794
Legazpi	342583	-2.3349491	43.0287187
Deinste	445845	9.4777915	53.5225871
Weibern	1050563	7.1421100	50.4021929
Mardyan	6575443	66.3252589	37.0282063
Seethen	1285607	11.5626513	52.5869365
Farnern	1682439	7.6140710	47.2707109
Cassaro	39183	14.9508861	37.1021994
Les Iffs	912432	-1.8692154	48.2952251
Szelevény	1319852	20.1903985	46.8070413
Kocsola	1503182	18.1965364	46.5386840
Kolisia	6069027	122.1097397	-8.5759353
Ringebu	412414	10.3649274	61.5572191
Obihiro	4076567	143.1293234	42.7838339
Sokndal	405788	6.1595655	58.2461253
Sandnes	405654	5.8906737	58.8817548
Kenteng	5615352	110.7586599	-7.9703845
Cibubur	5802337	106.8835629	-6.3561085
Ragunan	5802374	106.8210113	-6.2968822
La Pluma	5408850	-66.6766336	-47.1816720
La Nueva	3995083	-67.3400128	-46.6621120
Mashiko	4846976	140.1140505	36.4599439
Shitara	4567394	137.5276198	35.1169235
Lulenge	5676378	28.2714085	-4.0265394
Urakawa	4079314	142.7870854	42.2045130
Nagyatádi járás	2376312	17.3877920	46.2269671
Maglizh	1947820	25.5980140	42.6399927
Irschen	386556	13.0277856	46.7705945
Tlalpan	5606523	-99.2170125	19.2008770
Gosheim	1231967	8.7635293	48.1353147
Katakwi	3497397	34.0573389	1.9733285
Székkutas	1025059	20.5320582	46.5052322
Legazpi	3488060	123.7748844	13.1410304
Węgorzyno	3012331	15.5690971	53.5381062
Wriedel	1460240	10.2529393	53.0142523
Rybnice	439766	13.3694038	49.9098868
Buckten	1683635	7.8484977	47.4123962
Kargowa	3008153	15.8583602	52.0690435
Cevicos	7384706	-69.9755152	19.0069905
Wheeler	6595956	-100.2729325	35.4405329
Langley	238085	-122.3999681	48.0347279
Yaphank	175788	-72.9309294	40.8312421
Cullman	110402	-86.8233121	34.1747584
El Cerro	347811	-5.9230142	40.3094365
Tieshan	3086572	114.9020943	30.2140520
Sannohe	4107781	141.2296831	40.3633020
Lansing	126593	-87.5445400	41.5675795
Grethem	1809681	9.5457189	52.7334421
Neuried	452987	7.8063754	48.4469158
Maynard	1832780	-71.4554816	42.4219485
Buyende	3498117	33.1703533	1.2352379
Altares	7448381	-27.2953140	38.7673652
Heusden	2722718	5.1398718	51.7357193
Mulanje	7347097	35.5412550	-15.9108801
Brandov	439325	13.3908585	50.6217271
Amsdorf	2408176	11.7251134	51.4567724
Langres	3210055	5.3652581	47.8242003
Biała Piska	2992412	22.0675359	53.6115761
Auraiya	1959117	79.5055089	26.6567764
Freisen	1184605	7.2266124	49.5422946
Sabariz	4161497	-8.4160973	41.6546087
Kuseife	1376911	35.0845158	31.2394791
Genting	3815013	110.4964820	-7.5066744
Jombong	3814986	110.5027305	-7.5359811
Lac Lavy	1567658	-71.2839289	48.0883904
Sottjønna	5139078	10.9241256	63.6514170
Løsvatnet	5201122	10.4392515	63.8410211
L'Allier	7265017	3.8040262	44.7697320
L'Allier	7265020	3.7177769	44.8640870
L'Allier	7265018	3.7956433	44.7874924
Birniwa	3703296	10.2238016	12.8049867
Dry Lake	3923295	-80.3891629	47.2973061
Yabassi	3833723	10.0288466	4.4022688
L'Allier	7265016	3.7538385	44.8206497
Lylyjärvi	35685	27.4014264	61.8320000
Douala V	3070384	9.8026914	4.1339391
Rogalin	6990481	16.9378664	52.2436137
Slatina	7481492	19.6806306	43.1943790
Cukovac	7248048	21.7333906	43.0825710
Slatina	1706508	22.4535667	44.4109125
Serrana	298237	-47.6055000	-21.2175000
Napenay	1667323	-60.6182874	-26.7321396
Biesven	1287456	5.4984870	51.3098373
Taamven	1287490	5.4627254	51.3206348
La Meuse	3282581	4.7535635	49.8597772
La Meuse	3282578	4.7535357	49.8353340
Cukovac	6657624	21.9448977	42.5268532
Kroktjønn	5708432	8.0429816	59.7325153
Vaulane	2348709	5.4549058	59.8456556
Niegoszów	6054879	16.5198889	50.8808574
Rejmontów	5730703	19.4342733	52.2952313
Glinnik	2470488	19.6614620	51.9908013
Dzierzgów	5781683	20.0453722	52.0424573
Mascote	362275	-39.4294375	-15.6545000
Slatina	7509958	20.3893132	43.0989183
Cukovac	6970232	21.5316422	43.2163814
Slatina	6330796	21.0880313	43.9270884
Lekneno	5996953	16.1401953	45.7491967
Paialvo	6483056	-8.4479675	39.5361112
Slatina	6355213	22.1316704	43.6079628
Osljane	6355495	22.3922787	43.6607256
Custica	6363342	22.5449065	43.3581301
Vidovac	6357739	22.3459970	43.5643291
Vuci Del	6665256	22.5580828	42.8811106
La Meuse	6670398	5.0715525	49.6063088
Jangeru	3707033	6.4834698	12.9831006
Niedary	6217674	17.2379287	51.3148731
Okulice	6376515	16.7280750	50.9639810
Bieliny	6845306	22.2989213	50.4426142
Slatina	6354810	22.1662265	44.0315698
Bieliny	6335984	20.9323479	50.8474188
Bieliny	3188805	21.4771635	51.4154823
Borovac	6353015	22.2797705	43.7349612
Tatanki	129469	29.1832099	66.0080650
L'Allier	1729220	3.4523998	46.0891934
Bukevje	5642682	16.2071841	45.7115187
L'Allier	1382833	3.3011631	45.4591197
L'Allier	2036726	3.2635178	45.5638418
L'Allier	2034900	3.2415577	45.5808617
L'Allier	2034962	3.2418192	45.5748668
L'Allier	2043713	3.2676278	45.4738822
L'Allier	2036578	3.2783195	45.5398561
L'Allier	2036611	3.2770637	45.5449041
L'Allier	2036580	3.2748977	45.5418149
L'Allier	2036690	3.2741183	45.5572264
L'Allier	2036711	3.2699098	45.5595961
L'Allier	2043697	3.2958954	45.4669257
L'Allier	2043681	3.2753255	45.4911709
L'Allier	2043691	3.2690397	45.4840604
L'Allier	2036861	3.2856348	45.5165555
L'Allier	2036972	3.2833807	45.5327656
L'Allier	2039031	3.2750868	45.5004586
L'Allier	2043701	3.2808965	45.4687665
Toplica	6434578	21.7539538	41.3979689
Trojaci	6434611	21.7244275	41.3736678
Nikodin	6434653	21.7235862	41.4497788
Borovac	7204663	21.5661069	42.7726040
Lylyjärvi	87859	28.1730728	64.9028749
Kroktjønn	6277933	8.6551792	58.6196539
Botijas	4467673	-66.3638192	18.2216610
Quemado	4467812	-67.0963068	18.2141401
Tumfafi	3722519	10.1543690	11.4386930
Sumaila	3710730	8.9621541	11.5066190
Dry Lake	1288820	-121.2776990	41.6825461
Dry Lake	1146402	-76.9338902	44.4133097
Dry Lake	576299	-79.9422809	42.9378894
Orillia	7106000	-79.4195004	44.6057581
Lac Rolo	910153	-77.5036255	46.3781866
Colimes	2676028	-80.0991461	-1.4793829
Cutchil	3842809	-78.8200491	-3.1491853
Bunkari	3707419	4.9209745	13.1213999
Takwasa	3703511	8.8786704	12.5993278
황학동 (Hwanghak-dong)	3884100	127.0206626	37.5679939
Alaques	3774372	-78.4978792	-0.8466602
Dry Lake	2100153	-63.0400325	44.8648322
Buniyad	6648229	84.9499880	27.0588098
Nix Lake	2780605	-88.2370615	38.8071239
Salleri	5876532	81.8251183	28.8683954
El Tigre	3487763	-75.2274332	9.4183504
Mazoji B	3711766	7.5638140	12.2798344
Nasaru B	3722471	9.5941335	11.1946916
Tumfafi	3710764	8.4698059	12.1319581
Kausani	3710602	8.8784421	11.8165430
Nichuta	6441068	84.7634158	27.1530419
Chhisti	5809269	83.5794063	28.1062832
Dry Lake	4471499	-107.8607561	47.5682972
Mazoji B	3711767	8.2159651	12.9963021
Linkhim	6664126	87.7321286	27.4477447
Dry Lake	406149	-109.8396754	33.3485325
Lac Orlo	196706	-76.3478787	46.9652982
Dry Lake	389180	-110.3920587	34.6353720
Ölvesvatn	53889	-20.0600433	65.9590584
Xiashan	6834346	116.4141062	23.2474318
Jasunja	7253884	22.0283610	43.0792875
Slatina	7220759	22.0063756	42.8420875
Loch Ore	1307891	-3.3506847	56.1460112
Taiping	2172893	104.6939709	31.7684510
Shidong	6887826	103.9894192	36.3528283
Auraiya	6823608	85.2254866	26.7745327
Mauwahi	7600825	86.4316908	26.6434284
Taiping	2167761	103.7452953	32.0879146
Kintang	7719280	85.0413023	28.0279844
Xiatang	7011520	117.2040573	32.2140321
Dashizi	6819539	107.9787420	26.5697693
ež. Redesėlis	6250394	25.4882861	55.1945668
Borovac	6655641	21.7460059	42.4078288
Big Pool	3989451	-2.2853839	52.4298668
Purbeck	1965647	-2.1256013	50.6847766
Quemchi	3078348	-73.2592617	-42.1976917
Núpsvaten	7458619	-16.4837031	66.1865747
L'Allier	2017277	3.2179242	45.6005711
L'Allier	2017299	3.2422294	45.5908200
Zajarki	1484161	15.8019421	45.8432662
Dry Lake	1104130	-101.2606483	51.4663884
Liz Lake	1824260	-98.0504022	55.4868807
Khotang	4589464	86.6798860	27.1554276
Bratske	4658760	31.5817517	47.8660294
Red Hook	175941	-73.8764463	41.9966102
Bayonne	2770753	-1.2087112	43.2775332
Taciewo	6802073	22.7953200	54.1505455
Muscoda	251510	-90.4395372	43.1871140
Carlyle	125838	-89.3741991	38.6244100
Lansing	130249	-94.9003288	39.2394688
Rogawka	6787752	22.7857891	52.4348545
Loureda	5636300	-8.4255030	41.9538047
Savanne	3488101	57.4892064	-20.4580613
Slatina	437270	16.0230437	49.0165831
Bramley	1395759	-1.0540857	51.3218774
Rheinau	452971	7.9359670	48.6610035
Plateau	2846872	2.6408699	7.1004546
Świnoroje	6761465	23.7377645	52.8271414
Lhota u Příbramě	441391	13.9836277	49.7188519
Marvila	6427492	-9.1127544	38.7482586
Slatina	442539	16.5973685	49.6293623
Slatina	439219	14.0412325	50.4320738
Slatina	440529	16.1580946	49.9822455
Slatina	439799	13.6209981	49.9871719
Korakas	965950	24.0614737	39.0346680
Kisiria	532264	26.4700786	37.5711391
Kerrera	4092586	-5.5445469	56.3979945
Long Bay	2890340	139.4451926	-35.9417240
Lorenka	3994833	17.1877750	52.2214959
Linthal	82744	7.1077466	47.9567087
Matanza	1423477	-73.0578703	7.2799805
Slatina	442587	14.2168627	50.2203963
Xingang	2861436	120.3418193	23.5490168
Slatina	438272	13.7478103	49.3913727
Bobrowa	7101679	23.3638265	53.1121725
Tajenko	6827351	22.8870882	53.6806843
Tarachy	6863108	22.3120260	53.6237657
Naphegy	4307870	19.0335279	47.4924710
Klitnia	7757102	29.4383625	50.8394535
Theresa	251673	-88.4527359	43.5151959
Glinnik	6915177	22.7987777	52.8024827
Callery	188389	-80.0366679	40.7402557
Altdorf	1252492	8.2144348	49.2870282
Cimochy	6778327	23.5821152	52.9255035
Regidor	1326253	-73.8414478	8.7262256
Sobieszów	5909603	15.6409114	50.8468464
Arrifes	7540338	-25.6962854	37.7879575
Bramley	3010245	-0.5541573	51.1635044
Bakhmut	3313703	37.9940003	48.6008323
Kolodne	3167061	25.7246201	49.7542298
Weibern	401925	13.6867255	48.1809872
Finthen	4564335	8.1683572	49.9849939
el Soleràs	347348	0.6992323	41.4218911
Hettick	126821	-90.0375564	39.3550410
Altdorf	190875	12.0859345	48.5621963
Dongshi	2894898	120.1654671	23.4594053
Halfway	186794	-117.1122412	44.8780695
Rheinau	1682193	8.6115515	47.6272455
Kahro küla	353662	26.7692183	57.8969535
Liiva küla	353870	26.6588792	57.8582498
Liiva küla	354754	25.1571025	59.1652870
Peeri küla	351361	27.3086061	59.3817056
개봉1동 (Gaebong1-dong)	3880464	126.8438797	37.5008285
Schlans	1948064	9.0017604	46.7664721
마천2동 (Macheon2-dong)	3880788	127.1510023	37.5013623
Liiva küla	352999	24.2746952	58.4276818
Freisen	7747251	7.2487084	49.5600767
Mulanje	5645592	35.5096451	-16.0261834
Zieckau	3560380	13.6463821	51.8943281
Deodoro	7340924	-52.3191894	-29.4206241
Mascote	6618262	-39.3436152	-15.5512327
Tubbrid	6791813	-7.9832711	52.3437859
Yanino-1	1547811	30.5762104	59.9529211
Karkamu	7411828	-3.0384532	42.8581365
Larraya	6289216	-1.7606308	42.7763626
Igawilo	7267343	33.5563141	-8.9002162
Salesas	1282437	-5.6599822	40.9733478
Vircava	7804151	23.7725487	56.5597289
Salleri	6702202	86.4934456	27.2845063
Kenni küla	352203	24.9000090	58.7667510
Kirna küla	354612	24.5762543	58.7963627
Liiva küla	352078	23.2366790	58.6052357
Silla küla	352736	24.6253866	58.3251585
Aripibu	6192455	-35.2878050	-8.4820992
Udeva küla	353428	26.0228348	58.9292074
Lalsi küla	354625	26.0606401	58.4779005
Msasani	6024568	39.2692186	-6.7614166
Makongo	5997902	39.2022440	-6.7575954
Martina	6527152	-63.5338122	-31.5405031
Dolné Lovčice	2203985	17.6605331	48.3709545
Udria küla	354261	27.9110268	59.3917158
Heusden	4198769	5.2835531	51.0415333
Eisdorf	1416135	10.1711692	51.7729009
Gnetsch	2044128	12.0722784	51.6836877
Anceriz	6549076	-7.9171558	40.2778095
Paope küla	350662	22.4353061	58.9436864
Liiva küla	352690	22.0500463	58.3114409
Silla küla	355152	22.2806973	58.4418883
Kirna küla	355091	25.4617452	58.8503846
Arangiz	6409953	-2.6962818	42.8918884
Lasarte	6882458	-2.6905776	42.8106037
Võistre küla	354971	25.6010765	58.4445932
Kirna küla	352505	23.8748064	58.8923901
Leevi küla	351907	27.2189143	57.9399911
Silla küla	354305	24.1125813	58.8328699
Cruanji	6190835	-35.3460377	-7.5746366
Braslaw	1180581	27.0396808	55.6351828
Garnish	2837457	-55.3342448	47.2036372
Mayorca	7681655	-75.7119900	4.8118422
Serrana	5349745	-47.6055000	-21.2175000
Monagay	6849037	-9.0856789	52.4052796
Levashi	7446296	49.6591566	58.5389049
Marvila	6482778	-8.6976734	39.2029660
Vilamar	6549260	-8.6581527	40.4115012
Hriadky	2386294	21.7101237	48.7007238
Liiva küla	353121	22.6642709	58.3875455
Slatina	2217944	18.9064825	48.1469913
Necpaly	2183286	19.0152041	48.9646717
Strelníky	2265335	19.4044065	48.7080105
Kasombo	5845929	27.3686089	-11.6917338
Liiva küla	352966	23.0202252	58.5403878
Liiva küla	352708	22.6047169	58.5578737
Urahari	5972635	82.2507379	28.0617398
Sipadol	7714937	85.4359793	27.6447732
Latdorf	7548740	11.8079337	51.8048854
Guaxima	5191951	-47.5686668	-19.7814898
Fiestel	1335581	8.5749622	52.3516716
Krahule	2261471	18.9460743	48.7316254
Tubbrid	6527672	-7.2391524	52.3533090
Rheinau	3286569	8.5336309	49.4350120
Dunmain	6642640	-6.8631580	52.3253443
Glenroe	6797893	-9.0151918	53.0034767
Liiva küla	352275	22.3718476	58.5652289
Asuka küla	354092	22.4732475	58.5697655
Piira küla	354235	26.4034483	59.3304674
Rampe küla	350861	26.2216908	57.8742081
Arula küla	354486	26.3666736	58.0353459
Getmold	1335654	8.4840835	52.3451164
Hemmern	2971080	8.4688090	51.5275565
Podolie	2190406	17.7700903	48.6682068
Langres	6885877	5.3386085	47.8666733
Schloen	1424313	12.7936502	53.5364514
Kemzeke	4133081	4.0775038	51.2170110
Slatina	437959	17.9755947	49.7930424
Owaneco	125826	-89.1943132	39.4823170
Lansing	128409	-91.2266776	43.3606204
Belrose	5626404	151.2096319	-33.7215530
Halfway	133325	-77.7653610	39.6180404
Dongshi	3393141	120.2500380	23.6991040
Strzykuły	4232778	20.8124698	52.2338564
Melvina	251426	-90.7796781	43.8038080
Altdorf	902680	9.2777266	48.5921856
Neuried	306684	11.4321997	48.0787505
Wheeler	186502	-123.8799296	45.6884995
Slatina	3759442	23.3986999	42.6867902
Fronsac	102558	-0.2711615	44.9213384
Wheeler	251651	-91.9029327	45.0448675
Szarbia	4750009	20.2542568	50.1324628
Alanson	135005	-84.7870974	45.4443319
Kaniuki	7105173	23.3190128	52.9018246
Fordyce	6689092	-92.4192110	33.8194035
Altdorf	3221858	7.8773362	48.0950875
Gjavato	6496526	21.1122521	41.0740851
Tepavci	6501554	21.5486084	40.9938927
Gjavato	6882536	22.5331782	41.2051674
Gjuleli	6506267	22.4254584	41.3719458
Bajkovo	6868990	22.9222599	41.4141852
Vrbjani	6455391	20.8357110	41.4101483
Vrbjani	6455343	20.7566079	41.4210908
Kolicko	6834833	21.8194328	42.0153446
Letevci	6953769	21.7173884	41.8421353
Vrbjani	6890865	20.6286375	41.6862135
Slatina	6417717	21.1740804	41.5765277
Zbazhdi	6476886	20.6931893	41.3537964
Orashje	6936382	21.1539096	42.1203494
Raovich	6943855	21.2023767	41.9283357
Pareshi	6476400	20.5412013	41.4980508
Toplica	6893315	20.8968014	41.8556417
Rannock	5925926	147.2680545	-34.6120474
Gogarth	7514564	-3.8619540	53.3286063
Espinal	4643982	-97.3970627	20.2579121
Ko Panji	5886071	98.5029314	8.3360216
Buldern	6092168	7.3720755	51.8749626
El Molar	346899	-3.5712210	40.6971628
Heusden	2182241	5.7950742	51.3644401
Jarrell	6584713	-97.6148920	30.8024257
Maynard	129055	-91.8775146	42.7738835
Göschwitz	3424145	11.5840652	50.8799525
Xiaolan	5668307	113.2387230	22.6467183
Altdorf	722061	8.9983721	48.6121700
Juniata	169646	-98.5063746	40.5915639
Tangxia	5665776	114.0545898	22.8003509
Klerken	1295815	2.9155136	50.9904418
Uehling	169353	-96.5045472	41.7353499
Mieczki	7024351	22.3298033	53.0673201
Sumaila	3710338	8.8702241	11.2581600
Welcome	178949	-80.2540728	35.9091368
Welcome	137155	-94.6181384	43.6687290
Stedman	179837	-78.6968727	35.0139789
Langley	184948	-95.0462825	36.4682940
Mieczki	7071323	22.2782607	53.3405764
Mecosta	134805	-85.2304096	43.6224665
Hassell	180302	-77.2766748	35.9082465
Bratske	4664402	33.1766118	48.2831424
Belwood	178977	-81.5221826	35.4798649
Warilla	6076749	150.8594674	-34.5518681
Obernau	2257141	9.1442844	49.9364501
Curragh	4683107	-6.8248740	53.1411686
Curragh	6212179	-8.6777815	52.9208432
Curragh	4683106	-6.8516328	53.1631115
Tubbrid	5326783	-7.2469833	52.3374252
Grattai	6059059	149.4870626	-32.6623123
Prahran	2395766	145.0059933	-37.8528734
St Kilda	2397474	144.9812745	-37.8641261
Carraun	5607095	-8.0593768	54.3377951
Södertorp	3050098	12.9911000	55.5773185
Dolné Lovčice	2203929	17.6605331	48.3709545
Podolie	2190397	17.7700903	48.6682068
Curragh	6144083	-9.0944939	52.0185343
Roolagh	5409191	-8.4283208	52.8030220
Curragh	5554606	-7.8667210	52.2498007
Nova Era	5522037	-43.5030767	-22.7615951
Trascan	4205682	-7.1426789	53.1697563
Carrive	5200491	-6.5008595	54.0923932
Curragh	6109547	-8.9508151	52.1665644
Crodaun	4613836	-6.5472526	53.3565359
Dromtea	6242778	-10.1267702	51.9797309
Cromoge	2592592	-6.6708592	52.6109132
Curragh	4185108	-7.9171609	53.4302845
Curragh	6386299	-8.2079925	51.9358837
Curragh	5827803	-9.7858276	51.6686842
Tiraree	4243084	-8.4241376	54.0832309
Arriano	7413053	-2.9901726	42.8821431
Curragh	5588892	-7.7231686	54.9198622
Curragh	5997757	-8.4844356	52.6505228
Cromoge	6083109	-8.8412485	52.3028240
Curragh	3418603	-10.0440428	53.6054974
Curragh	4186455	-7.3469407	53.2421275
Bremore	4204336	-6.1991357	53.6199169
Curragh	4261429	-7.8323313	53.0173110
Sindano	6503941	39.2498254	-6.7927574
Figanny	5352772	-6.9142590	54.3688987
Darkley	5207373	-6.6755264	54.2319588
Kilcrin	5311895	-8.2810874	53.4063755
Carraun	3211094	-8.7353003	54.0787503
Curragh	5185275	-8.9484581	51.6128747
Curragh	5524078	-8.4365362	53.1160949
Deesert	6343997	-9.4040532	51.8661320
Maďarský Svodín	2218477	18.4875605	47.9033075
Necpaly	2228460	19.0152041	48.9646717
Tubbrid	4269494	-7.9088793	53.0048284
Curragh	5482562	-8.3531963	52.8663139
Zieckau	3560359	13.6472646	51.8918390
Radeery	5711729	-7.1030942	54.1770559
Darkley	5703457	-6.9221995	53.9953432
Nova Era	7320269	-45.5568958	-21.0971042
Rakerin	5241948	-8.7864590	53.0725491
Roolagh	5547479	-8.6636910	52.6097619
Carraun	2196778	-9.0896254	54.1490259
Cloncon	4182550	-7.4651404	53.2475524
Curragh	5720899	-9.1230146	54.0195414
Maynard	7567109	-37.0733245	-6.4786864
Foglish	3511494	-7.3173102	54.3542722
Curragh	5579151	-8.0594896	52.8131604
Monamoe	5475625	-7.9082654	52.6124318
Curragh	6166945	-8.7066094	51.9940786
Glenroe	3307812	-6.7680001	52.3226338
Curragh	5959065	-8.2036407	51.8321527
Ramonan	4644653	-7.2170960	53.8621996
Kiltrea	2614035	-6.6488052	52.5107445
Curragh	5249725	-7.4118115	52.5019244
Curragh	2519221	-6.2631206	52.7308300
Curragh	4817713	-7.3665604	52.6109073
Lisleen	5459608	-7.6164332	54.6683162
Ardkyle	3417895	-10.0429538	53.5676849
Coogaun	6238699	-8.8415582	52.8228835
Doghtog	4460037	-6.4586554	53.5187374
Curragh	3694996	-7.8031510	54.2817436
Curragh	2627910	-7.4758380	54.2189917
Burkeen	4172219	-6.0675506	52.9866206
Makuti A	5466594	39.2600123	-6.8021520
Curragh	4633212	-6.9571872	53.7578138
Dobbrun	4717135	11.7715357	52.8336969
Rathoma	5623539	-9.2804362	54.1831393
Curragh	6001428	-8.8762869	51.8680369
Doorian	5620501	-8.2560031	54.7793910
Rampere	4540092	-6.7149858	52.9667333
Curragh	6117516	-8.9851530	52.4215084
Glenroe	5464677	-6.9901606	54.4341203
Tubbrid	6150000	-9.0397629	52.5580511
Tubbrid	6333440	-9.6028120	51.8751231
Scholen	2927277	8.9552895	52.7927300
Minnipa	6213415	135.1218809	-32.8135998
Ardkyle	6256536	-8.8241518	52.7309344
Curragh	6074513	149.1732195	-33.9505033
Larbert	6079528	149.7722752	-35.3181157
Strelníky	2265284	19.4044065	48.7080105
Belowra	6079472	149.6737433	-36.1072870
Lisleen	4720629	-5.8306316	54.5516619
Corlave	3496461	-7.7508947	54.5733048
Drumena	4624670	-6.0021156	54.2366297
Narrawa	6074601	149.1673667	-34.4163681
Dunmain	3305004	-6.8778926	52.3175157
Duncans	7435347	-59.4528475	13.1241050
Comdusa	1844885	-40.3346767	-20.2872934
Curragh	3365419	-7.6605711	53.4415576
Brughas	5247092	-6.5680781	54.4467832
Hriadky	2386164	21.7101237	48.7007238
Pitinga	7332383	-51.1057705	-30.1546853
Kinvara	7143198	153.5477403	-28.7932538
Eisdorf	5632919	13.9220844	51.8410285
Moockra	6362929	138.3828062	-32.3476915
Arno Bay	6287854	136.5557315	-33.8945011
St Kilda	6820979	138.5517521	-34.7452618
Curragh	4541268	-7.4943940	52.8796895
Curragh	4641436	-6.9807990	52.8540301
Arexola	6879725	-2.5870537	43.0451183
Correel	4638525	-7.1046453	53.0425835
Correel	4638524	-7.1002366	53.0447089
Aliguay	3483745	123.2229038	8.7459400
Belrose	6170012	-8.6637016	51.8215521
Carraun	4266196	-8.8488706	54.0498732
Kilhugh	4164379	-7.4715575	53.4361183
Cromoge	4632056	-7.4092432	52.9542149
Anatrim	4624964	-7.5609067	52.9804391
Curragh	2202874	-6.5728214	52.8608041
Doughil	5134349	-8.0423955	53.7076201
Dingley	6579904	-0.8706699	52.4823468
Chislet	2561182	1.2061963	51.3395388
Wembdon	2706403	-3.0255707	51.1526430
Renhold	5302477	-0.4054718	52.1586787
Harrold	5312225	-0.6338057	52.2045037
Saredon	6945677	-2.0682551	52.6599938
Weeford	6898863	-1.8024145	52.6228408
Lydiate	7623474	-2.9520657	53.5337368
Mohober	5477863	-7.4964964	52.5612706
Deodoro	5520302	-43.3859435	-22.8518911
Drumane	5614912	-7.6131288	54.1073656
Long Man	2854171	0.2001410	50.8278828
Dawlish	3492651	-3.4862304	50.5864750
Curragh	6162997	-8.8315898	52.2036080
Brandov	431051	13.3908585	50.6217271
Duchcov	434679	13.7478905	50.6082536
Tubbrid	4874082	-8.3907348	51.7662396
Krahule	2261430	18.9460743	48.7316254
Tijucal	4231769	-56.0121466	-15.6324139
Germond	6907948	-0.4218064	46.4635707
Bewdley	1875144	-2.3224752	52.3712911
Consall	6023628	-2.0263827	53.0372631
Langley	3640894	-0.2568716	51.8984215
Nendorf	3927325	8.9730385	52.5132473
Scholen	2919227	8.7757635	52.7492870
Cloonbo	2182629	-7.9280893	53.9127951
Erlenau	3930162	14.0405685	51.7527304
Narford	1022277	0.6226241	52.6837937
Bylaugh	1022750	1.0177702	52.7291852
Sparham	1022630	1.0617588	52.7298725
Lockarp	3050058	13.0371843	55.5427250
Reforma	4266361	-102.2313060	17.9879271
Curragh	5902827	-7.7216557	51.9650533
Cihelny	425695	12.8402703	50.1752938
Rvenice	425206	13.6768221	50.3790655
Slatina	436325	16.6827235	49.1775346
Tubbrid	3519708	-7.7179384	54.5460942
Rybnice	423540	15.4016973	50.6246703
Curragh	6320453	-9.5698678	52.0863313
Heesten	5964125	8.9947134	51.8589333
Nova Era	5547047	-43.4212759	-21.7101980
Nivnice	431798	17.6487423	48.9722946
Chrudim	435172	15.8006230	49.9437458
Rheinau	5193091	8.5336309	49.4350120
Tubbrid	5846999	-7.8784700	52.1145323
Rousměrov	434501	16.0320693	49.4602776
Žichovice	424240	13.6292342	49.2659035
Tobolka	433641	14.1060785	49.9258632
Kleinrötz	1641147	16.4087560	48.3949026
Vletice	435260	14.3018740	49.6030259
Galvone	5538514	-8.6113681	52.6483282
Lhota u Příbramě	425678	13.9836277	49.7188519
Langley	3352513	0.0959355	51.9924009
Newragh	5414498	-6.5049620	53.9636804
Curragh	4152429	-8.2883962	53.3132277
Langley	2367091	0.5819666	51.2327946
Tubbrid	4502009	-7.6917052	52.9816964
Skehill	5988548	-9.5832494	51.7638481
Pazucha	436043	16.3822702	49.8764303
Prudice	435620	14.6819265	49.5078333
Rosička u Deštné	436401	14.9629718	49.2812676
Mvog-Ada	3093835	11.5285262	3.8635611
Curragh	6078283	-8.9144001	52.1886135
Dewsall	6274463	-2.7534390	51.9981479
Dergraw	4659979	-8.1102624	53.9837387
Slatina	2217874	18.9064825	48.1469913
Galloon	2927415	-7.4037846	54.1477588
Boraghy	5682687	-6.8306000	54.0719256
Nazeing	3189929	0.0326914	51.7338488
Curragh	5369137	-8.0936255	52.9967202
Binmore	5669918	-6.7895477	54.0803191
Corndog	4533914	-6.4337727	52.8500321
Drewer-Süd	312074	7.1158401	51.6519362
Milíře u Šindelové	424719	12.6464829	50.3303228
Curragh	5262244	-8.7134189	53.6964227
Curragh	4285227	-6.0555335	55.1304745
De Klomp	334639	5.5835696	52.0410312
Binmore	5615762	-8.0347286	54.8106751
Curragh	3387444	-9.2951885	53.8494392
Dingins	3264073	-7.5026902	53.9030562
Recanto	1887709	-41.1198132	-20.8514387
Curragh	6072462	-9.2731197	51.5628717
Curragh	5513597	-8.0131851	52.2005292
Aksaray	7648822	28.9483467	41.0052182
Drumane	4796166	-6.5636867	54.9450720
Brughas	3960502	-7.7125476	54.3600016
Curragh	4617215	-6.6048318	55.0612291
Drumane	3842105	-7.6410117	54.2803898
Welcome	2043689	18.5457210	-33.9607377
Tubbrid	5568358	-7.9537695	52.3103317
Bullock	3374873	-6.1151530	53.2805375
Marilândia 3ª Seção	7037645	-44.0462323	-20.0056045
Khulani	2964473	44.4015850	33.3377699
Carrive	4233084	-6.0005230	54.8851035
Jerrawa	6074552	149.0731422	-34.7826706
Curragh	4839942	-6.6264073	54.8475437
Tonegan	4689844	-7.0595630	54.5785076
Kolendo	6249578	136.1502283	-32.3324191
Carnany	4678532	-6.2166539	54.1860565
Elmpark	5502104	-6.2002932	53.3665624
Megargy	4869312	-6.6415405	54.7424758
Colwick	956997	-1.0893213	52.9546622
Waliska	6624092	20.6121022	51.5909111
Avinger	3508474	-94.5541326	32.8963364
Lansing	179825	-81.5088314	36.4988309
Welcome	192191	-82.4617587	34.8172360
Chhoser	5253236	84.0699069	29.1889872
Leggett	179806	-77.5800621	35.9895725
Monclar	2869713	0.5203183	44.4444755
Bieliny	6624449	20.4842114	51.6275334
1000-Lecia	7046382	22.0004529	50.0487448
Bouinan	3827717	2.9878995	36.5155303
Halfway	141799	-93.2383440	37.6174585
Podwale	6492559	21.0003221	50.3496546
Dooling	119833	-83.9288934	32.2302815
Dugnano	6552174	9.1611981	45.5674526
Lone Elm	129631	-95.2430036	38.0798241
Wheeler	127032	-88.3188249	39.0433510
Zagórzany	4512339	21.1638808	49.7058061
Lignite	181640	-102.5633655	48.8768580
Satanta	129750	-100.9878075	37.4373169
Polanco	340464	-4.0097076	43.3800865
Zagórzany	3335080	20.2403225	49.8745144
Maynard	137339	-95.4673116	44.9052364
Nova Era	315176	-43.0299063	-19.6925001
La Selve	1372968	2.5470801	44.1072247
El Gordo	1864044	-5.4038942	39.8373284
Mszadla	3440599	20.8679051	51.2593103
Gangkou	5668293	113.3965211	22.6031809
Suchawa	7833234	23.4221425	51.5055946
Sadowie	6587401	21.3767949	50.8512018
Sadowie	3311840	20.0626169	50.1780503
Langley	153753	6.3311356	48.3605429
Bieliny	4249256	20.4343404	52.3132423
Escamps	2354149	3.4633827	47.7221014
Bieliny	3898099	20.4953256	51.4259357
Grabiny	6891729	21.3470125	50.0422572
Dzierzgów	6210901	19.9576591	50.6960042
Okulice	6075300	20.5296218	50.0594800
Smolice	3337686	19.4741667	50.0237741
Zagórzany	6488913	20.8576534	50.3457939
Fronsac	1450007	0.6654702	42.9542687
Golcowa	6941794	22.0273643	49.7790297
Fordyce	169723	-97.3625768	42.6974045
Harrold	195048	-99.7396502	44.5232335
La Plant	195235	-100.6929706	45.1320470
Escamps	122588	1.6215568	44.3649064
Rogalin	2958759	24.0617414	50.8470496
Monclar	3228415	0.5613326	44.4730655
Moarhof	1927236	11.7538455	46.8380015
Elm Park	2843884	-8.4473028	54.2773744
Ugenhof	3030798	10.0988886	48.6304922
El Moral	7565237	-54.6028398	-26.4463765
La Corza	4642239	-5.9680412	37.4016145
El Cerro	7430267	-57.9891972	-30.7357220
Ribeiro	5996375	-8.4031167	42.0280616
Palomar	1996287	-81.4000103	28.5869664
Lund Østre	6392275	10.3269450	63.3492164
Elm Park	3406081	-6.5391820	53.3410473
Schanze	2669803	7.4429095	51.4321158
Sdruzzinà	3030809	10.9785232	45.7406348
Birkigt	7167321	13.6782492	51.0100773
Perobas	5536752	-43.7913407	-20.2328952
Pödelwitz	6352913	12.3510904	51.1455620
Larimer	4018806	-79.9110517	40.4622109
Palomar	7565247	-54.7463236	-26.5844005
Long Bay	6778579	-95.3147602	35.9541395
Wilberg	5990947	8.9564664	51.8973885
El Cerro	3625163	-58.2367828	-33.9892357
Polanco	2560520	-55.1220753	-33.8749226
Molledo	344842	-4.0005025	43.1317769
Bobrowa	6891131	21.4425754	50.1147035
Birkigt	2933396	11.4798759	50.6751530
Glinnik	7804465	22.2782982	51.4398547
Sauviac	111011	-0.1844696	44.4000697
Espinal	1356337	-74.8896022	4.1694098
Luodian	3531102	121.3439142	31.4104909
Monclar	74513	-0.0976060	43.9141287
Wólka Małkowa	6785654	22.5342218	50.1390774
Svegssjön	5161321	14.1265403	62.0576645
Sandino	2575075	-84.3144150	21.9799232
Mappano	3369914	7.7052908	45.1503569
Ogeshim	4741291	132.9251886	34.1920729
Shields	6428971	-106.4033844	51.8215465
Sauviac	125128	0.4585251	43.4107705
Sicuani	1925303	-71.0939161	-14.2536275
Lindern	2261101	8.8390118	52.6565622
Podwale	6801365	16.5734500	51.8548239
Yashima	5249828	132.1456635	33.7384525
Matanza	344326	-5.3827550	42.2665911
Theresa	175994	-75.7969048	44.2152119
Urgench	2097690	60.6390864	41.5819392
Yamango	1986228	-79.7741256	-5.1480996
Niedary	6058722	20.4885763	50.1216313
Carumas	1875894	-70.2723251	-16.7111136
Ruidera	341275	-2.8984221	38.9906708
Horodek	6950655	22.4943374	49.3456913
Smolice	4004477	17.2781416	50.5539529
Colasay	1901130	-78.9884910	-5.8680596
Agutaya	3629372	120.9882428	11.3216895
Aveinte	347948	-4.8332426	40.7869670
Koigi järv	1352524	22.9657942	58.4908824
Quelloúno	1925276	-72.3898111	-12.5074211
Ersehof	7695770	10.3914245	52.3687265
Bni Lent	2758245	-4.1829548	34.3430756
Urdiain	343738	-2.1431060	42.9062762
Metrane	2846733	-8.2453960	32.6344272
