Liguria	301482	9.6857884	44.2261082
Tianjin	912999	117.1988915	39.4034936
Boulder	112298	-105.2646204	40.0221748
Perugia	42278	12.4349162	43.1396969
Mayenne	7438	-0.6491274	48.1507818
Serches	73998	3.4470107	49.3320826
Gronard	152994	3.8790161	49.7964198
Hermies	2657331	3.0307014	50.1084905
Vermand	150527	3.1496546	49.8839787
Halluin	59877	3.1235016	50.7758850
Orchies	56906	3.2382830	50.4683366
Maisnil	2918481	2.3591578	50.3487007
Emmerin	58167	3.0051244	50.5907449
Bergues	139259	2.4342146	50.9690896
Vianges	131192	4.3255465	47.1669711
Combray	163578	-0.4449167	48.9475146
Sardieu	167680	5.2207186	45.3607757
Ciadoux	1479980	0.7476503	43.2552849
Brionne	939906	0.7130025	49.1834889
Franleu	419517	1.6449834	50.0995059
Miannay	414315	1.7210579	50.0973862
Rolbing	122813	7.4192132	49.1725516
Bresdon	152894	-0.1330015	45.8664568
Lavazan	89767	-0.1172815	44.3931508
Avallon	1276841	3.9069137	47.4807207
Pocancy	2709169	4.1561888	48.9436250
Lobsann	284002	7.8441059	48.9629653
Loisail	2242103	0.5837369	48.5047924
Demigny	1169860	4.8545946	46.9139592
Capdrot	3220711	0.9440970	44.6800502
Épertully	3020385	4.6009476	46.9450239
Castans	78121	2.4891505	43.4098320
Blamont	138856	6.8553087	47.3906030
Barlest	162614	-0.0934215	43.1496530
Bizanet	1948870	2.8675631	43.1444680
Lerrain	941563	6.1444945	48.1322443
Ergnies	2815624	2.0313821	50.0889159
Brossac	127709	-0.0423394	45.3268719
Bregenz	75073	9.7237307	47.5072930
Lesegno	43114	7.9702620	44.3978256
Fraisse	145280	0.3034724	44.9337287
Seriate	45587	9.7378013	45.6625703
Antrain	973226	-1.4791889	48.4640492
Bezouce	379586	4.5040673	43.8760507
Brennes	3098137	5.2786649	47.7977759
Casazza	45949	9.9104113	45.7491355
Guignen	149726	-1.8558454	47.9276408
Garanou	1840733	1.7461723	42.7618639
Engomer	2094736	1.0581179	42.9434424
Plogoff	277594	-4.6724827	48.0340057
Rudelle	124620	1.8756260	44.7301087
Dossena	46363	9.7015775	45.8951220
Chauray	146788	-0.3811720	46.3537195
Maussac	1206076	2.1311847	45.4717144
Druelle	115815	2.4845668	44.3597586
Berlats	1455512	2.5670611	43.7015591
Dourdan	324781	2.0063301	48.5317735
Mathieu	106708	-0.3672885	49.2550475
Masueco	340087	-6.5875434	41.2021973
Chouday	2143646	2.0519190	46.9206544
Brienno	46454	9.1289631	45.9150254
Perelli	3245192	9.3846440	42.3148123
Vallejo	112533	-122.2313884	38.1142844
Mainsat	119304	2.3876191	46.0510440
Kerewan	3214213	-16.1334358	13.4731283
Meinong	2119028	120.5545891	22.9058514
Shanlin	2120013	120.5724356	22.9919485
Lasnigo	46422	9.2678864	45.8865231
Araules	390432	4.1721763	45.0656722
Oberrod	533258	8.1342749	50.5929431
Ravenel	1079066	2.4997043	49.5139155
Betting	1163210	6.8132131	49.1295086
Mojados	345726	-4.6843028	41.4298777
Relvado	242508	-52.0750583	-29.1138096
Carsoli	41762	13.1017551	42.1227215
Ockholm	1416816	8.8123346	54.6702109
Oak Lawn	123143	-87.7440957	41.7088764
Nochern	539907	7.7215929	50.1749037
Hausbay	1182324	7.5492771	50.1099114
Linards	116090	1.5361430	45.7025064
Einhaus	1469264	10.7261426	53.7199686
Lusiana	1650221	11.5681514	45.8021144
Barjols	2700359	5.9965321	43.5481662
Entrena	342842	-2.5144079	42.3917999
Emporia	129669	-96.1959943	38.4113264
Iniesta	342707	-1.7597504	39.4600441
Perugia	42106	12.4029962	43.1070320
Marumbi	297841	-51.6489808	-23.7524052
Greeley	112430	-104.7419738	40.4293384
Gifhorn	1392806	10.4968129	52.5084193
Villata	44838	8.4250669	45.3883178
Lincent	2362039	5.0196296	50.7248096
Terelle	41354	13.7865959	41.5561962
Woldegk	1419919	13.5546946	53.4548132
Wingene	1387970	3.2689347	51.0602157
Wingene	1387971	3.2847683	51.0680889
Loumana	5672141	-5.3702846	10.6342949
Tavenna	41627	14.7614716	41.9212786
Natchez	7147749	-91.3891353	31.5445015
Meleiro	296620	-49.6031536	-28.8333298
Holling	2097702	6.5012818	49.2591347
Toogane	2679923	140.3627691	35.5657774
Bettona	42247	12.4888085	42.9994505
Lorsica	44877	9.2800374	44.4392059
Aldover	342693	0.4815066	40.8703498
Insheim	1252794	8.1659041	49.1500441
Wasilla	5588746	-149.4647392	61.5797119
Minggir	5615309	110.2507110	-7.7318908
Tampico	5606424	-97.8948674	22.2701096
Sansare	4559554	-90.0927292	14.7602748
Cubulco	4559358	-90.6710088	15.1006706
Turbana	2460383	-75.4487186	10.2331159
Karatay	1250951	32.9708637	37.9577792
Nglipar	5615296	110.6274276	-7.8687998
Erenler	1775571	30.4828127	40.6949421
Kamiiso	4088020	140.4407642	41.6381290
Karforh	4001322	-8.1666959	5.2813053
Karforh	4001321	-7.7605109	5.2876370
Stützengrün	418999	12.5593668	50.5375960
Batelov	440426	15.3991427	49.2914418
Kubschütz	1309658	14.5087485	51.1659416
Kapolcs	1078562	17.5939258	46.9575028
Chesley	2678137	4.1142814	47.9757069
Palomas	343581	-6.1457856	38.7047629
Büttstedt	2515188	10.2982469	51.2571744
Moravec	441741	16.1450628	49.4434628
Parcent	345290	-0.0755326	38.7407403
Genthin	1283580	12.1227008	52.3399387
Petőmihályfa	1131483	16.7827637	46.9834753
Hvězdoňovice	442151	15.7645429	49.2204826
Penagos	344828	-3.8217415	43.3335740
Hernals	1991438	16.2842142	48.2354031
Puklice	440560	15.6431965	49.3649556
Verfeil	120576	1.6800623	43.6579730
Widdern	409706	9.4206483	49.3293321
Služovice	437622	18.0062768	49.9851111
Pioraco	42360	12.9919762	43.1848345
Fargues	92961	-0.2952995	44.5361688
La Pesse	1570941	5.8593504	46.2895362
Ratekau	382445	10.7203366	53.9666091
Vierden	1079029	9.4846861	53.3312738
Krummhörn	898636	7.1064134	53.4491691
Hasborn	1258886	6.9140646	50.0554887
Simonfa	1367845	17.8303038	46.2740806
Jászkarajenő	1415301	20.0237353	47.0485278
Bélapátfalva	1418229	20.3739038	48.0462790
Nehodiv	438266	13.5529992	49.4101131
La Pouge	118807	1.9501040	45.9739437
Kumberg	34874	15.5372840	47.1646399
Telekes	1131476	16.7645404	46.9430094
Shafter	113138	-119.1726719	35.4796890
Grünkraut	2808300	9.6668096	47.7418440
Eresing	944923	11.0369589	48.0901169
Cherdyn	1546369	56.4794869	60.4010242
Solnice	440084	16.2310448	50.2104006
Sanford	179822	-79.1879498	35.4730910
Milford	117159	-75.4272653	38.9093782
Emporia	207036	-77.5349316	36.6964405
Geldrop	162909	5.5591821	51.4221992
Ersigen	5817429	7.6029099	47.1050451
Casekow	1334120	14.1650134	53.2135028
Wallgau	939344	11.2735403	47.5431292
Forsand	405828	6.4681209	59.0182858
Adumino	4756346	137.8402343	36.3313524
Labutta	5996513	95.2528990	16.3527338
Nglipar	5615555	110.6401704	-7.8972754
Chikujo	4008388	131.0365639	33.6374280
Aibetsu	4055837	142.6485477	43.9290999
Stranda	406852	6.9302136	62.1678462
Pollham	396623	13.8595936	48.2624780
Eveleth	136653	-92.5296561	47.4651974
Merrick	175635	-73.5512794	40.6522459
Urleben	2903171	10.7702139	51.1521785
Nineveh	2969789	42.3269130	35.9721912
Sanford	117441	-81.2534636	28.7832965
Yiliang	2402004	104.1742100	27.6086219
Dörentrup	142679	9.0331067	52.0370607
Crafton	187434	-80.0666690	40.4328080
Edenton	179910	-76.6034275	36.0703859
Prangli	400984	25.0119035	59.6276168
Farwell	6595894	-103.0380136	34.3865745
Hemelum	253502	5.4541002	52.8854538
Mayenne	393297	-0.6227529	48.3067039
Milford	1844177	-71.5204640	42.1539866
Breydin	1318344	13.8312792	52.7755214
Charron	118388	2.5621476	46.0431754
Thening	1291566	14.1629321	48.2578593
Obsteig	944614	10.9050647	47.3130340
Mammern	1684541	8.9159912	47.6413881
Hallwil	1684321	8.1776082	47.3260517
Sanford	2021274	-70.7174651	43.4091336
Les Cars	116026	1.0689249	45.6742437
Waldems	413548	8.3561167	50.2584163
Elsmere	369470	-75.5931793	39.7381940
Milford	182741	-84.2761479	39.1720384
Pickens	194097	-82.7085631	34.8863580
Ter Apel	1434027	7.0681109	52.8777170
Safnern	1682642	7.3230351	47.1499589
Verfeil	136603	1.8754568	44.1857730
Milford	361302	-71.6691878	42.8198942
Les Arcs	125362	6.4917683	43.4533949
Drongen	3136656	3.6395168	51.0528944
Milford	189064	-74.8018618	41.3237050
Burnham	123141	-87.5444195	41.6371375
Sihlsee	5011166	8.7853955	47.1179665
Red Lion	188875	-76.6090210	39.8992015
Satawal	3819443	147.0325468	7.3790000
Kolonia	3823801	158.2080753	6.9633095
Murambi	4095231	30.4342232	-1.8548629
Murambi	1730283	30.3479547	-1.8148151
Lac Thor	6175296	-71.2361313	45.7783735
Øynesvann	4791107	8.7878235	58.5906440
Wet Lake	2563497	-65.8631683	54.3432442
Leivann	5754589	9.3148792	58.7895123
Savegre	6142635	-83.9515334	9.3517314
Marbois	5815630	0.9525479	48.8827447
Liekune	405686	26.7214930	61.6663372
Kwarare	3707528	5.6762235	12.3674998
Río Muerto	1667594	-61.6531157	-26.3079080
Storasjön	7345197	13.3261626	57.2533469
Ylä-Kuomio	4033655	27.0997081	61.5052039
Vranjic	2827074	16.4732231	43.5312157
Kocetin	6312490	21.2963547	44.4015348
Kasevar	6967613	21.2647461	43.2582839
Vinhedo	298037	-46.9859700	-23.0607833
Anhumas	298190	-51.4224643	-22.3575000
Labutta	5996678	94.9495434	15.9621425
Mijovce	6659266	21.8130668	42.7475538
Pantoja	343683	-3.8321804	40.0451181
Furusjøen	4870866	9.7718118	62.8630509
Ulvtjønna	5275689	10.3649250	63.2437372
Canudos	362521	-39.0315108	-9.9925000
Burgsee	4276014	10.8551665	53.3351163
La Fosse	6089113	2.3935290	48.5589901
Merovac	6969979	21.4517838	43.2787367
Rozkochów	2555322	19.4840497	50.0411238
Zalesie	6159763	20.1356458	50.7819054
Larinho	5717583	-7.0154247	41.2047375
Covelas	5977689	-8.5369221	41.3002583
Crvenje	6355344	22.2713950	43.5204164
Morzęcin Mały	2848154	16.8755945	51.3388318
El Rocio	7812099	-75.6991152	4.7906091
Zalesie	7220292	15.5546809	50.9746928
Bielawy	3507221	16.4626844	52.0515792
Zalesie	3204682	21.7742975	51.5081747
Tadeuszów	3188576	21.4251073	51.4449514
Borin Do	7227582	22.2404376	42.9937716
Zalesie	5724230	19.1677755	52.2250430
Risbysjön	2873484	12.1695079	57.8771958
Milijes	6365639	19.5151155	43.5523951
Kimpari	3028673	24.3123087	60.2650592
Guavate	4468429	-66.0810172	18.1325382
Palomas	4468399	-66.2399023	18.2337318
Hatillo	4468453	-66.8225475	18.4803087
Barrero	4468322	-66.7737198	18.0713220
Mal Paso	4468465	-67.1692522	18.3649470
Hatillo	4468536	-67.1896451	18.2963732
Barrero	4468056	-67.2300775	18.3042016
Malezas	4467811	-67.1068686	18.1676501
Bateyes	4467808	-67.0713541	18.2086719
Burgsee	1329573	9.5351921	54.5111349
Andubun	3722263	9.8396743	11.5190163
Gamboru	3721286	13.1716042	11.8559919
Hausari	3721328	13.1507160	11.8393184
Hausari	3698666	11.9172285	12.8734929
Hausari	3698667	10.4475433	12.8764569
Xiaguan	6879547	100.1771791	25.5895227
Karatay	2016030	29.9925624	56.1198749
Wet Lake	3347860	-91.1347290	48.2986329
Lac Muir	908704	-76.7951671	46.6244706
Wet Lake	1948687	-79.1411810	45.9126251
Dogoshi	3721261	13.6606010	12.8665272
Gulmare	3708043	4.5626227	12.3793223
Gulumba	3721308	13.9752882	11.6499508
Hausari	3721327	13.6971392	11.0734917
Burgsee	1085438	12.9135017	48.8134333
Hatillo	4068994	-84.1005752	9.9187047
Tom Lake	122249	-90.0694859	47.9226329
Piartal	2664888	-77.7540798	0.5503879
Tom Lake	4134544	-124.9230051	50.2562764
Jara-Gol	3721288	11.6291610	10.2670148
San Sani	3703496	9.7772553	12.2368623
Murambi	1793022	30.0293573	-1.8185852
Farseth	7580338	86.7622120	26.5253741
Gioithi	7535674	86.8516685	26.5784510
Tribeni	5805860	83.6545642	28.0269521
Phaktep	6668216	87.7280357	27.0250680
Murambi	1820466	29.5681998	-2.1610146
Lac Mush	1519410	-73.6446415	47.3259415
Lac Hupp	196643	-75.3921003	47.5520576
Lac Tims	196888	-76.1317610	47.3466314
Lac Oslo	193719	-76.5586944	46.8409529
Wet Lake	134342	-91.8882470	47.1619105
Lac Lyes	1485545	-70.7050326	47.5867513
Tom Lake	5568591	-94.0702040	50.0353296
Rye Lake	3487121	-82.6319921	46.4554274
Barrero	3369146	-5.8537341	41.5913424
Wallsee	6181231	10.8820041	54.2949277
Mathiya	6823691	85.2034850	26.7765322
Gautari	7666280	86.1830531	26.8288726
Tribeni	5852534	82.2830159	28.3059165
Majhuwa	7696298	85.9394052	27.3320897
Chepuwa	6687710	87.5161614	27.7587577
Sanguan	6743992	110.8360990	35.2217457
Zaojiao	6790259	105.6977325	34.4550788
Kerunga	5975958	83.2263830	27.9756873
Luogang	7423328	117.3290844	31.7972363
Kwiecko	2663684	16.6976946	54.0254144
Eriwang	5864383	82.5012743	28.4822514
Passail	3876860	15.5310831	47.2748533
Burgsee	6985457	16.4256469	47.4025989
Hindiro	2853860	29.6069777	-1.7947762
Ngeruka	1728617	30.1189524	-2.3196536
Tom Lake	1176354	-61.5048845	45.3304642
Skerdžius	2922335	26.1795892	55.0724906
Wildsee	3995548	8.4591028	48.7180688
Pinasco	6590579	-58.5277366	-22.7514792
Oro Lake	1505433	-114.3323247	62.6288567
Hunding	959805	13.1746329	48.8440348
Ringgau	549426	10.0822973	51.0909946
Howland	132809	-68.6710559	45.2541369
Avallon	2836723	4.0774454	47.6559541
Monheim	962649	10.8639169	48.8523233
Namborn	1184601	7.1642595	49.5154696
Emseloh	2397383	11.3867181	51.5111087
Bregenz	74231	9.9377554	47.4110969
Syangja	5691338	83.8276699	28.0445533
Merriam	129566	-94.6910682	39.0181194
Lachowo	6893757	22.0351599	53.4662568
Dolní Dubňany	437147	16.2263209	49.0588656
Parroha	4590860	83.3608859	27.6993026
Oberems	1685349	7.6794734	46.1994109
Tessala	6662016	-0.7980975	35.2714053
Arzberg	1022878	12.1872125	50.0392214
Mayenne	1990148	-0.6320604	48.2517352
Guangfu	3391490	121.4438766	23.6488145
Jajapur	1984464	86.1156526	20.8673419
Dudzele	2144482	3.2374760	51.2908390
Am Markt	3316885	8.8071412	53.0755914
Dlouhá Loučka	440479	16.6256365	49.7052156
Milford	135053	-83.6003223	42.5874860
Or Akiva	1392848	34.9223237	32.5024874
Bismula	6364284	-6.9594716	40.4440120
Menchum	2751401	10.0433293	6.6234520
Dolánky nad Ohří	439664	14.1670913	50.4747791
Pond Bay	6092871	-87.9924858	36.8268760
Ringsee	3002747	11.7358555	47.6949768
Levitha	531437	26.4675911	37.0079288
Scalpay	931253	-6.6681930	57.8645933
Yachats	186473	-124.1026600	44.3121165
John Day	186802	-118.9533572	44.4172820
Dlouhá Loučka	438815	17.1808823	49.8260039
Piethen	2103862	11.9366422	51.6754666
Trejgle	6845427	23.8020833	53.2261696
Dighton	2405913	-71.1522704	41.8352551
Klimmen	2721367	5.8815622	50.8806248
Milford	3460805	-75.4196326	40.4309881
Zalesie	6838958	23.5495217	53.5501863
Matewan	240051	-82.1739975	37.6296935
Milford	170897	-75.0891870	40.5671905
Tampico	125733	-89.7855528	41.6295349
Milford	132507	-68.6320936	44.9563984
La Rippe	1685012	6.1201237	46.4048685
Bielawy	7634080	17.8655139	53.8298381
Seeburg	1399087	10.1525964	51.5639605
Sheldon	129104	-95.8418595	43.1774338
Elsmere	130335	-84.6024101	38.9967720
Hatillo	4468455	-66.7959288	18.4071588
Pille küla	355120	27.1143337	57.9370870
Soena küla	351461	27.3882152	57.8407599
Puiga küla	353985	27.0279213	57.7954565
Saula küla	352164	25.0356806	59.2157228
Leisi küla	352904	23.2089772	58.4766314
Ratekau	7832239	10.7380934	53.9463858
Botelho	2914068	-48.7860168	-21.3572417
Anhumas	5683033	-51.4224643	-22.3575000
Tiigi küla	352867	26.1917677	59.5377810
Guarita	6209152	-35.3904525	-7.3828419
Bom Nome	6204881	-38.6820202	-8.0058047
Tupaoca	6190839	-35.1609600	-7.6161955
Tilla küla	352212	25.2748723	58.2452148
Ohtja küla	350924	22.3624165	58.4390178
Tamsa küla	352471	26.4811211	58.2108053
Luige küla	353083	25.9990300	58.7539157
Mlynica	2275159	20.2991127	49.1067663
Oponice	2209720	18.1435862	48.4589030
Juncais	6409551	-7.5165186	40.5983112
Kinkole	5804103	27.4618076	-11.6832228
Zalesie	7759768	16.2626934	51.4470322
Loime küla	352633	25.8927647	58.3737548
Vardi küla	351611	25.5170982	58.2967462
Bielawy	6793160	18.0293590	53.1284509
Savka küla	353867	27.1804438	58.5441404
Lilli küla	352037	25.3506715	59.3682008
Bentevi	6195100	-35.5961251	-8.4840000
Oreitia	7534840	-2.5571537	42.8573880
Tribeni	6790763	86.3036957	26.9140080
Vinhedo	5684970	-46.9859700	-23.0607833
홍은2동 (Hongeun 2-dong)	3887542	126.9295634	37.5866968
Lilli küla	350725	25.5362224	57.9959375
Kraľovany	2149404	19.1082971	49.1642520
Hrabkov	2320232	21.0214428	48.9516852
Aughrim	6595795	-6.3270185	52.8593758
Davidov	2322381	21.6242136	48.8239485
Kyakhta	3907772	106.4462458	50.3641801
Dareton	5845204	142.0360993	-34.0978124
Svinica	2384785	21.4913373	48.7260226
Gneeves	6856613	-9.3023104	52.3017221
Elsnigk	2345141	12.0554679	51.7838132
Nohavel	6921898	-8.4109534	51.7266662
Genthin	3718689	12.1351032	52.4143470
Hirooka	7295217	136.6446839	36.5792127
Blarney	6934514	-8.5744157	51.9529760
Mardyke	7022221	-8.4894085	51.8967979
Seeburg	1177170	13.1309853	52.5055994
Velna küla	355230	27.6741149	57.9876778
Pilpa küla	353054	25.6466339	57.9703672
Kaliste	6308475	21.3169656	44.5153024
Nohavel	6859988	-9.5442327	52.2766603
Gowlane	6915476	-8.7386415	51.9993422
Milford	6911427	-8.8530783	52.3440345
Vahva küla	354163	21.9733631	58.2844219
Londi küla	352027	26.1382708	57.7567910
Eilmsen	3498397	7.9656355	51.6649161
Zaitegi	6983682	-2.7639714	42.9437970
Daltrozów	3586990	20.9667172	51.7371201
Shaniko	186652	-120.7522208	45.0071495
Liujiao	2861455	120.2762847	23.5159348
Niwnice	6061399	15.4853425	51.1210558
Seramil	4169383	-8.3154884	41.6780749
Sanniki	6845540	23.7571410	53.1658272
Woroszyły	7097905	23.1782928	53.2275797
Pousada	4136024	-8.3440946	41.6008840
Milford	126682	-87.6956703	40.6264394
Sheldon	126678	-87.5663260	40.7698435
Arzberg	534446	13.1584301	51.5197694
Panipat	1942866	76.8911770	29.3281619
Milford	198975	-113.0145777	38.3959535
Okoboji	128350	-95.1483352	43.3935915
Waucoma	129050	-92.0347827	43.0562624
Natchez	132061	-93.0507543	31.6737964
Afonsim	4195178	-7.6836069	41.5278718
Szaniec	6481291	20.6929121	50.5223136
Zalesie	6628474	21.1576035	51.8874336
Travassós	4167450	-8.4613937	41.6623463
Zalesie	6921164	22.8473306	52.8467781
Milford	176031	-74.9476168	42.5910580
Morenci	135109	-84.2167828	41.7227905
Argelos	2800525	-0.3471581	43.4488448
Meggett	194129	-80.2422998	32.6971080
Dock Sud	2149186	-58.3490289	-34.6519758
Milford	127605	-85.8469397	41.4100545
Seeburg	1603246	7.8159954	50.5905849
Eilvese	1589061	9.4082690	52.5494350
Zaffoni	1370825	11.0668011	45.8916392
Sanniki	1995016	55.0103130	57.4220566
Dobrino	6953086	21.6002985	41.7828010
Nikoman	6791486	22.2751028	41.7425572
Koshani	6502989	22.0153220	41.3507835
Boletin	6891026	20.6181822	41.6479816
Vidrani	6427987	20.9049028	41.4615958
Mallowa	5776959	149.2763586	-29.6626557
Wamboin	6068283	149.3242035	-35.2546655
Niassan	5193118	-3.4260117	13.0964847
Waitabu	3518671	-178.7729992	-18.2359343
Amourah	6533497	4.0019497	34.2107795
Gueydan	132074	-92.5084527	30.0324314
Boulder	142424	-112.1201106	46.2367604
Council	121326	-116.4353113	44.7306710
Sheldon	251759	-90.9588975	45.3128380
Zalesie	6631716	20.6400324	51.8289718
Charron	339211	-1.0850093	46.2902506
Milford	128805	-95.1552353	43.3331687
Seeburg	2408184	11.6976220	51.4927346
Zalesie	6788412	22.7655540	52.5032542
Crimora	206801	-78.8427548	38.1616035
Bertram	129089	-91.5369444	41.9498538
Oakboro	180334	-80.3282997	35.2270720
Laverne	184811	-99.8941820	36.7051439
Labatut	167744	-0.0111119	43.4159711
Zalesie	6891691	19.7319657	53.2870615
Andilly	76397	2.3038113	49.0098322
Zalesie	6854552	22.7517899	53.3406514
Srebrna	7036465	22.1436190	52.8956552
Milford	114478	-96.9486588	32.1181620
Zalesie	6897437	22.1394671	53.3058787
Farwell	135079	-84.8670249	43.8364195
Greeley	128562	-91.3414789	42.5864270
Zalesie	6630055	20.8239879	51.8976738
Boulder	198932	-111.4327263	37.9240924
Sucharzów	6547826	21.7292963	50.7163304
Burnham	187688	-77.5650989	40.6346080
Zalesie	4103912	20.6889561	52.0454833
Zalesie	3187801	21.4957279	51.4685412
Zalesie	3420516	21.2846151	51.2442647
Milford	169686	-97.0525779	40.7730684
Amorita	185258	-98.2937037	36.9240369
Gozdawa	3792343	21.5194423	51.1265789
Navassa	179060	-78.0281360	34.2837700
Żbikowice	6091153	20.5804302	49.7430265
Ravenel	192162	-80.2248423	32.7758729
Cantril	128402	-92.0685189	40.6435845
Świerszczów	6837353	23.1745249	51.3252778
Tadeuszów	3789469	21.7653765	50.9469243
Travassós	4173988	-8.1960388	41.4970919
Świerszczów	5555274	23.9149025	50.8205773
Zalesie	5578298	21.9387544	51.6666341
Poesele	3465272	3.5117305	51.0323886
Kirkman	128885	-95.2672964	41.7274179
Farwell	137507	-95.6185665	45.7530185
Aughrim	6224364	-8.5470594	52.9344395
Oldmill	3948870	-6.3330262	52.2220140
Lisduff	4798364	-9.0250724	52.9713680
Old Mill	6070066	151.1979892	-29.8998321
Cathays	6236710	-3.1835174	51.4941297
Lismeen	4648621	-7.1801457	53.8719034
Lisduff	5668315	-9.0725478	53.9360259
Clyduff	6239703	-8.2415900	51.9084067
Lisduff	6192805	-8.6113501	53.3058000
Lisduff	3518795	-8.5675985	54.2064416
Aughrim	3960074	-7.7337965	54.3558567
Lisduff	5148371	-8.3623107	53.6112827
Lugduff	4462916	-6.4110402	53.0074052
Drumbar	5543948	-7.6804947	54.1784276
Gortcam	6016706	-8.5501963	53.2517679
Aughrim	5483959	-7.1376998	53.1860850
Gneeves	6160608	-8.8005034	52.1545374
Gneeves	5877575	-8.7771472	52.0787267
Aughrim	4781981	-8.9568351	53.0130168
Lisduff	5146083	-9.0018502	52.9448220
Mtakuja	5507095	39.2278807	-6.8464144
Drisoge	2246965	-6.7453365	52.7486525
Lisduff	5803111	-8.9700410	53.8730337
Gowlane	6300325	-9.5672237	52.1463943
Gneeves	6385502	-8.2879470	52.0572950
Lisduff	5459141	-6.7494638	54.4185621
Aughrim	4800398	-6.5551183	54.7531890
Gneeves	6318452	-9.3056204	52.2930610
Corrard	2633878	-7.4913842	54.2878167
Lisduff	4675813	-6.3356260	54.2115165
Corrard	3790301	-8.0080649	54.2054084
Old Park	4510156	-5.9590648	54.6265117
Aughrim	6084606	-8.8268961	52.2945728
Lisduff	5506624	-8.0505448	53.9474312
Lisduff	5764663	-8.9124255	53.6690578
Lisduff	5749894	-8.7907485	53.7353428
Clyduff	4189761	-7.3375577	53.3221995
Doonfin	4287116	-6.2198663	55.1419007
Boolies	4683733	-6.7295391	53.6919988
Canudos	7249536	-51.0957618	-29.7028533
Maghery	5379855	-7.1238659	54.2371355
Lisduff	5415671	-7.9010897	52.8864100
Stameen	5242677	-6.3296867	53.7078909
Garries	6355888	-9.3590957	51.9925054
Creeves	6148834	-9.0168017	52.5641876
Lisduff	5680400	-8.3507639	53.1689683
Gowlane	5827116	-9.8764586	51.6968143
Cronoge	5230103	-7.3066817	52.5522016
Borreen	5741860	-7.6295272	52.0852660
Gowlane	6249918	-9.9323262	52.0402084
Killarn	4650840	-5.7577315	54.6052695
Pullagh	3546115	-8.7294428	54.0938195
Ruanard	6239266	-8.5658078	52.7237378
Lisduff	6231278	-8.5248538	52.7259015
Lisduff	4640922	-8.5268290	53.2228124
Gneeves	6293849	-9.6587681	52.0820719
Lisduff	4218883	-7.3184005	53.8445962
Drumbar	5697383	-6.8789748	53.8802435
Legaloy	4483358	-5.9500714	54.7592093
Tiknick	4590386	-6.1673979	53.2371144
Spahill	2223948	-6.8873495	52.6100556
Clyduff	4277419	-7.8818677	52.9576906
Lisduff	2923363	-7.4609893	54.3001034
Glenart	4505680	-6.1976475	52.8114424
Lisduff	4245718	-7.7624074	53.1474997
Lugduff	4536440	-6.4447910	52.7937222
Lisduff	2459511	-7.9783715	53.6586908
Drumbar	5409657	-7.3933725	53.9985113
Stameen	6967481	-6.3005616	53.7157796
Lisduff	4770975	-8.4681927	53.8568231
Lisduff	5445203	-7.7574818	52.6979100
Maghery	4554406	-6.0720063	54.0705454
Searkin	5661412	-7.1879529	54.1376382
Finnahy	5609405	-7.9719218	52.7082038
Onecote	6024702	-1.9472235	53.1051852
Fondore	6612141	15.0485608	12.1957618
Lisduff	4012916	-8.7440221	53.6506659
Lisduff	6256569	-8.8877536	52.7522663
Boolies	1166573	-6.4248822	53.4576319
Aughrim	6270837	-9.3467412	52.5167586
Curkeen	4516823	-6.4805764	53.5009372
Lisduff	5625299	-9.5668426	53.8884653
Milford	4682647	-6.9577657	52.9455230
Aughrim	3904863	-7.8535952	54.3028485
Oldpark	4818899	-7.2777219	52.6745043
Blarney	5553484	-8.5718485	51.9260842
Monanoe	6235135	-8.9000682	52.8358139
Foulden	1022745	0.6150196	52.5598595
Maumfin	3416111	-10.0355246	53.5596277
Prebaun	5688113	-9.0213503	54.0010148
Lambton	6026849	151.7058881	-32.9133322
Pullagh	4667021	-9.0113034	53.0743460
Svinica	2384636	21.4913373	48.7260226
Newbarn	4199611	-6.3214875	53.4854540
Stadalt	4444850	-6.2748248	53.6230961
Dartans	4603217	-7.6217070	54.7034882
Lisduff	4139485	-7.4487986	53.7102702
Makuti B	5466595	39.2572241	-6.7997384
Enybegs	2319164	-7.7399193	53.7802887
Coelhos	4265798	-34.8899997	-8.0676258
Kilcool	6148844	-8.9779255	52.5399810
Creeves	6149961	-9.0271329	52.5608296
Grageru	4023053	-37.0623233	-10.9408162
Pullagh	6054309	-8.7323519	52.4869094
Gowlane	6336684	-9.5790087	51.9290505
Coolcon	5765250	-9.0118857	53.6262018
Lisduff	3588789	-8.4179897	54.2980033
Endoume	6598065	5.3530923	43.2833124
Bangort	4145073	-8.6862746	54.7312456
Screeby	5490490	-7.2734146	54.3948667
Oponice	2209637	18.1435862	48.4589030
Narooma	6079557	150.0596022	-36.2424541
Appleby	6063348	150.8236971	-30.9654935
Drumkee	5467413	-6.6912026	54.5073627
Gneeves	6144084	-9.1157180	52.0156953
Taratap	7063017	139.9463853	-36.5791335
Ingomar	6208942	134.7991345	-29.5422702
Lisduff	4261443	-7.8897622	53.0531463
Lisduff	5363171	-8.0654604	53.0557498
Milford	5362651	-8.1291706	53.0420393
Lisduff	4134311	-7.9422254	53.2648743
Lisduff	5836708	-8.9815147	53.7065050
Binnion	5517062	-7.4279647	55.2785585
Gowlane	6179034	-10.0802811	52.2329811
Hrabkov	2320111	21.0214428	48.9516852
Rinskea	6205732	-8.3270163	52.9609270
Aughrim	4730223	-8.1071362	53.8671836
Lisduff	6288597	-9.7832757	52.4159737
Mlynica	2275109	20.2991127	49.1067663
Davidov	2322272	21.6242136	48.8239485
Pimlico	6070082	153.4987421	-28.8953915
Lisduff	6054303	-8.7781932	52.4942603
Manoora	6545290	138.8031692	-33.9951213
Lisduff	4762950	-7.3729692	52.7729956
Aughrim	5659902	-7.5829115	54.1377480
Spahill	4759883	-7.5002735	52.7542163
Maestra	7348483	-51.1930047	-29.1146241
Lisduff	4525291	-7.6921393	52.8348624
Clonuff	4457666	-6.9536126	53.4101009
Pullagh	4812945	-6.9936323	53.0799329
Binnion	5571940	-7.4989305	54.9017341
Clavass	2581478	-6.5542101	52.5389537
Lisduff	5926645	-8.9300208	51.5611714
Lisduff	2310243	-7.5923603	53.7437927
Lisduff	2385794	-7.6544168	53.6924570
Lisduff	2376969	-7.7880203	53.7047609
Boolies	4259628	-7.1152681	53.7709913
Prebaun	4145632	-7.3499252	53.4744425
Tackley	4268444	-1.3101637	51.8786751
Mweelra	4187802	-7.5519835	53.4941017
Gneeves	5832682	-9.4047710	51.4718192
Rahally	6017075	-8.5084290	53.2826807
Vivenda	7337663	-54.3377772	-30.3395858
Matlask	1022281	1.1903295	52.8791156
Ferring	2958722	-0.4508406	50.8189457
Ansford	2904497	-2.5180957	51.0978457
Aughrim	5491025	-7.9465085	54.1388024
Highett	2402668	145.0397968	-37.9511110
Caramut	3159321	142.5139394	-37.9255977
Quinagh	2198537	-6.9218129	52.8128341
Mojados	5411110	-84.0939170	9.9042106
Aughrim	5513761	-7.9444203	54.0442310
Boolies	4749375	-6.9189846	53.7160268
Barnboy	5721419	-9.7321332	52.2938531
Sholden	2596994	1.3772513	51.2380242
Lisduff	6126624	-9.1487588	53.6055473
Milwich	6978949	-2.0347565	52.8931006
Lisduff	5682724	-6.8322791	54.0851781
Corsham	3411503	-2.1846229	51.4268593
Cockett	1396385	-3.9954099	51.6403949
Mardyke	5442867	-7.8037254	52.7715515
Harthau	414892	12.9276919	50.7760675
Drumbar	5734096	-7.0224948	53.9654531
Playden	2830963	0.7474314	50.9709296
Mardyke	5480485	-7.6481270	52.5817300
Drumbar	5633033	-8.0883822	54.6402965
Solnice	428351	16.2296567	50.2034755
Coraghy	5681853	-6.8590622	54.0362494
Dolánky nad Ohří	431301	14.1670913	50.4747791
Horní Nivy	424342	12.6192331	50.2485465
Lisduff	5626708	-8.2897207	52.4589695
Marldon	3529296	-3.6050464	50.4624552
Closdaw	5661405	-7.1667498	54.1386902
Coraghy	4783042	-7.2027219	54.2039739
Lisduff	6244773	-8.7286247	52.8575550
Bullona	6761105	9.1654417	45.4879933
Sapugal	5550110	-8.6005403	41.3821549
Griesen	1327715	12.4039326	51.8296417
Gowlane	6266515	-9.7099081	51.8936524
Pullagh	5984982	-8.3194870	52.5854065
Burnham	3686956	-0.6490933	51.5442926
Copford	3252327	0.7957260	51.8667581
Kraľovany	2230211	19.1082971	49.1642520
Lisduff	5443593	-7.5544776	52.6960866
Leupahn	2831042	12.7516894	51.0982830
Lisduff	4619211	-7.0290964	53.7934426
Lisduff	5193818	-8.1254615	53.8286323
Puklice	426448	15.6624652	49.3649473
Zamachy	427511	14.7118136	50.3856195
Fourban	7682887	-9.2443204	10.3526104
Batelov	427715	15.4086117	49.3136749
Služovice	435872	17.9986842	49.9855359
Dlouhá Loučka	431260	16.6256365	49.7052156
Chockov	430313	13.5774026	49.8977482
Lugmeen	4501319	-8.1406706	54.1691433
Nehodiv	424184	13.5529992	49.4101131
Hvězdoňovice	423563	15.7645429	49.2204826
Coolier	5500078	-7.0016895	53.1733228
Mersham	2516595	0.9280397	51.1173481
Beranov	425623	12.8932444	50.0013583
Glooria	4659982	-8.1330809	53.9978906
Dolní Dubňany	436448	16.2263209	49.0588656
Gneeves	6105491	-9.0779296	52.1582414
Canudos	5144657	-48.4605529	-1.4517245
Askpark	5362281	-8.0513396	53.0785761
Moravec	429704	16.1450628	49.4434628
Knockin	7017257	-2.9789587	52.7928642
Shobdon	6190347	-2.8762199	52.2570363
Aughrim	4564156	-8.0514063	54.2182985
Wehrden	6521687	9.3752580	51.7138946
Dunderk	4703776	-6.6470669	53.7123858
Lisduff	5586460	-8.2685776	52.8021746
Corgrig	6154179	-9.0960072	52.6053833
Tamugan	6489856	125.3827587	7.2373397
Enzberg	1533988	8.7930290	48.9380363
Sheldon	3383058	-3.2541435	50.8706557
Halwill	4083498	-4.2212354	50.7689655
Oldmill	4638871	-7.1697503	53.0026988
Stameen	4442244	-6.3192016	53.7076566
Drumbar	3661221	-7.4348807	53.9432223
Gneeves	6073383	-9.3394590	51.5506951
Lisduff	5267779	-7.3781044	53.9642853
Verberg	6047242	6.5823391	51.3628304
Aughrim	4555937	-6.0350921	54.0921392
Meurich	6656763	6.5053667	49.5610975
Lismeen	4770833	-7.2154635	53.9041249
Lisduff	2223779	-7.9825851	53.9485746
Seeoran	5734914	-7.0427530	53.9564029
Clohass	2623158	-6.6203894	52.4896934
Mormeal	5117749	-6.7453260	54.7916235
Liggins	4555867	-7.0441131	54.7434773
Corrard	2633027	-7.5442484	54.2597318
Crankey	5324595	-6.4183090	54.2399849
Maghery	5164738	-6.5740930	54.5108098
Screeby	4560303	-7.5232567	54.4222070
Dunlarg	5207719	-6.7002138	54.2612834
Ewingar	6069863	152.5136254	-29.0914603
Woombah	6070273	153.2932563	-29.3114619
Bootawa	6063409	152.3554117	-31.9221462
Mograni	6059150	152.0304767	-32.0301379
Gineroi	6069886	150.5077070	-29.7354935
Andilly	296936	-1.0068871	46.2615313
Conetoe	177409	-77.4571792	35.8182150
Zalesie	6780601	23.0427868	52.4623661
Kochlew	3662317	18.7774116	51.1992897
Sanford	135184	-84.3800945	43.6776930
Kenneth	137229	-96.0727529	43.7566679
Zalesie	6624527	20.3994969	51.6483462
Zalesie	7242154	22.0345486	50.0078581
Le Magny	124214	1.9573460	46.5566613
Burgsee	152021	11.4133547	53.6229674
Milford	141642	-94.1582277	37.5868560
Morland	129896	-100.0758743	39.3495750
Inujima	2950942	134.1031328	34.5635798
Imielno	6145905	20.4442478	50.5877429
Covelas	4170499	-8.3339890	41.5905899
Vanleer	197293	-87.4386297	36.2400480
Bielawy	4773795	17.2334051	51.6357973
Zalesie	4628599	19.9710800	50.9734714
Loupiac	1270519	-0.2943370	44.6257027
Zalesie	6363795	21.0809150	50.7148228
Greeley	129633	-95.1272600	38.3684994
Sanford	4833546	-105.9007239	37.2570875
Dighton	129926	-100.4662858	38.4825085
Ciotcza	7804469	22.3266478	51.4913786
Casazza	6782381	10.2274553	45.5760419
Woldegk	1419902	13.6077245	53.4966272
Zalesie	7620913	22.6274465	51.3699655
Milford	130292	-96.9094805	39.1752414
Zalesie	6896900	22.0198609	53.3314510
Zalesie	7096933	22.9714627	53.2530412
Harting	2997993	-0.8838740	50.9695459
Beuchow	5624368	13.8984331	51.8468616
Winfall	176854	-76.4540736	36.2081359
Zalesie	3296141	20.0188053	50.1982039
Robards	130754	-87.5293977	37.6787134
Meldert	3388430	4.1339380	50.9348329
Boulder	252354	-109.7005118	42.7506965
Ohimini	3716093	7.9572672	7.2502553
Sheldon	141483	-94.2959017	37.6573100
Zalesie	6862252	22.8618427	51.2400967
Zalesie	6868765	23.1750833	50.8766483
Zalesie	7600647	22.2232790	51.1389240
Ganjuwa	3722241	9.9899566	10.7493608
Skalnik	6926703	21.4959135	49.5713954
Ellikom	6523472	5.5289463	51.1303478
Zalesie	6863589	22.4046857	53.5284566
Zalesie	6869053	23.4074349	50.8973008
Zalesie	6519907	21.1251196	50.3742600
Zalesie	5119880	20.3411418	49.6254887
Olchowa	6972160	22.2702907	49.4417085
Jameson	141123	-93.9876205	40.0057890
Andilly	2180613	5.8854818	48.7664345
Labatut	76056	-0.9971381	43.5543907
Andilly	92647	6.0713433	46.0698479
Wolnica	5404281	22.7305536	51.0822704
Sheldon	181626	-97.4931061	46.5879680
Guangfu	3230528	115.9088048	28.3405631
Zalesie	7111917	22.0833313	50.4038634
Zalesie	4017579	20.7524305	52.2659982
Kilgore	169406	-100.9565906	42.9384594
Farwell	169523	-98.6282060	41.2154204
Loimola	1020573	31.5241614	62.0816078
Zalesie	6851489	22.6722086	49.7489366
Goffert	1201007	5.8258668	51.8209743
Merimar	6641548	-81.3984542	30.3119399
Ringsee	5623919	11.4473055	48.7368774
Tarendo	5997650	-8.4002120	42.0610128
Beranov	1245240	14.3214830	48.9798695
Krughütte	5334957	6.9028143	49.2264774
Pousada	6303021	-8.4883318	41.4350931
Redolho	6012815	-8.4361251	41.9961987
Bom Nome	6302324	-8.4919367	41.4726175
Pousada	6301561	-8.5042255	41.4626001
Flitsch	7531217	7.0399799	49.2851634
Lalisse	4003934	4.6248966	44.8129963
Bernsen	7111381	9.1708949	52.2217948
Zalesie	3248834	20.1024803	50.0474125
Rezende	5214691	-45.4291632	-21.5883000
Kolonia	3307274	19.9977210	50.1909336
Oberrod	6908473	8.3802436	50.3440189
Tarendo	5765211	-8.3749598	42.0359988
Regoufe	6013709	-8.4948498	41.9892466
Kolonia	4671178	21.2289816	51.4303731
Sauces I	7623684	-75.7337482	4.8026680
Binzgen	6525153	8.0594073	47.5761587
Sanford	5172977	-61.2793691	-33.1447582
Hornlia	3896041	9.4654185	62.6226463
Midvann	6583035	6.8094808	58.1246145
Valavičių tv.	3550343	23.2051879	54.4865361
Krenhof	5707741	15.0596944	47.0950645
Binzgen	6525135	8.0499555	47.5738565
Palomas	3371466	-57.6103020	-31.0812877
Olchowa	6875617	21.7562699	50.0594125
Sanford	6595940	-101.5322637	35.7028495
Zalesie	7511521	22.2820878	51.0016013
Namborn	5637295	7.1359699	49.5205685
Argelos	117272	-0.6225073	43.5812898
Labatut	1983798	1.5205808	43.2625894
Loupiac	123398	1.4717018	44.8258405
Le Magny	2918502	6.1716803	47.9625789
Fargues	117281	-0.4531006	43.7235392
Meldert	4733626	5.1472099	51.0067478
Zalesie	6964149	21.8487966	49.6520103
Izbiska	6984447	21.2388971	50.2452162
Monheim	2972259	10.9020581	48.8303948
Xiaguan	7791878	114.1910381	39.1138920
Zalesie	7107601	22.1689857	50.1537858
Zalesie	6423225	16.5710763	50.3140872
Wehrden	4559457	6.8276351	49.2456859
Llanars	345036	2.3523677	42.3379186
Loupiac	1449738	1.7814854	43.8226979
Fargues	122722	1.1946952	44.4057792
Zalesie	3316668	19.9976023	49.9334602
Meldert	3964769	4.8294566	50.7895667
Zalesie	6900681	22.9900879	50.1479235
Zemamra	2823082	-8.7043575	32.6161957
Ungasan	7760982	115.1569676	-8.8274571
Kramnik	7239734	22.7719676	54.2952531
Velille	1925313	-71.8538351	-14.5445792
Hastedt	1128463	8.8664277	53.0666726
Ferring	5792004	8.1234544	56.5262090
Zalesie	6854785	20.0090052	53.1589265
Chumuch	1900939	-78.1988995	-6.5678720
Zalesie	6778385	22.5365415	50.0123293
Alksnas	5436495	26.4527391	55.5008453
Gozdawa	5853270	16.6649644	51.1124396
Am Markt	7407376	13.1772874	52.6878020
Am Markt	5420588	9.5437089	51.1314224
Am Markt	3657378	14.6475451	51.7439835
Sun Deck	7854393	-118.5273237	34.3735015
Am Markt	5416408	9.0147415	50.8276997
Am Markt	4840847	13.9413889	50.9624857
Calle 1821	4668001	-99.1202989	19.4173518
Am Markt	1596873	8.9170454	50.1327551
Zalesie	7212299	19.7596912	53.9377770
Kolonia	5652517	19.4716913	50.3102706
Lymanka	7392715	30.6803344	46.3894826
Zaggota	2813777	-5.5631982	34.1815943
El Aioun	1614575	8.6275686	36.8235685
