Ukraine	60199	34.0028598	48.2818385
Navarre	349027	-1.8307877	42.6125487
Orlando	1128379	-81.4496364	28.4810432
Lierval	74122	3.6217213	49.4879301
Palluel	1206604	3.0981890	50.2616031
Sergipe	303940	-37.0976239	-10.5417531
Audrieu	145734	-0.6016564	49.2047009
Olendon	279206	-0.1707830	48.9686828
Verchin	1216541	2.1726311	50.4976736
Catigny	423229	2.9427616	49.6349237
Corpeau	129595	4.7556945	46.9286947
Lanthes	156740	5.2038378	46.9989146
Chozeau	79396	5.2149055	45.6988610
Salency	197564	3.0407481	49.5872377
Nivelle	56421	3.4593316	50.4680990
Alpette	44909	7.5782068	45.4060202
Tallans	1274152	6.2864246	47.4093932
Lannion	409309	-3.4751721	48.7455128
Angirey	377849	5.7716547	47.4524457
Capvern	166309	0.3318870	43.1049783
Doville	1106781	-1.5496880	49.3335307
Juillan	161498	0.0228939	43.1993298
Lagunes	3581398	-4.1582069	5.8684175
Kayanza	1700316	29.6620332	-3.0078002
Cunlhat	358160	3.5625800	45.6323422
Castels	2783588	1.0788606	44.8692353
Trapani	39404	12.7166016	37.9039089
Ranchot	148730	5.7209616	47.1601279
Fontain	111773	6.0376198	47.1934815
Raville	2444026	6.4802669	49.0890213
Tarsacq	1016597	-0.5321168	43.3555730
Hillion	381225	-2.6463388	48.5042190
Coadout	387142	-3.1725498	48.5152630
Pranzac	374359	0.3501267	45.6744475
Roddino	43306	8.0142645	44.5708495
Cieutat	162641	0.2096789	43.1260707
Bitburg	572813	6.5121272	49.9764509
Tudelle	133377	0.2845997	43.6831213
Sarnico	45687	9.9704905	45.6747573
Pontida	45883	9.5044880	45.7323855
Roderen	80346	7.0904616	47.7820009
Grenant	2933041	5.4936217	47.7071753
Leuchey	3100355	5.2140468	47.7286778
Plesder	142955	-1.9264337	48.4161918
Rouécourt	3205879	5.0783070	48.3293709
Valleve	46754	9.7104338	46.0391891
Orcinas	415617	5.1388849	44.5509661
Lincoln	169588	-96.6887845	40.7971080
Juzbado	339769	-5.8784509	41.0874469
Rougnac	397166	0.3509470	45.5377017
Mazamet	138698	2.3800110	43.4664166
Pleyben	905614	-3.9740211	48.2417571
Durbans	122585	1.7726972	44.6809502
Salsein	2100357	1.0024880	42.9053055
Gondorf	1152705	6.6118561	49.9664794
Orsfeld	1140552	6.6274350	50.0306454
Brignon	2598086	4.2143469	43.9954293
Sulniac	146627	-2.5756241	47.6538725
Berkoth	1171853	6.3488993	50.0404289
Jarrier	128290	6.3072363	45.2883118
Saint-Léry	125344	-2.2643600	48.0903531
Taquara	242539	-50.7292417	-29.6341611
Lahosse	1376224	-0.7859733	43.7125706
Corancy	1112887	3.9595932	47.1090069
Blismes	157093	3.8149380	47.1296140
Tallone	76823	9.4518668	42.1898722
Marmora	43119	7.1235150	44.4392470
Bessans	133935	7.0496974	45.2887218
Marthod	127989	6.3908048	45.7319874
Averdon	273620	1.3031539	47.6876529
Moissac	144906	1.1014217	44.1218641
Alserio	46103	9.2005321	45.7810959
Mennecy	150419	2.4303966	48.5598115
Roanoke	206561	-79.9602097	37.2745320
Taillet	2768134	2.6761418	42.5191177
Hilgert	453344	7.6940144	50.4580206
L'Île-d'Elle	166538	-0.9177905	46.3350658
Cormano	6565147	9.1676207	45.5445132
Cormano	45265	9.1611893	45.5441734
Imereti	1997289	42.9521554	42.1875599
Laubert	1070564	3.6454834	44.5952716
Lincoln	126206	-89.3697653	40.1472035
Heugnes	1998744	1.3884417	47.0286909
Denizli	223169	29.2458121	37.6788336
Montgai	342142	0.9798088	41.8009186
Nantiat	117440	1.1752532	46.0081289
Girincs	1440865	20.9939552	47.9818506
Klempau	1469215	10.6678323	53.7657957
Saignon	108224	5.4357826	43.8675172
Ezcaray	340189	-3.0290161	42.2609871
Fitzbek	450219	9.7638195	54.0073215
Brantes	148139	5.3275583	44.1860498
Rebollo	346329	-3.8570351	41.1903217
Tribano	44366	11.8365856	45.1921339
Sarconi	40341	15.9136101	40.2221908
Orgiano	44722	11.4684530	45.3475080
Regenye	575154	18.1688854	45.9706713
Terroba	341991	-2.4456632	42.2587960
Grimmen	372330	13.0570579	54.1225909
Chitose	4085704	141.6102199	42.8171834
Herzele	408555	3.8990281	50.8701070
Savogna	179237	13.5521632	46.1802228
Allariz	344290	-7.8045042	42.1930556
Palhers	283816	3.3030848	44.5162890
Stekene	4133082	4.0240412	51.2104744
Stekene	913874	4.0329167	51.2094399
Hosszúvölgy	1320809	16.9345415	46.5178863
Bojanov	439960	15.6959526	49.8555770
Pollina	39467	14.1224815	37.9933456
Vraclav	440540	16.0978774	49.9598016
Salcito	41493	14.5215240	41.7367374
Busnago	45439	9.4677489	45.6104045
Sersale	39745	16.7241922	39.0054752
Arzamas	1163625	43.8408983	55.3946513
Arzamas	1582236	43.8408983	55.3946513
Piricse	1452112	22.1646714	47.7558737
Hensies	2170571	3.7218752	50.4376338
Bordils	348888	2.9096545	42.0474588
Douglas	1061138	-4.4843692	54.1620355
La Junta	112210	-103.5429609	37.9709570
Nehmten	310404	10.3791599	54.1049549
Vendone	42838	8.0717448	44.0828024
Panotla	5999656	-98.2806231	19.3520348
Hyargas	7305293	93.8362833	49.4512873
Taretan	5606435	-101.8971177	19.3256669
Cuautla	5605727	-98.9722995	18.8229422
Navarre	6429242	-1.8307877	42.6125487
Mudanya	1273953	28.7746225	40.3267564
Shiraoi	4085802	141.3256599	42.4900754
Cuautla	5605728	-104.4858267	20.2036093
Tanahun	4588151	84.2236460	27.9355078
Torfaen	2750460	-3.0520675	51.7014800
Grajewo	3088154	22.4578391	53.6399088
Grajewo	3168670	22.4578391	53.6399088
Bilisht	1252576	20.9933521	40.6274827
Andover	1840196	-71.1662043	42.6431823
Limpias	340152	-3.4112401	43.3780398
Trapani	39166	12.7177843	37.8743225
Eltmann	387775	10.6635667	49.9603710
Soliera	43525	10.9439026	44.7479468
Dabrony	1078639	17.3217673	47.2415685
Bogyoszló	1483291	17.1816319	47.5586134
Suurmetsä	190601	25.0605398	60.2672503
Bataysk	407876	39.7683321	47.1079940
Kearney	169331	-99.0932312	40.6992070
Naunhof	422341	12.5684568	51.2815870
Mareuil	145420	0.4416135	45.4466433
Hatting	79607	11.1595695	47.2667452
Beelitz	531653	12.9852422	52.2224286
Laatzen	2012733	9.8341478	52.2940303
Siedove	3934939	38.1602115	47.0762266
Fridley	136671	-93.2533392	45.0795445
Kerepes	1388598	19.3028302	47.5592313
Ipsheim	357058	10.4719065	49.5339375
Kremmen	1310104	13.0703730	52.7962889
La Rouge	1111163	0.7055390	48.2837103
Zignago	42993	9.7519785	44.2898406
Vassurány	1131688	16.6944137	47.2772752
Andover	2557262	-1.4756739	51.2126942
Palting	416883	13.1225362	48.0122577
Grambow	1444881	11.2789758	53.6189160
Wodonga	2377502	146.9051519	-36.1152351
Undeloh	309522	9.9220792	53.2087341
Gauting	932494	11.3537905	48.0645185
Apostag	1130412	18.9773637	46.8743135
Drahkov	438110	13.4746501	49.5553394
Nünchritz	549799	13.4260001	51.2743275
Werneck	318733	10.0957076	49.9861693
Elsdorf	168468	6.5628856	50.9341907
Croglio	1684670	8.8420339	45.9863751
Douglas	252253	-105.3805125	42.7543640
Ipueira	301100	-37.1985349	-6.7752945
Sargans	1683931	9.4488002	47.0545710
Erewash	142306	-1.3513173	52.9380048
Kemmern	1077565	10.8692783	49.9574299
Fukaura	4107540	139.6827625	40.6342310
Helpsen	1176594	9.1311579	52.3041403
Tarouca	5329285	-7.7749953	41.0175999
Pengkok	5615355	110.4942508	-7.8746753
Tahunan	5615685	110.3833161	-7.8064214
Piyaman	5615640	110.5947627	-7.9396740
Steigen	408208	14.8017082	67.8535836
Bintaro	5802352	106.7608618	-6.2713928
Senayan	5802299	106.8099197	-6.2269110
gmina Śrem	2709310	16.9883456	52.0875686
Kumenan	3934576	133.9558039	34.9225309
Nishiki	3994311	130.8412370	32.1863830
Fukuchi	4008441	130.7873340	33.7030310
Rennebu	406462	9.8873300	62.7662726
Petrich	1978210	23.1725223	41.4350360
Shiraoi	4085805	141.3256599	42.4900754
Radnevo	1947826	25.8977210	42.2750544
Fuefuki	4792039	138.6873522	35.6138865
Andover	136833	-93.3249204	45.2550860
Gingins	1684986	6.1545370	46.4250114
Clifton	170728	-74.1699689	40.8596005
Bassens	88614	-0.5228046	44.9070087
Painten	956659	11.8395771	48.9967107
Waldorf	133599	-76.9063161	38.6350430
Nufenen	1684125	9.2467356	46.5404959
Steigra	2396127	11.6935421	51.2976108
Kengyel	1273071	20.3435229	47.0786327
Marines	343643	-0.5678150	39.7110992
Coppell	5432268	-96.9881831	32.9583520
Gogolin	2811294	18.0325949	50.4975521
Damnatz	1821764	11.1636516	53.1434029
Hüllhorst	145269	8.6485491	52.2654271
Parlier	112453	-119.5388753	36.6101990
Melchow	1318348	13.7272348	52.7711545
Witnica	3008694	14.8919903	52.6777661
Ryglice	2883376	21.1440202	49.8776546
Douglas	110674	-109.5495045	31.3599640
Coronie	5740851	-56.2432189	5.7424386
Altinho	303680	-36.0945469	-8.4755000
Växjö kommun	935654	14.9016633	56.9088200
Glatten	935844	8.5226276	48.4306856
Pesvice	439612	13.4835100	50.4678705
Lincoln	2047652	-71.6005970	44.0990945
Mulhall	185194	-97.3346796	36.1177499
Gorgier	1685489	6.7647602	46.9210952
Hatboro	187779	-75.1029674	40.1791510
Bolivar	141803	-93.4071294	37.5874046
Leislau	2404038	11.7558388	51.0795579
Murfeld	51138	15.6763931	46.7260266
Robbins	123150	-87.7049953	41.6418945
Lincoln	181647	-100.7021056	46.7683640
Bennwil	1683621	7.7816131	47.3949525
Lazarat	1253910	20.1585161	40.0417496
Grambow	1407735	14.3386991	53.3921993
Ten Boer	163030	6.6975030	53.2736753
Ten Boer	163036	6.6892013	53.2739863
Marines	549697	1.9810108	49.1499612
Lincoln	187469	-79.8494730	40.2989923
Satawan	3823294	153.7349154	5.3293855
Lac Esox	3296792	-74.8271260	49.6558249
Lac Otis	1516129	-76.1038832	48.0344745
Lac Jazz	3096202	-72.8644086	48.3867533
Koosa jõgi	4208128	27.1727368	58.4234814
Krammer	1421834	4.1926615	51.6589189
Liivi jõgi	3810444	24.0900141	58.8726668
Ljungan	1960219	14.9922390	62.4168875
Ljungan	1960218	15.1662954	62.3908430
Goduram	3698652	12.0717621	12.1726566
Gersken	3737124	16.0437349	58.3595448
Iwafune	4846980	139.6403691	36.3379689
Bondary	7006355	23.7496506	52.9482424
Drenova	6378402	19.6730408	43.4397902
Polatna	6312502	21.2535627	44.4187110
Cungula	6967616	21.2908763	43.2461405
Bukovce	1706482	22.6198956	44.2036079
Koznica	6662609	22.1203918	42.7382345
Ljungan	934361	15.7579972	62.5292053
Ljungan	2123743	15.5649520	62.5023752
Ljungan	5259273	16.0019373	62.5095455
Ljungan	5259274	16.0653417	62.4885205
Valente	362349	-39.4452817	-11.3930000
Modliszów	6054877	16.3990284	50.7891466
Otolice	5790143	19.8826154	52.1107764
Kompina	5780926	20.0649849	52.1395245
Açude Guaiúba	6486898	-38.6309081	-4.0678074
Bukovce	6325358	21.2272273	44.0047348
Drenova	6959436	21.0321054	43.3536989
Jugovac	6970013	21.5406592	43.2890642
Moreira	4640197	-8.4851585	42.0224027
Moreira	5923251	-8.6511391	41.2418941
Komorówko	6209616	17.0791182	51.3852401
Suchy Dwór	6374669	17.0339463	51.0176356
Polwica	6373123	17.1820477	50.9136083
Kolonka	3190760	21.3333625	51.4460232
Oreovac	7288400	22.0737577	43.3698132
Oreovac	7281313	22.3380527	43.1858526
Trnavac	6354872	22.3248922	44.0021737
Gieczno	6754185	19.4488444	51.9981634
Mossisjön	5987717	13.8365243	61.5528841
Slisane	7204979	21.5906620	42.9565314
Heivatn	6277924	8.4728645	58.5112233
Panotla	1391378	-98.2705966	19.3131045
Aguirre	4468113	-66.2515779	17.9697534
Kayauki	3711687	7.6967494	13.0062567
Takware	3708150	4.5722081	11.3315092
Takware	3708151	4.4808742	11.3233938
Bolivar	2659836	-77.9026460	0.5079506
Lincoln	112637	-121.2942826	38.8827965
Owl Lake	3253083	-91.7227936	48.6667523
Kearney	7540520	-79.1151125	45.6184947
Lac Mizo	910158	-76.9445491	46.1078302
Bolivar	3659149	-80.0991626	0.4766778
Mattawa	7539083	-78.7039208	46.3133816
Lincoln	69144	-0.5600565	53.2204736
Averill	3075867	-71.6855381	44.9400606
Bolivar	2661627	-78.5542242	-1.3888540
Bataysk	1609550	39.7683321	47.1079940
Owl Lake	400963	-90.9076582	48.0400187
Lincoln	7686740	-71.4569555	41.9258444
Guaitil	6302501	-84.2309052	9.7923389
Paquera	6151361	-84.9946149	9.8264508
Tapesco	7359131	-84.4040310	10.2192580
Lavello	41026	15.8077143	41.0786544
Lariski	3722436	10.8015722	10.3479618
Muchhok	5326900	84.6592213	28.1411520
Tilathi	7584670	86.7731431	26.4637011
Portaha	7535677	86.8890162	26.5675034
Joe Pond	336158	-80.1508041	34.4725359
Asurena	5988771	83.3318075	27.3922445
Song Tac	3515393	106.8463210	10.7840134
Kubingo	1719026	30.5701379	-2.1387987
Lantier	7692499	-74.2437400	46.1630324
Lake Joy	7831720	-104.6550859	38.2646634
Clifton	113211	-108.4592777	39.0800729
Low Lake	1728441	-94.1074380	49.8301397
Owl Lake	4123534	-87.0142275	48.9968983
Joy Lake	5163873	-87.9264398	50.3307423
Owl Lake	3429024	-82.1324832	46.1376417
Douglas	110675	-109.5495045	31.3599640
Nam Tinh	2277904	101.8062610	19.1704852
Zhengji	6689579	118.9436821	32.5911652
Kinkora	2256628	-63.5938354	46.3193032
Yaxiaji	6718640	103.7642920	35.2441453
Pyaugha	5835651	82.3815495	28.5910742
Gothgau	6725386	86.2048037	27.3818535
Devitar	7708590	85.5566721	27.6717514
Thaprek	7724076	85.3470162	27.9055065
Thaprek	6092446	84.1626041	28.0816012
Lac Otis	1565037	-70.6472089	48.2990658
Crocmaz	1706626	29.9612021	46.4426499
Ljungan	3340074	16.4352859	62.4476581
Sampona	3720837	46.3098314	-25.1477133
Owl Lake	1941528	-86.0718733	46.5059917
Andover	129755	-97.1395793	37.6868301
Carroll	2050714	-71.5049639	44.2891999
Sea Girt	170371	-74.0328782	40.1290869
Andover	366465	-71.7946886	43.4470445
Douglas	1844162	-71.7466383	42.0472887
Dublany	7005389	23.8979539	53.0387115
Kaisten	1684338	8.0511676	47.5314359
Cujubim	325880	-62.5306964	-9.1330000
Gobiaty	7009767	23.8768378	53.1078906
Cuttack	1984452	85.4611959	20.3640011
Nadbory	7087808	22.4231772	53.3189413
Chojewo	6916874	22.9658693	52.7037035
Finhaut	1685307	6.9349242	46.0716946
Bukovec	437789	18.8329628	49.5465600
Garlipp	3643299	11.6055119	52.6493700
Seddouk	4070075	4.6847418	36.5366700
Gorzuchów	6418648	16.5679090	50.4885591
Delphos	183313	-84.3372762	40.8449479
Roanoke	127585	-85.3745857	40.9619789
Douglas	119954	-82.8492587	31.5060545
Bolivar	238641	-77.7520162	39.3248141
Öskjuvatn	193150	-16.7459043	65.0310358
Husinec	437173	14.3712764	50.1766390
Tamokra	4069720	4.6465185	36.3910030
Lincoln	132807	-68.5050950	45.3607490
Carroll	128683	-94.8606514	42.0703055
Skingen	6323779	10.8823778	64.6044211
Arkoudi	812778	20.7095782	38.5528575
Club Key	7810861	-80.6751128	25.0998300
Spildra	2964484	21.6462637	70.0177351
do Dande	2718516	13.3797250	-8.4450086
Paasloo	2695578	5.9998287	52.8091453
Raiguer	2175689	2.8974399	39.7355337
Kalikot	4586356	81.6884199	29.2160405
Thoubal	2027937	93.9273607	24.4824707
Bolivar	188359	-79.1515726	40.3950670
Clanton	110267	-86.6308356	32.8431700
Orlando	183958	-97.3721242	36.1380604
Husinec	437227	13.9825374	49.0504298
Godnowa	6229253	17.3344555	51.5722404
Ortigia	3849916	15.2950061	37.0600030
Paesens	2642730	6.0965520	53.4013333
Willard	182924	-82.7182516	41.0548695
Rogożynek	6823068	23.4147232	53.7089657
Buckley	237676	-122.0178708	47.1624270
Niawier	2642746	6.0298233	53.3572553
Bukovec	439239	12.9920653	49.5889506
Rodmell	2797623	0.0041415	50.8341221
Ginetes	7540330	-25.8325692	37.8515495
Waldorf	1022831	7.2257519	50.4816688
Andover	170929	-74.7431725	40.9845055
Rudawka	6840019	23.2774678	53.4321461
Wingate	179927	-80.4487161	34.9819839
Roanoke	114871	-97.2311759	33.0093815
Pisanki	6856453	22.7028034	53.3686216
Marutea	6062917	-135.5464357	-21.5290521
Clifton	1198698	-84.5250253	39.1495394
Husarka	3608136	36.5191462	47.3628019
Arville	1407990	2.5562160	48.1822072
Bolivar	182815	-81.4545894	40.6488894
Walford	128598	-91.8245841	41.8799300
Clifton	182875	-83.8257844	39.7963070
Roberta	119551	-84.0102479	32.7194340
Moravia	176052	-76.4243819	42.7117357
Cornell	251903	-91.1521526	45.1627565
Elsdorf	1079017	9.3902969	53.2511387
Villa küla	353146	27.0366647	57.8642943
Villa küla	353722	27.0793670	57.6886395
Tindi küla	350469	26.9453870	57.7302299
Pintado	7391010	-56.2965022	-29.0072809
Suinana	2734718	-49.1679975	-20.5178779
Ipueira	6242275	-37.1985349	-6.7752945
Vernich	3292329	6.8313275	50.7314944
Damerow	1410894	13.9737617	53.4478839
Mangu küla	352898	22.5812655	59.0349455
Valli küla	352224	24.7432782	58.8695371
Hindu küla	352380	22.4946229	58.7042476
Riisa küla	354634	24.9756585	58.4607789
Munguba	6179646	-36.1608855	-9.0696705
Villa küla	353084	25.9005177	58.2680630
Matsuda	2689432	139.1246406	35.3914344
Herzele	3395505	3.8873953	50.8883022
Podlužany	2189536	18.2459254	48.7760036
Bukovec	2187992	17.4924962	48.6954285
Buarcos	6552946	-8.8770668	40.1749731
Dunleer	6974489	-6.4264968	53.8214575
Killesk	6647133	-6.8910267	52.2826126
Alzamay	2663989	98.6586384	55.5501519
Tisinec	2321173	21.6410549	49.2227198
Bukovce	2321191	21.7123830	49.2658360
Retla küla	354891	25.6138943	58.7469935
Matovce	2321600	21.5380615	49.1454872
Ohtla küla	352927	23.9075964	58.8718070
Raigu küla	353273	26.1121525	59.0728292
Sambu küla	355548	25.2232473	59.3900467
Akste küla	355032	27.0841382	58.1634785
Altinho	6197092	-36.0520675	-8.4707912
Andollu	6882729	-2.5741743	42.8234338
Hindu küla	350848	22.8160263	58.6162513
Lubiayi	5411490	27.4446894	-11.7207440
Grandiz	6406866	-7.5469755	40.8581318
Romeira	6482780	-8.7214616	39.3110627
Lovelhe	5682921	-8.7380162	41.9507939
Alqueva	6439982	-7.5371006	38.2259007
Moreira	6366074	-7.9281084	40.5447562
Girovce	2322405	21.7586816	49.0176407
Podlužany	2217924	18.6208163	48.2481994
Hokovce	2217986	18.8439295	48.1583708
Bukovec	2384713	21.1372932	48.7142937
Washeni	5837271	27.5706313	-11.5894060
Cujubim	7623614	-62.5306964	-9.1330000
Vatla küla	351392	23.7255252	58.5549601
Kovland	2779196	17.1553850	62.4695205
Tušická Nová Ves	2386552	21.7557651	48.7182998
Hatalov	2386549	21.8995649	48.6561410
Itengo I	5807505	27.5194590	-11.6374240
Krokava	2274804	19.9996865	48.6401839
Hodejov	2274789	19.9802968	48.3046424
Douglas	6921875	-8.4052793	51.8655469
Elsdorf	2085755	11.9789322	51.7808106
Hostice	2274724	20.0833065	48.2359194
Damerow	3670691	12.2147595	52.8320266
Beelitz	5912740	12.9526211	52.2439105
Hohburg	422919	12.7939112	51.4051424
Raugi küla	355268	23.2729464	58.6515207
Tarouca	6415053	-7.7841779	41.0068615
Alt Bork	5931511	12.8685496	52.1937492
Roscrea	6778884	-7.7886877	52.9426410
Duntara	2863607	-53.3722241	48.5884683
Hindu küla	352425	22.2100854	58.0551693
Gymnich	3313425	6.7251443	50.8428191
Pihva küla	350919	26.5805012	58.3523530
Hüllhorst	1335587	8.6714931	52.2665187
Bolivar	197180	-88.9956606	35.2507620
Zalisci	3166981	25.6474575	49.9669484
Andover	182838	-80.5708390	41.6066095
Navarre	181857	-81.5229874	40.7217069
Hadjout	2308454	2.4217631	36.5232603
Hyndman	188607	-78.7189576	39.8190349
Grądy-Możdżenie	6894140	22.2529628	53.4995499
Conrath	251753	-91.0357245	45.3844269
Lannion	1652250	-3.4065515	48.6736000
Malá Bystřice	442432	18.0622979	49.3981545
Coppock	128430	-91.7153818	41.1636164
Anselmo	169757	-99.8642431	41.6184464
Lincoln	111026	-86.1222435	33.5900414
Kearney	141011	-94.3624377	39.3618089
Aubigny	145732	-0.2168243	48.9138141
Cornell	125884	-88.7288942	40.9932880
Andover	124862	-90.2907461	41.2949580
Sijsele	2247176	3.3435315	51.2105250
Douglas	134430	-86.2024262	42.6380084
Clifton	126692	-87.9337039	40.9328355
Buckley	126696	-88.0378180	40.5966870
Mattawa	237817	-119.9030314	46.7358044
Ashmore	126834	-88.0193366	39.5290965
Lincoln	2388019	-79.4160042	43.1735464
Lekomin	6259039	20.7027996	50.9669175
Willard	198809	-112.0446628	41.4155655
Dojlidy	4762594	23.1733628	53.1019519
Aubigny	85852	-1.4769241	46.5996546
Zalisci	3166982	25.9966840	50.1611799
Carroll	182888	-82.7023177	39.7983424
Maxbass	181507	-101.1422136	48.7223130
Beverlo	3930001	5.2443564	51.0897300
Lellens	163032	6.7045829	53.2987361
Neville	182743	-84.2116855	38.8087174
Czulice	3307835	20.1911093	50.1306752
Gulinek	3388980	20.9896243	51.4669283
Clifton	6584702	-97.5787629	31.7831495
Clifton	129554	-97.2798875	39.5684642
Lettele	1002144	6.2731298	52.2787509
Rehburg	5306006	9.2193293	52.4939290
Tallula	126905	-89.9339778	39.9456464
Timblin	188635	-79.1986157	40.9669180
Taouila	6546034	1.8455510	33.8541514
Andover	2030035	-72.7223888	43.3008353
Roanoke	110523	-85.3690366	33.1496620
Nahunta	119856	-81.9804292	31.2085005
Spandet	7130169	8.8972968	55.2606412
Oraovec	6800915	21.7545964	41.6398699
Trkanje	6851020	22.3623626	41.9109644
Zovikj 2	6502463	21.7960949	41.0438216
Kochuli	6506270	22.7132785	41.3293404
Zagorci	6826111	22.3105691	41.5539394
Zvechan	6423262	21.1205008	41.7037411
Ginovci	6724102	22.1576213	42.1792430
Knezhje	6743923	21.9096008	41.8425669
Gilmore	5998996	148.1717797	-35.4016932
Brungle	6002614	148.2313204	-35.1505758
Pucawan	5926004	147.3800605	-34.3913492
Curlwaa	5738374	141.9760424	-34.1057200
Quesban	7531314	120.3754748	16.0115533
Bismuna	4206806	-83.4103912	14.7463245
Lashtra	2645852	41.7648798	42.5847667
Kokhora	2645840	41.7046781	42.6548423
Khorgas	2470422	80.3816948	44.2235726
Ratomka	7548913	27.3496706	53.9349578
Mirenki	4800516	46.3878355	54.9001392
Roanoke	125967	-89.1989835	40.7963964
São João do Caiuá	297637	-52.3279240	-22.8288080
Cravant	956617	3.7040149	47.6904517
Duenweg	141756	-94.4133299	37.0853640
Szeliga	6853868	22.5110774	50.5474967
Wingate	127422	-87.0714682	40.1711215
Clifton	197265	-87.9964925	35.3768824
Knierim	129216	-94.4559603	42.4526060
Bassens	104240	5.9382853	45.5820126
Cândido Godói	242586	-54.7164738	-27.9246629
Dąbrówka Nowa	6631492	20.7172279	51.7873573
Ogilvie	137610	-93.4201424	45.8303755
Trimble	182839	-82.0814509	39.4875985
Moravia	129198	-92.8184627	40.8917135
Andover	128422	-90.2524623	41.9790565
Zakrzówek	7487050	19.9095026	50.0365490
Lincoln	142608	-112.6993020	46.9446739
Wiklina	6202747	16.7330553	51.6019125
Robbins	180014	-79.5829635	35.4306674
Skingen	2655837	5.6197783	53.2047414
Lincoln	128689	-92.6913642	42.2645587
Readlyn	128509	-92.2254012	42.7038586
Weigler	387523	10.3856078	50.3623726
Willard	140647	-93.4063404	37.2855025
Rudawka	6822181	23.5145938	53.8654933
Rudawka	6854760	22.4383885	49.7171444
Texanna	184146	-95.4790289	35.3597184
Florien	132211	-93.4618740	31.4442330
Willard	129871	-95.9427708	39.0937179
Rudawka	6815621	23.1954607	54.1698434
Rosalie	169415	-96.5128276	42.0574170
Lincoln	134968	-83.4134510	44.6831134
Polwica	4000124	17.1856600	52.1724184
Zakrzówek	7498937	22.3758477	50.9494874
Jilliby	6039477	151.3745230	-33.2162058
Washash	2964831	44.3445332	33.3329773
Al Furat	2964799	44.2690780	33.2576674
Rinneen	5146106	-9.0279032	52.9450962
Monivae	6059151	149.9025481	-32.6967819
Carroll	6063452	150.4451871	-31.0036497
The Oaks	6076730	150.5559184	-34.0968294
Leopold	2455792	144.4699599	-38.1966000
Norlane	2456177	144.3558198	-38.0937956
Clifton	6076582	150.9687003	-34.2582279
Brockey	3666458	-6.2287688	53.2109018
Firpark	4168072	-8.6677643	53.4510286
Carowen	5561582	-7.4819771	55.0375608
Baralty	6094142	-9.6519975	54.2657135
Drumard	5422787	-6.6230201	53.9358690
Bouhill	4789179	-7.1551574	54.1870964
Carmary	5522009	-43.4489342	-22.7238362
Tonnagh	5651948	-7.0859315	54.0992985
Drumard	4011400	-7.2458893	54.2017794
Rosscad	5527456	-7.9028950	55.1141905
Matumbi	5605402	39.2348563	-6.8290895
Drumard	3558739	-7.7158836	54.5000198
Billary	4074489	-7.8422818	54.5461469
Bukovce	2321121	21.7123830	49.2658360
Rinneen	4524835	-9.0002945	53.1557435
Drumard	5967379	-9.5395037	53.8295142
Derrora	5583454	-7.9041092	54.9617500
Podlužany	2217866	18.6208163	48.2481994
Tubride	4252711	-7.1635300	53.7547564
Tintagh	4844077	-6.7421183	54.7276116
Beltany	4549363	-7.1646488	54.4675842
Cortard	6268545	-9.4973191	52.5565968
Beltrim	4547405	-7.2473945	54.7112704
Clouria	6278615	-9.5454477	52.4942125
Beltany	4189487	-7.3754347	54.6800774
Douglas	5463255	-8.4325212	51.8741314
Lissara	4658807	-5.7703274	54.3926619
Silloge	4702358	-6.6988055	53.6989976
Finaway	4600867	-7.2370725	53.8449779
Kilcoon	5549011	-8.2602033	54.2149135
Finnaun	3578626	-9.3658857	53.3297970
Douglas	6223978	-9.8388371	52.1193223
Paraiso	1552368	121.0176318	14.6380113
Tonnagh	4283191	-8.7124255	53.9811574
Salrock	3399554	-9.8550180	53.6051980
Tinneel	4606456	-7.3897018	53.1327226
Colkirk	1022479	0.8523100	52.7927874
Billary	4783067	-7.1188233	54.2212557
Aughboy	6234893	-8.5396603	52.7387024
Parteen	6367014	-8.6273982	52.6936262
Drumard	3824367	-7.4089085	53.8792273
Ardleny	3824372	-7.3686562	53.8638689
Rinneen	5149052	-8.8035428	53.0823415
Tonnagh	5269683	-6.7544403	54.3576704
Enebymo	4247413	16.1464801	58.6071635
Drummee	2981850	-7.5618774	54.2771345
Aylsham	1022610	1.2401304	52.7947713
Enville	6921616	-2.2695958	52.4888034
Firpark	4629940	-7.0518263	53.7083437
Sixacre	4478858	-6.3795336	52.2450166
Rybníky II.	7221714	18.6060314	48.2099282
Don Juan	3503395	-60.8040194	-32.9308553
Tomatee	2592380	-6.6553089	52.5932363
Clifton	2726329	172.7451125	-43.5791929
Wetland	3542094	-7.2674484	52.6421021
Rinneen	6238723	-8.8752516	52.8239746
Girovce	2322276	21.7586816	49.0176407
Clifton	5711917	-7.5649624	54.0797856
Lawford	76800	1.0328874	51.9388805
Podlužany	2220700	18.2459254	48.7760036
Gooreen	3414079	-10.1709788	53.5334675
Ardvone	6129204	-9.0666525	52.4900315
Roscrea	3345014	-9.9910480	53.5460245
Eriksbo	455906	12.0400553	57.7727399
Hodejov	2274623	19.9802968	48.3046424
Hokovce	2217807	18.8439295	48.1583708
Bukovec	2219619	17.4924962	48.6954285
Mayvale	6063666	150.4087539	-30.4053822
Tewinga	6063813	152.9026696	-30.6438125
Rinneen	4210415	-9.3787332	52.8978456
Dooroge	3397836	-6.2596358	53.5126750
Tisinec	2321150	21.6410549	49.2227198
Matumbi	5662172	39.2594310	-6.8600828
Srahwee	6184298	-9.8228140	53.7096219
Burrane	6005467	-8.7731808	51.6678631
Ardevon	6578281	-1.4757291	48.6022033
Hostice	2274626	20.0833065	48.2359194
Bukovec	2384554	21.1372932	48.7142937
Matovce	2321547	21.5380615	49.1454872
Krokava	2274642	19.9996865	48.6401839
Amazion	1513863	125.0074993	7.0281700
Tušická Nová Ves	2386519	21.7557651	48.7182998
Canower	3358117	-9.8504280	53.4047437
Bolivar	7385850	138.5845339	-34.7648993
Clifton	6838328	151.9185697	-27.9377849
Slaugar	5967353	-9.5255625	53.8166996
Neville	6074603	149.1955980	-33.7452693
The Gulf	6063817	152.2586701	-30.0205437
Rinbaun	3544726	-8.6141072	54.1060277
Ardraly	5867825	-9.3410033	51.5361743
Bitburg	6496678	6.5284996	49.9703918
Drumard	5401400	-6.7451735	54.5591196
Baltray	4856406	-6.2624490	53.7335199
Malá Bystřice	433853	18.0622979	49.3981545
Burpham	2959807	-0.5136632	50.8762312
Ashmore	2607987	-2.1315330	50.9555686
Monduff	4166024	-6.1330221	53.0076666
Hammoon	2615737	-2.2628283	50.9241622
Levante	2202609	9.0355627	44.4078192
Pintado	3901369	-51.0528084	-26.2754641
Lincoln	5411249	-84.0588703	9.9091026
Konkola	7657193	-12.2783069	11.3104785
Ellerby	7265793	-0.7658584	54.5196675
Penketh	1433107	-2.6515680	53.3763907
Bothaul	5808439	-9.0108047	53.9362361
Dunleer	5383966	-6.3967275	53.8298227
Alrewas	6907881	-1.7593544	52.7367843
Derroar	4679016	-7.1564886	54.5644230
Woodham	3804322	-0.9797150	51.8629265
Ibstock	6650803	-1.3824196	52.6865180
Taquara	5520365	-43.3775871	-22.9249616
Braydon	5481434	-1.9080224	51.5975000
Beltany	5579119	-7.6132951	54.8445603
Podlužany	427581	15.1600087	50.2838226
Bojanov	428786	15.7086248	49.8418607
Rinneen	6229524	-10.1881269	51.7816878
Cuildoo	5675485	-9.0042796	53.9720552
Radenov	425932	13.3357789	50.5364275
Billary	4183403	-7.5541210	54.6178278
Pesvice	428968	13.4835100	50.4678705
Kremmen	4473533	13.0274393	52.7704322
Lounice	435240	13.5666791	50.6065180
Drumard	4123951	-6.4953115	55.0861696
Čistá v Krkonoších	430151	15.7025854	50.6249064
Widford	3585987	0.0605729	51.8258079
Harwell	73829	-1.2907883	51.5984417
Sapcote	6626353	-1.2831192	52.5334873
Culford	4498098	0.6977028	52.3186867
Drumard	5416777	-6.7747292	54.6397012
Werchau	3667602	13.3203551	51.7757428
Vraclav	436395	16.0947350	49.9665712
Drahkov	424186	13.4746501	49.5553394
Kearney	4568237	-5.4685772	54.3879416
Windhof	5781175	6.4700112	49.6560975
Meenboy	5622464	-8.5343531	54.6421229
Tinneel	6025230	-9.0176640	51.5909454
Drumard	4545969	-6.7349847	53.4978488
Husinec	423702	13.9793027	49.0504422
Bukovec	425479	13.4239466	49.7760692
Takeley	3335491	0.2719230	51.8818958
Hostice	423363	16.8730400	49.9989479
Hockley	3094236	0.6481523	51.6073717
Bawdsey	4655357	1.4173516	52.0090301
Tonnagh	5499235	-8.0465704	53.9634403
Pimhill	4600326	-2.7605339	52.7571781
Walford	6176514	-2.5895733	51.8846946
Datelov	424540	13.2263791	49.2387122
Ellerby	722035	-0.2437774	53.8259247
Potecas	6955135	-48.6428729	-27.5783831
Slip End	4042348	-0.4369569	51.8569345
Clifton	4075957	-0.3055869	52.0384772
Tintagh	3258723	-8.2934303	54.0218387
Silloge	5273448	-6.3926741	53.7666454
Drumard	3629074	-7.5876964	54.3194741
Horní Štěpanice	433217	15.5370174	50.6553767
Killesk	3301737	-6.9074545	52.2930951
Drumard	5625761	-8.2363364	54.6746645
Offwell	3391091	-3.1499824	50.7861214
Emo Park	4497553	-7.1900662	53.1077130
Granisk	3621335	-6.5122064	52.2301102
Hatalov	2386463	21.8995649	48.6561410
Gorgesh	2921786	-7.6430664	54.1784949
Rinneen	3789783	-9.1981921	53.3656122
Drumard	2293292	-7.6597896	53.9104108
Drummee	3960503	-7.6818494	54.3508229
Hamwood	4434290	-6.5084729	53.4146026
Drumard	5397593	-6.6247647	54.5731214
Drumard	4828938	-6.5875664	54.9046074
Clifton	2034682	18.3782168	-33.9378352
Drungan	5523948	-8.1359951	54.4005307
Drumard	5307348	-7.4363526	54.0124495
Drumgoa	5331475	-7.5032455	53.9960659
Douglas	4224554	-6.0846516	54.8580472
Drumard	4836416	-6.5724301	54.8306124
Nerrina	3125928	143.8921588	-37.5384439
Shanrod	4745609	-6.1434292	54.3400304
Douglas	3175105	141.5493442	-36.9357250
Tonnagh	3856956	-7.8290230	54.4273763
Raffrey	4661134	-5.7408833	54.4475073
Drumard	5117666	-6.7668936	54.7752162
Drumard	4844876	-6.7248228	54.6913804
Bullioh	2592879	147.3555396	-36.0909701
Jeparit	3112545	141.9870009	-36.1545150
Crearum	5270650	-6.7832253	54.3304021
Fintona	4665994	-7.3186509	54.4970462
Navarre	3100287	143.0316302	-36.7897600
Damoily	5325960	-6.5699322	54.2750559
Douglas	110424	-86.3198073	34.1710800
Mareuil	111336	-0.1349823	45.7749230
Kukawka	7090427	23.4727578	50.9155941
El Kouif	6618837	8.2827730	35.4963642
Monango	181587	-98.5951731	46.1733090
Tucheim	3717619	12.1724075	52.2961037
Kwilina	6210989	20.0046863	50.6868141
Rosocha	6624583	20.5486799	51.6537988
Trimble	197415	-89.1878706	36.2016994
Mareuil	2500699	0.4900670	45.4475296
Cravant	165241	1.5807638	47.8332964
Buckley	134887	-85.6731063	44.5011170
Pollare	3390357	4.0058204	50.8183976
Zakalew	7816110	22.3476443	51.6051318
Hermosa	194901	-103.1919442	43.8386705
Swoboda	7620921	22.6839100	51.3336199
Douglas	185018	-97.6674817	36.2603205
Elsdorf	2613728	7.0836306	50.8708728
Aubigny	116592	3.1730790	46.6776349
Zakrzówek	6425662	20.3666010	50.3013736
Ratajno	6406000	16.8067627	50.7816207
Broekom	5658912	5.3365700	50.7824459
Douglas	181536	-101.5021574	47.8565569
Waldorf	137844	-93.6974169	43.9335120
Willard	171243	-106.0359151	34.5945099
Vascone	6654940	11.2518416	43.7823921
Waldorf	2804577	6.9450768	50.7546313
Clifton	121289	-112.0058002	42.1875770
Douglas	169320	-96.3874157	40.5929214
Wolbromów	6066198	15.4340518	51.1095606
Delphos	130005	-97.7662696	39.2744765
Gilmore	6838173	149.1377145	-35.4151310
Pojawie	6073222	20.7282467	50.1416027
Enville	197488	-88.4457068	35.3977249
Teilhet	116496	2.8195890	46.1023291
Delphos	129168	-94.3402796	40.6640539
Jelcza Mała	6453832	20.4314402	50.5033710
Wadrill	7754925	6.8763391	49.5943444
Aubigny	1331924	2.4715357	49.8890189
Arville	563397	0.9592213	48.0657746
Lameroo	6693431	140.4591484	-35.2772072
Kisajno	74454	21.7014933	54.0659197
Andover	195076	-97.9041229	45.4103070
Friesau	3404649	11.6388191	50.5018015
Korzeniów	6891133	21.4482488	50.1496026
Planket	6612197	16.1741721	58.5929511
The Park	5375179	-1.7126818	53.6131707
Heroes I	7649918	-75.7318667	4.7957778
Schuman	4655482	-1.5719548	47.2373980
Ourania	3587184	77.0968190	28.4457824
Altinho	6302323	-8.4904135	41.4663661
Braydon	7035926	-82.3282533	34.8287300
The Oaks	2981996	-87.6587307	34.7349252
Zakrzówek	3230689	19.9168521	50.0380968
The Oaks	4567791	121.0436299	14.2937539
Kileely	6243282	-8.6332105	52.6754065
Eltmann	3767532	10.6609721	49.9663885
Bukovec	2751337	15.6180518	46.4323049
Steigra	2613816	11.6583060	51.2998525
Angirey	3074637	5.7688350	47.4548626
Triberg	2311423	8.2195240	48.1338219
Bordils	5936904	2.9113555	42.0413169
Tolered	7242346	12.1027170	57.9459733
Andover	4063186	-80.2078739	26.6155265
R R Block	3910453	77.2927970	28.6773849
The Park	3439938	-1.1607602	52.9511083
Pintado	3231965	-56.3029287	-33.8352857
Teilhet	2070792	1.7840014	43.0988580
Lincoln	141712	-93.3261114	38.3941625
Naunhof	2984753	12.5928292	51.2616167
Shiguan	7842538	109.6694633	35.3617977
Korzeniów	6636686	22.0373458	51.5913490
Aubigny	146555	-0.1000170	46.7284042
Carroll	169692	-97.1907124	42.2751270
Bobrove	4089563	38.6435304	48.8023163
Yudaohe	7670840	111.7211448	37.3845787
Trimble	140723	-94.5638496	39.4750405
Nünchritz	2982886	13.4247055	51.2860754
Sausiai	7063444	25.0018102	54.7015269
Beelitz	3641208	11.9564372	52.6853189
Werbeln	5305197	6.7942820	49.2450132
Starkai	7505520	23.0892598	54.7367514
Corosha	1973492	-77.8023293	-5.8227257
Andover	175958	-77.7956083	42.1602065
Bolivar	174966	-78.1701804	42.0703990
Fantino	7384712	-70.3031112	19.1028110
Pashiya	2314193	58.2605890	58.4309760
El Guijo	347505	-4.7549940	38.5249250
Huambos	1901135	-78.9705481	-6.4312979
els Alamús	348141	0.7899728	41.5972576
Tibillo	1899060	-75.1548797	-14.1632855
Mazuela	340072	-3.9120292	42.2053355
Mossaka	3221349	16.7351191	-0.6717429
Ērgļu novads	1806956	25.6453588	56.8848008
Petraičių tv.	1705926	23.5950516	55.9175162
Gomerta	5269536	23.3737728	55.5973221
Sfassif	2808156	-5.8442255	33.9245182
Iounane	2563397	-4.8392805	35.0325524
Rghioua	2754986	-4.5891086	34.5293645
