Palermo	39513	13.3107073	38.1372113
Kharkiv	3154746	36.2722660	49.9914254
Tbilisi	1996871	44.8368762	41.7318836
Messina	39514	15.5178058	38.1785560
Limoges	114172	1.2771228	45.8584988
Vicenza	45159	11.5566471	45.5462543
Arrancy	406831	3.7649414	49.4984949
Marburg	225494	8.7614031	50.7982592
Bernesq	145805	-0.9302217	49.2739160
L'Aquila	41842	13.4158683	42.3885603
Bresles	423228	2.2466815	49.4124191
Bondues	59563	3.0920131	50.7059959
Cauffry	1640529	2.4298933	49.3135672
Chepoix	965756	2.3746515	49.6027541
Pommard	126829	4.7922155	47.0141918
Meillon	2087675	-0.3116413	43.2687412
Couchey	134190	4.9624400	47.2596811
Ledeuix	168637	-0.6095542	43.2334868
Nogaret	109921	1.9324762	43.4935222
Soueich	391153	0.7844883	43.0524270
Ayherre	167603	-1.2451403	43.3715606
Coursac	76352	0.6458702	45.1310700
Jugazan	88606	-0.1505945	44.7801653
Lixheim	368650	7.1431826	48.7855985
Bacourt	1152135	6.4045803	48.9293170
Marnans	167796	5.2512032	45.2902568
Chassey	144655	4.4426191	47.4722383
Comblot	2201609	0.5900433	48.4618075
Thoiria	960172	5.7483514	46.5194772
Waikato	2094142	175.2010323	-37.7792273
Lubombo	1253040	31.8619115	-26.5545201
Nochize	1171635	4.1635023	46.4009760
Meursac	126529	-0.8113714	45.6525903
Gimeaux	122702	3.0981856	45.9488299
Bascous	393244	0.1366619	43.7965810
Saint-Méry	1229385	2.8305273	48.5642271
Netanya	1383391	34.8641503	32.3075579
Corlier	145586	5.4958287	46.0366522
Roascio	43145	8.0290044	44.4209530
Bouhans	2246826	5.2882906	46.7760504
Marsais	117861	-0.6194882	46.1212655
Semoine	1934206	4.0999294	48.6713165
Carisey	2956870	3.8432556	47.9228978
Valbois	2992512	5.6208319	48.9295065
Mitzach	945146	6.9976971	47.8611220
Manthes	63298	5.0093773	45.3012166
Vinezac	2574097	4.3349659	44.5496760
Menglon	88508	5.4759397	44.6564893
Durango	2399740	-104.5868000	24.5941821
Mireval	269998	3.8014938	43.5156383
Alissas	414352	4.6287216	44.7087714
Combrit	142258	-4.1811695	47.8921586
Lavenay	107498	0.6813317	47.7857897
Baissey	3099450	5.2501791	47.7489873
Artogne	46211	10.2106568	45.8371997
Bigorno	3211498	9.3003570	42.5274010
Morbier	140799	6.0176576	46.5588280
Bovegno	46031	10.2595013	45.8174908
Thalamy	2936223	2.4624493	45.5069736
Donzacq	116817	-0.8095674	43.6530462
Paitone	45345	10.3957921	45.5696253
Confins	368777	-43.9781891	-19.6434913
Laplume	395920	0.5249215	44.1248559
Salbris	214568	2.0464448	47.4195413
Lautrec	1070133	2.1314936	43.7031879
Montrésor	1630465	1.2002622	47.1531009
Cetraro	39961	15.9654672	39.5357085
Origgio	45379	9.0076089	45.5923051
Cherves	132094	0.0368604	46.6993497
Milhars	1614768	1.8793991	44.1234707
Cassino	41290	13.8260124	41.4802439
Veilhes	1477367	1.8189288	43.6180929
Auletta	40560	15.4185067	40.5454196
Vinchio	43631	8.3139455	44.8053769
Lokeren	1325552	3.9624164	51.1180765
Sarzana	42821	9.9668094	44.1074123
Veniano	45856	8.9807185	45.7178246
Ribiers	1365571	5.8327352	44.2247196
Bovenau	548563	9.8198080	54.3391528
Grijota	344991	-4.5832737	42.0506393
Hayward	253652	-122.1181815	37.6191571
Manises	347614	-0.5015659	39.5036718
Sevilla	349008	-5.6504756	37.5192586
Arthies	812764	1.7933016	49.0938613
Corbins	343962	0.6888402	41.6874381
Pierlas	1563297	7.0192006	44.0341717
Vinaixa	343351	0.9821922	41.4349595
Homrogd	1391177	20.9207143	48.2773089
Neviano	40260	18.1212967	40.0967493
Picerno	40644	15.6404874	40.6410785
Espolla	347771	3.0045002	42.4229200
Kontich	58564	4.4417338	51.1220153
Arapoti	297480	-49.9348286	-24.0720308
Vicenza	44580	11.4060753	45.6347454
Antoing	2163425	3.4661874	50.5574604
Casinos	345554	-0.7408825	39.7004040
Estrela	242395	-51.9238898	-29.5123605
Miasino	46177	8.4311022	45.8073374
Lichkov	440377	16.6681508	50.0909288
Sondalo	47132	10.3556092	46.3400953
Rehborn	1244058	7.6951950	49.7280810
L'Aquila	167044	13.6111288	42.1373025
Ormelle	45997	12.4271883	45.7718735
Krishna	2022135	81.1698682	16.3104263
Dolzago	46038	9.3395193	45.7691726
Sumbawa	7219492	117.2588662	-8.5945717
Pignans	970826	6.2489399	43.2999740
Zeberio	339504	-2.8565573	43.1500456
Durango	112248	-107.8923317	37.2724980
Mordano	43147	11.7972802	44.4101734
Herborn	215969	8.2664274	50.6746227
Neirone	43165	9.1955270	44.4649844
San Juan	4468264	-66.0534400	18.3842390
Porcari	42667	10.6180331	43.8272142
Krempel	952215	9.0372206	54.3167021
Orgeval	416641	3.7034115	49.5047555
Tuchola	3093885	17.8786092	53.5778409
Beeskow	1384849	14.2483362	52.1873861
Leaburu	342582	-2.0542146	43.1204877
Azdavay	1801987	33.3120577	41.7122910
Palermo	39295	13.6094590	37.8819550
Messina	39374	15.0043468	38.0484329
Esparta	6051548	-87.2479196	15.6300725
Temoaya	5606457	-99.5945724	19.4893301
Sevilla	4046960	-75.8737997	4.1569974
Durango	5605752	-104.9198106	23.9112721
San Juan	3604062	123.4718129	9.0749720
Nyenebo	4001346	-7.7210662	4.8986472
Blood #148	5963454	-113.1382243	49.4868133
Imogiri	5615301	110.3859237	-7.9361791
Nyabihu	1711322	29.5180538	-1.6410686
Aboisso	3704473	-3.2076105	5.7126260
Mayorga	341505	-5.3037570	42.1698219
Leusden	310002	5.4171189	52.1187668
Leusden	310005	5.4189222	52.1254596
Rojales	340934	-0.7104088	38.0740156
Idstein	413539	8.3599379	50.2251875
Nindorf	420611	9.1222488	54.0870781
Consell	342917	2.8182745	39.6656778
Vignola	43205	10.9949319	44.4834839
Olaszfa	1131377	16.8956186	47.0061921
Saint-Rémy	280385	-0.4906546	48.9412964
Durango	339487	-2.6706742	43.1611719
Corning	175491	-77.0565322	42.1481965
Alzenau	534148	9.0730225	50.0837730
Soldano	42675	7.6601003	43.8345742
Ausonia	41248	13.7366497	41.3445022
Red Wing	137374	-92.6174617	44.5975141
Gabrovo	1739527	25.2130806	42.9659699
Sapezal	333713	-58.6025793	-12.9588448
Peiting	936787	10.9576296	47.8090424
Colniza	333631	-61.0826914	-9.4250036
Lumbini	4583221	83.5489157	27.8000432
Coos Bay	186285	-124.2500145	43.3830679
Hemsloh	1588112	8.5187290	52.5682119
Žalkovice	437362	17.4421234	49.3681607
Pignone	42918	9.7150486	44.1789333
Dollern	445841	9.5387879	53.5371401
Khakrez	6588154	65.5685752	32.0093543
Kharwar	6606728	68.9281942	33.7115608
Karlino	2913181	15.8706502	54.0399956
Savelli	39884	16.7532628	39.3261445
Lengyel	1503712	18.3675161	46.3856449
Stružnice	438996	14.4446665	50.6900057
Bawuran	5615388	110.4248988	-7.8736892
Imogiri	5615487	110.3817328	-7.9172588
Sakurai	3237274	135.8644875	34.5173894
Kaizuka	359218	135.3639068	34.4259315
Pengkol	5615354	110.5965738	-7.8681323
Shinano	4759313	138.1873309	36.8089335
San Juan	5408863	-66.3107613	-47.1860304
San Juan	3995090	-67.1398302	-46.7451718
Gabrovo	1930782	25.2902236	42.8669375
San Juan	2284210	121.0392951	14.6022572
Segariu	39994	8.9815669	39.5657348
Bundorf	388770	10.5240928	50.1989794
Le Bourg	124033	1.9179458	44.7095247
Marokau	6062915	-142.2902398	-18.0291874
Guelmim	2885914	-10.0631336	28.9963377
Palermo	2222226	-58.4227461	-34.5743256
Gouveia	5332864	-7.5958456	40.4977362
Boussac	122292	1.9158384	44.5967240
Stružinec	439034	15.3401241	50.5603512
Turbaco	1448412	-75.3723285	10.3461365
Boussac	118217	2.2210502	46.3483612
Kayunga	3498104	32.8592384	0.9924073
Montale	42743	11.0172999	43.9479675
Riniken	1684405	8.1862118	47.4945988
Pirambu	303920	-36.8131871	-10.6583128
Domburg	1733963	3.4996962	51.5616025
A Peroxa	343620	-7.8082879	42.4516465
Eschenz	1684518	8.8691532	47.6359827
Telford	187352	-75.3291986	40.3264308
Earnley	2990724	-0.8367118	50.7618319
Gualtar	4135201	-8.3890157	41.5665307
Palanky	4242018	23.8554308	49.8630516
Arentim	4135536	-8.5084171	41.4856511
Mayorga	5426239	125.0157561	10.8789350
Godfrey	123459	-90.2160730	38.9485750
Watseka	126675	-87.7307766	40.7752518
Blazhiv	5374680	23.1434121	49.4215895
Spencer	1844195	-71.9917613	42.2476686
Khokhol	5312505	38.7384243	51.5784929
Mandoul	3218250	17.5841771	8.7275100
Mosinee	242826	-89.6809319	44.7853025
Chippis	1685290	7.5394122	46.2743505
San Juan	7400847	-71.3258469	18.8972408
Hayward	251084	-91.4885817	46.0088825
Nindorf	548590	9.7017317	54.1314314
Tbilisi	4479704	44.8368762	41.7318836
Abovyan	7846009	44.6334738	40.2794277
Tunnsjøen	60162	13.2925597	64.7261144
Erkilet	7781466	35.4223574	38.8240817
Øytjernet	4160525	10.1057030	60.5582513
Netanya	7155961	34.8644813	32.3054260
Peleliu	3825299	134.2597310	7.0209999
Arajuno	3723774	-77.6446661	-1.2609340
Alvorge	6544999	-8.4436239	39.9909023
Manduri	297994	-49.3072955	-23.0460000
Øytjernet	4160350	10.3511836	60.5403914
Bolori I	3721234	13.0970093	11.8764054
Lake Orr	5975644	153.4164758	-28.0809570
Puide järv	4243803	25.9736747	57.9474266
Glozane	6322200	21.1888554	44.1669608
Radosin	6322205	21.2027697	44.1209245
Ochaby Małe	3635605	18.7557788	49.8390304
Top Lake	1471518	0.3023551	51.7590825
Jnublat	7120411	35.4899642	33.8970050
Açude Cafundó	6520511	-35.0975073	-7.1868344
Ormtjørni	5938730	6.6371532	60.5292138
Brzozówka	5344583	20.6570428	52.3489263
Mirante	362178	-40.8190833	-14.1626071
Visocka	7480955	19.7967818	43.1327525
Tijovac	6946655	21.2457380	43.1085360
Plocnik	6948907	21.3449347	43.1987308
Misevic	6325698	21.0790752	43.9861703
Lipinki	6876392	19.3220717	53.4679469
Lipniki	6851838	21.5470068	53.3298820
Janiki Małe	6831915	19.6994783	53.8121871
Singold	377363	10.7675843	48.1246873
Gouveia	6334826	-7.5439052	40.4706573
Ciborro	6439695	-8.2523046	38.7771403
Lazarim	6354515	-7.8551129	41.0122246
Dziadyk	6835991	19.9711810	53.6122409
Radosin	7224535	22.3965034	42.9380253
Dobroszów	6405594	17.0868972	50.6852970
Plewina	3691032	18.4658136	51.1335571
Perespa	7058183	23.6376386	50.6548448
Brzozówka	3352275	21.1992722	51.7149176
Glozane	7222979	22.0588938	42.9620444
Laniste	7285698	22.1741226	43.2918142
Pussasjön	7225028	12.2461788	57.8876678
Orcival	137426	2.8322799	45.6612579
Saurtjønn	6277950	8.5592173	58.5618090
Rondell	9572	8.5743790	50.1090556
Entmeer	895018	6.4188121	52.3744769
Primera	114513	-97.7745030	26.2298874
Mkhondo	611630	30.6209392	-26.9268200
Kurfeji	3711704	7.9961383	12.6847248
Yanduna	3711855	8.5985733	12.8141056
Badurum	3709394	8.4801429	9.9212624
Sawashi	3708143	4.7023472	11.0788489
Iyatawa	3711651	7.7374835	12.7996699
Top Lake	1706329	-120.2177499	38.9050472
San Juan	3818015	-79.5618380	-1.6488756
San Juan	3728589	-78.8295429	-1.5644093
Sevilla	3728334	-78.8305419	-2.2896459
San Juan	3810321	-78.8285320	-2.9634468
Cantley	7041122	-75.7688750	45.5726325
El Junco	5268620	-75.9000340	5.9170262
San Juan	5631850	-84.4619378	10.1057066
San Juan	5690434	-84.0043263	9.9102912
San Juan	5414980	-84.0813535	9.9606975
San Juan	5668118	-84.1617343	10.0194794
San Juan	6291580	-84.9316283	10.2227373
San Juan	7369100	-84.4153406	10.1186886
San Juan	5659189	-84.2341430	10.1355469
Biolley	6268789	-83.0179241	9.0619968
Tempate	6411297	-85.7383996	10.3950721
Mayorga	5728272	-85.4969562	10.8498812
Top Lake	3487351	-106.8651317	53.9457630
Kiyombe	1718817	30.1314558	-1.4300685
Griegos	1809112	-1.7212648	40.4432809
Kingowa	3721355	12.8796456	12.6033457
Muchiya	3709549	7.7376181	11.1197607
Janguza	3710556	8.3868833	11.9570187
Maigizo	3709541	8.3164250	9.5866445
Yanduna	3703536	9.6690004	12.1591932
Namjung	6099278	84.7088864	27.9356716
Jhutaki	7588877	86.6477158	26.4819358
Dhuyang	6776552	85.8569812	27.8667606
Musange	3966064	29.5557231	-2.2488982
Vuotjärvi	2317698	29.6021251	60.4573100
Lac Jost	196515	-76.5394848	47.5262496
Lac Huot	196434	-75.6054432	46.8242105
Kus Lake	5950380	-91.6193008	49.7995347
Von Lake	4123828	-87.2360664	48.8233191
Denison	115348	-96.5598712	33.7587684
Walsall	162486	-1.9704218	52.6052449
Red Tarn	5455826	-3.0091084	54.5283576
New Loch	5678265	-5.1095177	54.8633376
Narakot	4658537	82.0137057	29.3441521
Warpata	5946291	80.7848549	29.3241861
Longmen	6718632	103.9369071	35.3578955
Ghushel	4822541	85.2621762	27.5500011
Wanshan	7534544	117.1791724	31.3015679
Lac Huot	1478909	-74.2173267	48.0068346
Vuotjärvi	445536	28.3760937	63.1383749
Pòtoprens	387039	-72.3361174	18.5313676
Mainque	6427055	-67.3042379	-39.0656094
Lielupe	1554064	23.8926021	56.9823938
Pot Lake	3109983	-101.2493492	54.7177809
Top Lake	2911229	-124.9990327	53.2368453
Alkoven	86254	14.1016454	48.2840237
Seekonk	1949886	-71.3176489	41.8397809
Yaguate	7159850	-70.1875868	18.3399865
El Burgo	345713	-4.9452177	36.8064278
Bunnell	117196	-81.2351625	29.3478419
Warroad	137559	-95.3202446	48.9066884
Marissa	125714	-89.7541893	38.2511110
Limoges	1686577	1.4598202	45.7764934
San Juan	3420316	-71.3076455	18.8832251
Cumming	119564	-84.1401744	34.2036140
Kremkau	3643304	11.4328192	52.6263253
Weischütz	2403544	11.7164713	51.2232733
Puciska	6754985	23.5519456	52.7646623
Spencer	127326	-86.7636806	39.2837624
Usedom-Süd	1433099	13.9911944	53.9575545
Spencer	251835	-90.3030061	44.7574269
Spencer	128906	-95.1606398	43.1531015
Raynham	2402315	-71.0464876	41.9339050
Denison	128388	-95.3534343	42.0087845
Saint-Rémy	2930542	2.2784948	45.6575008
Pelakot	5694341	83.6761000	27.9653828
Orgeval	402202	1.9754384	48.9186596
Wayland	130786	-82.8005347	37.4474985
Moho Cay	7152300	-88.6695726	16.1625923
Storrøssøya	5909526	7.5777169	63.0867094
Ilha Uno	2559767	-16.2073957	11.2618195
Ooshima	4851883	130.4226155	33.9012333
Druzhba	3166928	25.6448219	49.3617186
Nekoosa	242838	-89.9120915	44.3133259
Topilec	7100828	22.9352180	53.0750137
Modzele	6860520	22.4616678	53.5502165
Wenonah	4149901	-93.2352116	44.9008144
Herborn	1245136	7.2876156	49.7724356
Wenonah	170494	-75.1507661	39.7917210
Spencer	183815	-97.3751696	35.5127299
Estrela	6427491	-9.1631969	38.7075024
Bloomer	251907	-91.4882255	45.1021094
Soengas	4172167	-8.1887869	41.6466015
Hornigi	6623702	21.1472399	51.8367373
Bennett	112813	-104.4148604	39.7314334
Darowne	7669128	22.0400489	51.1587466
San Juan	6587517	-98.1602544	26.1669156
Gridley	126786	-88.8810274	40.7451465
Teroele	300182	5.7049423	52.9372681
Dobiesz	4429847	21.0997953	51.9952474
Domshof	2861156	8.8093198	53.0763530
Yamhill	186671	-123.1833829	45.3396354
Marokau	6063079	-142.2615888	-18.1394021
Feraoun	4112903	4.8806370	36.5657619
Orava küla	353304	27.4407210	57.8975920
Kildu küla	353918	25.4126260	58.4715543
개봉3동 (Gaebong3-dong)	3880466	126.8515505	37.4860584
Borovce	2204220	17.7285643	48.5799534
Osgoode	7101977	-75.5235119	45.2221319
Bennett	112818	-104.4343476	39.7368977
Chongxi	3950342	103.1163416	26.8571398
Arzheim	55102	7.6463550	50.3508721
Tselina	1794324	41.0308916	46.5319641
Caseros	5245854	-64.2082630	-31.4142213
San Juan	5836465	-57.5613257	-37.9944068
Tiaraju	7608353	-54.4496243	-30.1642006
Tapinas	2914072	-48.7977044	-21.4479004
Quaraim	7529404	-54.3348903	-27.8052208
Mirante	6456719	-40.8190833	-14.1626071
Sapezal	2776104	-50.6062441	-22.3414821
Sokolce	2218894	17.8678083	47.8806721
Pirambu	6164098	-36.8131871	-10.6583128
Dom-Esch	3292469	6.8626928	50.6787705
Contria	6122953	-44.6312692	-18.2017181
Estrela	7413687	-50.9642493	-28.0740293
Kulla küla	355208	25.4141600	58.1500969
Rakvere	2133238	26.3618909	59.3453133
Renmark	6186801	140.7463993	-34.1627765
Loona küla	352751	22.0123614	58.3348058
Niidu küla	353475	24.6312450	58.5551208
Selli küla	354593	26.3313344	58.8806159
Koogi küla	353488	26.4904213	58.5708313
Azazeta	6879825	-2.4891214	42.7749879
Köpernitz	6067385	12.3051680	52.2459444
Espinel	4764359	-67.8439439	-38.9775883
Zuberec	2167083	19.6759549	49.2337392
San Juan	4764377	-67.8432465	-38.9749415
Widawki	7819552	17.6300683	51.2946674
Manises	1642933	-0.4678760	39.4954136
Hoetmar	3205512	7.9195452	51.8778500
Mayorga	6152960	125.0043541	10.9040692
Nindorf	3360794	9.5460593	52.9943165
Krempel	4451795	8.7089669	53.7151815
Gouveia	5729045	-6.9994416	41.2801164
Crnovce	6649424	22.0721534	42.4089973
San Juan	6844888	-64.4073061	-31.6632676
Lokeren	5758511	3.9711994	51.1110384
Miedzyń-Prądy	6819047	17.9192191	53.1330493
Kladovo	5925917	22.5960830	44.6011158
San Juan	7762840	-75.7012127	4.8201839
Osrblie	2265946	19.5087334	48.7423776
Eipri küla	351837	26.3663149	59.1487014
Koogi küla	353680	25.1756927	59.4386248
Manduri	5684914	-49.3379169	-23.0407558
Pfalzen	1530157	11.8870921	46.8319675
Kause küla	352616	23.6464801	58.6048427
Theliya	7532582	86.8517666	26.6599222
Nasva küla	351558	22.7477519	58.8110372
San Juan	90094	-78.5259589	-0.2100839
Bahnitz	6829786	12.3906307	52.4966425
Igstadt	4519642	8.3390875	50.0885129
Dahlitz	5712248	14.2132978	51.7657780
Vadinsk	6282798	43.0479251	53.6854942
Morando	1475848	-60.7436413	-32.7678586
Sliguff	6532210	-6.9621130	52.6601167
Kontich	58843	4.4420046	51.1257001
Puraina	5755926	81.6672610	28.0416692
Kesovce	2274820	20.3620783	48.3763351
Lausigk	2063019	12.0905117	51.7596290
Rapovce	2273296	19.6836328	48.2703823
Rodniki	2405810	38.0626114	55.6500716
Kilbrew	6967510	-6.4792711	53.5431186
Dunhill	6710753	-7.2833576	52.1881432
Galtrim	6960892	-6.7027951	53.5365547
Donohll	6788842	-8.1011086	52.5926467
Meadows	2846365	-58.0474021	48.9969537
Rodniki	3443023	41.7296659	57.1020463
Jennelt	7733127	7.1325362	53.4566871
Vaalu küla	351831	26.2523134	57.9757234
Tiido küla	355554	26.7678355	58.0567555
Siethen	3597839	13.2187562	52.2926284
Dedovsk	1529211	37.1220719	55.8675181
Shipman	126811	-90.0431518	39.1194295
Boksyce	6399852	21.2593041	50.8883105
Sezelhe	2198395	-7.8849672	41.8284500
Nichols	251956	-88.4693561	44.5666875
Corning	128950	-94.7360345	40.9942915
Szebnie	6907385	21.5931611	49.7571551
Prääsä District	1020367	32.9539497	61.6869403
Spencer	180311	-80.4280633	35.6985500
Cashton	251424	-90.7858792	43.7381295
Spencer	239877	-81.3527577	38.8036788
Krowica	6833313	23.1695151	51.1631932
Jarochy	6633914	20.8436888	51.8297159
Ridgely	133630	-75.8819508	38.9557031
Barview	186869	-124.3078545	43.3487070
Sygneczów	3329917	20.0149232	49.9671229
Broadus	142488	-105.4082142	45.4417384
Rogassa	6533988	0.8372100	34.0371289
Wayland	134773	-85.6424026	42.6739974
Zearing	128935	-93.2971752	42.1585006
Tjuchem	1468351	6.8766467	53.2781669
Sac City	128877	-94.9977413	42.4216465
Meteren	2730154	5.2873315	51.8632028
Kaplany	3947005	37.8611984	47.3365850
Aurelin	7082231	23.6747717	50.9322982
Hayward	137582	-93.2460137	43.6511645
Raasiku	2133777	25.1854903	59.3728869
San Juan	7668610	124.6619067	11.2855471
Cartore	7605161	13.3103486	42.1667176
Kharuta	4041174	59.5476815	66.8367963
Baydiny	1995523	54.9436921	57.3447817
Chazevo	3664223	54.5415192	59.8830846
Filkins	1854612	-1.6554256	51.7366723
Gabrovo	6868985	22.7861442	41.3651823
Drzhani	6882040	22.5250493	41.6735209
Tlminci	6848714	22.2621565	42.1920262
Gabrovo	6857671	22.8290827	42.0054014
Crnovec	6496523	21.2134176	41.1555949
Kravari	6496529	21.3828389	40.9928644
Gabrovo	6505049	22.3872717	41.2730653
Sushica	6868987	22.8431032	41.4536633
Sushica	6953757	21.7839601	41.9519901
Sushica	6890872	20.6503056	41.5611970
Sushica	6450657	20.8715930	41.7510293
Sushica	6423101	21.1274085	41.6396867
Koknese	1924506	25.4281908	56.6459093
Ulbroka	4508842	24.2872521	56.9401979
Smilgas	6649103	22.0084882	56.6962999
Druzhba	2891730	40.3798959	44.9309067
Ubalary	4794484	56.8327077	54.2294141
The Rock	5904728	147.1419616	-35.2663636
Zanevka	3104511	30.5137485	59.9380185
Lenzima	3447749	10.9919631	45.8781593
Saint-Rémy	74092	4.8263441	46.7582590
Stawiec	6229278	17.2718700	51.5582547
Letniki	7097185	23.0771278	53.2166970
Karolin	3599727	21.5475966	51.3033151
Wabasso	137537	-95.2548277	44.4024414
Raynham	179875	-79.1914207	34.5755110
Spencer	182314	-82.1235250	41.0993270
Coalton	123001	-89.3042735	39.2850389
Wólka Gołoska	6632210	20.6238120	51.7758330
Corning	182462	-82.0879438	39.6030045
Wenonah	123004	-89.2887222	39.3233920
Papekop	158938	4.8583186	52.0487143
Sokolec	6410521	16.4834074	50.6631481
Stawiec	6878886	19.4515419	53.7327842
Bobrowe	7430160	22.9978924	50.9828473
Corning	111504	-90.5791657	36.4097355
Karolin	6813974	23.2677764	54.0570410
Wellman	128896	-91.8365573	41.4706810
Saint-Rémy	152477	-0.5241691	46.3697947
Sarepta	132081	-93.4495411	32.8973410
Bennett	128602	-90.9736789	41.7391430
Cumming	128767	-93.7571901	41.4886093
Gouveia	314906	-43.8063001	-18.5075000
Le Saint	111849	-3.5754863	48.0899257
Saint-Rémy	140128	5.1694137	46.1858145
Spencer	175872	-76.4976002	42.2154190
Brzozówka	6828541	22.8504619	53.7563255
Karolin	3587137	20.9500794	51.7391053
Coalton	182936	-82.6115669	39.1116820
Durango	128814	-90.7746366	42.5607260
Spencer	6039492	151.1293589	-33.4437770
Salt Ash	6059231	151.9219423	-32.7951374
Baurroe	6212174	-8.6546251	52.9249036
Pyangle	6059211	149.9369702	-32.6252507
Drumdoe	3258721	-8.2831775	54.0287217
Augeris	6141379	-9.2259743	51.8716041
Moygara	3308509	-8.4842038	53.9758974
Gum Flat	6069910	150.9278890	-29.7943881
Lielupe	2707543	23.8690194	56.9867288
Reenroe	6016515	-8.9249891	51.6494934
Culfore	5231106	-6.3650982	54.0400375
Cusduff	6156713	-9.0604072	51.8276730
Currane	5995356	-8.9560637	51.7025941
Corcrin	5679027	-6.6805102	53.9790351
Garraun	4064276	-8.7758708	53.4866004
Tinnick	2448472	-6.3427849	52.4792971
Garraun	5626102	-9.1103078	53.5511926
Garraun	5820062	-6.3304126	52.4836704
Garraun	2448460	-6.3222369	52.4793224
Pilares	5520347	-43.2937269	-22.8806612
Cosmona	5909546	-8.5798409	53.2038295
Marulan	6074578	150.0057643	-34.7187101
Borovce	2204185	17.7285643	48.5799534
Killaun	4247750	-7.8393102	53.1017222
Currane	5735894	-7.5869430	52.1177774
Garraun	5518380	-8.5149807	52.6659312
Garraun	5539919	-7.7576839	52.4577735
Garraun	5628798	-8.3575874	53.1425695
Glenboy	4252697	-7.1897095	53.7747300
Sans Fil	5582364	-13.7002867	9.5135706
Minkill	5505060	-8.0303706	53.9393608
Shanroe	5374550	-7.1380564	54.2636634
Boskill	6018894	-8.4618559	52.5847531
Vardiya	2651108	34.9958651	32.7940037
Garraun	5149916	-9.3586109	54.1422641
Ardcost	6231372	-10.2669030	51.9018133
Newfarm	5378628	-6.9285876	52.4238283
Mirante	4601819	-35.8652701	-7.2340208
Garraun	5518577	-8.4329518	53.1279585
The Walk	4245820	-7.7165288	53.1041378
Garraun	6283379	-9.6437525	52.2092464
Raynham	1022276	0.7836346	52.7923309
Garraun	6257236	-8.5681057	52.6831265
Garraun	6367012	-8.6194393	52.6932620
Toonagh	6185194	-9.0302920	52.8888943
Sliguff	2191732	-6.9699484	52.6631760
Sliguff	2277841	-6.9609518	52.6769972
Currane	2227747	-6.9089138	52.6261139
Ginnaun	4036900	-8.6967686	53.5176795
Garraun	5656762	-8.8094695	53.2068006
Garraun	5365885	-8.0027833	52.9528459
Garraun	4716073	-7.7242231	52.6811227
Toonagh	6229142	-8.8277992	52.8489642
Mawbrin	5121508	-8.1726346	51.8274132
San Juan	3503396	-60.8006062	-32.9314675
Kilbrew	4564157	-6.4603147	53.5557515
Kilbrew	4564142	-6.4594970	53.5467445
Matokeo	6518326	39.2358600	-6.8155742
Garraun	5251012	-7.3736227	52.4912683
Ardrass	5717751	-9.1003768	54.0507641
Garraun	4834619	-7.3096338	52.6165879
Curneen	5860520	-9.0013772	53.8026483
Dunhill	5650955	-7.2718806	52.1642269
Jesmond	6026848	151.6942754	-32.9038139
Osrblie	2265924	19.5087334	48.7423776
Deutsch	4718247	11.5861639	52.9624317
Tomlane	2693613	-6.5525165	52.4408854
Mornane	6142539	-8.9143947	52.6224584
Ardoley	6151393	-9.5541383	53.7799034
Hilmsen	4727082	10.9616193	52.7789535
Cassidy	3564663	-7.6587819	54.4626772
Ellough	4806940	1.6041580	52.4298256
Denison	2609620	146.8740146	-38.0374550
Kulpara	6622676	138.0429215	-34.0740945
Cow Flat	6057991	149.5151065	-33.5745895
Googong	6066364	149.2247799	-35.4401242
Cumnock	6057993	148.7264858	-32.9295661
Pica-Pau	1875597	-40.3780937	-20.2688449
Moorbel	6058028	148.6992818	-33.5630322
Longarm	6063650	150.5487481	-30.4860643
Ogunbil	6063727	151.2720955	-31.3471747
Tureagh	4216700	-5.8614784	54.7940880
Coggrey	4477540	-6.0291401	54.7589787
Rapovce	2273268	19.6836328	48.2703823
Roscall	5423147	-6.2373188	53.5134106
Garraun	4174079	-9.2817687	52.9246385
Hanwood	5823865	146.0230651	-34.3598584
Meadows	7296892	138.7498918	-35.1733017
La balsa	7079220	-74.0467339	4.8457811
Wiawera	6186950	140.4288345	-32.2798432
Galtrim	4549637	-6.7008945	53.5150174
Cox Road	7430552	-59.5478542	13.0979236
Oddeyri	6431177	-18.0898425	65.6869247
Zuberec	2230162	19.6759549	49.2337392
Commaun	6248727	-9.8829230	52.0630608
The Bull	6104528	-10.3007342	51.5920244
Garraun	6205712	-8.3367511	52.9621210
Garraun	6224380	-8.6155361	52.9342883
Kesovce	2274637	20.3620783	48.3763351
Ardowen	5941324	-10.0434215	54.2358535
Ungarra	6333795	136.0258715	-34.1956420
Genzien	4722053	11.5285601	52.8801226
Birriwa	6058905	149.4800504	-32.1184104
Kildoon	4829879	-6.9110470	53.0940075
Le Bourg	4103572	-0.3571584	48.5929767
Shawell	6678136	-1.2018426	52.4169039
Wighill	7657045	-1.2844073	53.9142866
Esk East	5723550	-9.5327458	51.7962587
Glenboy	4450948	-8.1276448	54.2869619
Killaun	5380161	-8.2785675	52.9130714
Sarsden	4226309	-1.5865821	51.9015730
Munakas	304216	24.4096719	60.9280715
Chilson	4263862	-1.5342832	51.8741889
Garraun	6229912	-8.8299393	53.3829164
Garraun	4087787	-8.7515419	53.4851307
Cantley	933664	1.5196075	52.5808993
San Juan	7231353	-1.1234258	37.9842453
Straboe	2201423	-6.7778921	52.8539600
Palermo	6418424	-62.1816192	-38.7553550
Druzhba	3975050	37.7551738	55.8848900
Ludford	1863902	-0.1852277	53.3869534
Watchet	2699595	-3.3307757	51.1789176
Henhull	357420	-2.5372022	53.0760656
Gnosall	6969602	-2.2624025	52.7906942
Fazeley	6898533	-1.7311653	52.6211834
Garraun	5535707	-7.7888321	52.5496992
Caherty	4199968	-6.2173696	54.8718759
Reenroe	6038470	-9.2752585	51.6233708
Cosmona	5909504	-8.5787173	53.2097407
Czermna	7724689	16.2371182	50.4569473
Volavec	431852	15.2403574	50.5709880
Jizerka	433892	15.3243562	50.8331023
Dewlish	5681933	-2.3317927	50.7806422
San Juan	5805258	-6.3739365	39.4738304
Bygrave	3646098	-0.1611846	52.0078033
Ashwell	3633196	-0.1579560	52.0462458
Garfiny	5751475	-7.4681110	54.0462457
Garraun	5550054	-7.9386945	52.4930397
Buxhall	4874837	0.9139852	52.1737647
Alzenau	7416289	9.0546866	50.0926644
Garraun	5813585	-7.7545444	52.1358499
Tuhnice	425671	12.8469495	50.2242536
Koberno	432715	17.6956486	50.2165614
Stružnice	432645	14.4634312	50.6915589
Brahmow	5715735	14.1696291	51.7993076
Reenroe	6229387	-10.2423120	51.8471884
Gravier	6618940	-53.1664590	-27.0653161
Modesse	5670145	-6.7807386	54.1232580
Garraun	5588203	-8.3637276	52.7737905
Estrela	4078164	-50.1720159	-25.1111386
Downeen	5903707	-9.0396319	51.5645525
Briskil	2338510	-7.8174926	53.7950810
Bojmany	427483	15.4394491	49.9590214
Pornice	434559	17.1747176	49.2394188
Stružinec	428784	15.8476852	49.7315546
Repechy	428907	16.8738213	49.4642063
Aninhos	5552005	-8.5224452	41.3786980
Magoney	5651227	-6.6058806	54.0297746
Lichkov	428081	16.6681508	50.0909288
Fulking	2870163	-0.2322991	50.8896280
Araghty	5230897	-8.2702518	53.5585487
Žalkovice	432155	17.4421234	49.3681607
Beeston	1474306	-2.6862578	53.1237132
Borovec	436424	16.3436818	49.5140355
Raneely	5616663	-8.2933328	54.6085377
Ludford	7034690	-2.7349638	52.3637930
Pukatja	6389101	132.1386407	-26.2902852
Skipsea	582120	-0.2312818	53.9771964
Hornsea	582137	-0.1852405	53.9115968
Cloonta	4605618	-9.0552713	54.1331556
Egstedt	1955388	11.0716975	50.9253218
Gwennap	5891331	-5.1552634	50.2230761
Saltash	5758275	-4.2452198	50.4033891
Tagulod	3252991	120.9182810	15.2015656
San Juan	2997747	121.1316446	14.5483794
Garraun	5740102	-8.7018824	53.7383139
San Juan	7115296	121.2322370	14.0601872
San Juan	4117649	121.2959564	14.0938135
Ragamus	6036572	-8.4808632	52.4948180
Woodend	59737	-1.0932369	52.1356404
Drumnee	2544675	-7.8858442	53.5687557
Hemyock	3229615	-3.2355330	50.9111141
Mirante	7037600	-44.0694689	-19.9737373
Parknoe	5760020	-7.8792381	52.1659797
Levaghy	3570243	-7.6291117	54.3687723
Woodend	5480361	-7.4357383	54.8490654
Affolus	4434028	-6.5489977	53.4088365
Tincone	2947213	-6.4521767	52.3465757
Virgina	4626641	-7.0879295	53.8385984
Farmley	5230104	-7.3078759	52.5793141
Srahdoo	5737362	-8.4975073	53.1856515
Culnady	4836451	-6.6266336	54.8643635
Baurroe	5573245	-8.0093454	52.8188633
Mulderg	5143637	-7.1072254	54.9238489
Tureagh	4295435	-6.2671783	55.1296154
Dunluce	4270703	-6.5739772	55.2091951
Straboe	4498007	-7.2686370	53.0715774
Caveton	6736336	140.8300876	-37.9543496
Dunaghy	4141877	-6.4680065	55.0721772
Yadboro	6076774	150.1584667	-35.4013800
Letfern	4671185	-7.2386935	54.5103120
Woodend	2454199	144.5308923	-37.3691701
Wahring	2463756	145.2238615	-36.7685600
Corkill	5416998	-6.8511507	54.6562445
Bodoney	4617132	-7.4764433	54.4344406
Shanroe	5218755	-6.4758938	54.0985232
Lowanna	6063653	152.8884365	-30.1761147
Dundrod	4483722	-6.1194528	54.6106982
Dilkoon	6069823	152.9841260	-29.5010978
Willina	6059331	152.2691971	-32.1819359
Nichols	128547	-91.3079870	41.4800824
Lipniki	7091979	22.8422978	53.2067779
Karolin	6840215	18.7340650	52.6209803
Kopytówka	3527760	19.6410514	49.9361144
Druzhba	7599494	27.4300333	49.0678894
Dobroszów	5899222	15.9930105	51.2551347
Gridley	129852	-95.8835036	38.0959698
Nichols	194150	-79.1490886	34.2351289
Lovilia	128747	-92.9081307	41.1341529
Przybówka	7066608	21.6439373	49.7905690
Radomno	6875966	19.5806090	53.5104128
Palcazu	1948466	-75.2824361	-10.2268546
Lipinki	7081832	23.7511645	51.0773405
Stare Żdżary	3445187	21.0583635	51.5544913
Afourar	2887189	-6.5192805	32.1926735
Denison	129797	-95.6285640	39.3943385
La Monte	140505	-93.4227472	38.7714940
Saint-Rémy	142779	2.0443629	44.3959436
Slayden	197292	-87.4655474	36.2898279
Metlili	5012152	3.1425089	32.4333817
Spencer	169542	-98.6999393	42.8737809
Gwizdaj	6776098	22.4433611	50.0595235
Spencer	197274	-85.4538033	35.7389620
Wayland	129063	-91.6586187	41.1481200
Barnett	141307	-92.6744728	38.3770470
Spencer	194874	-97.5912685	43.7269240
Lunglei	2029048	92.7584169	22.9542354
Boussac	115845	2.3758136	44.2960962
Lipinki	3352549	21.2845221	51.7354667
Płóczki Dolne	6061401	15.5455847	51.1028113
Sullana	1986163	-80.6186601	-4.6886562
Brzozówka	5654817	19.7994820	50.3765501
Ridgely	141418	-94.6373365	39.4518980
Palermo	1342086	-75.4110921	2.9100775
Lipinki	4518057	21.2993041	49.6670237
Emsdorf	1565783	8.9806296	50.8672438
Modzele	6863759	22.2613586	53.4857309
Bukowce	3661376	18.7209891	51.1077408
Lipniki	4200016	17.0907268	50.5433034
Ringmar	2734497	8.6663787	52.8369363
Wayland	141778	-91.5826466	40.3955860
Saint-Rémy	146309	0.1779294	44.9531758
Inguias	5397610	-7.3068831	40.3296128
San Juan	153539	-68.8464296	-30.5098237
Dziwigórz	5856798	16.4388243	51.0203718
Ochojno	3316636	19.9683130	49.9573483
Corning	141740	-95.4548197	40.2489184
Lipniki	7094919	23.9237854	50.9796819
Druzhba	2383992	37.9242078	48.4117238
Gnojnik	6083187	20.5991875	49.8890099
Brzozówka	3274094	19.8892074	50.1751294
Brzozówka	6503892	20.9208208	50.5298378
Palermo	181472	-102.2299595	48.3378990
Brzozówka	7485895	22.3725377	50.8449059
Lipinki	7473348	21.2871276	52.3704133
Karolin	7515363	22.5451635	50.9252335
Braojos	345609	-3.6571282	41.0579537
Corning	130173	-96.0289953	39.6566200
Czermna	6099233	21.3056638	49.8211764
Karolin	6862789	22.8403237	51.3330875
Prosol 1	7565210	-55.9433620	-27.4091442
The Rock	2928105	-8.7230647	54.0542044
Pomarel	2165239	4.9103204	44.9574933
Sevilla	2081071	-81.3535563	28.5823132
Sevilla	6751367	-81.4069253	30.3486628
Saltair	6696795	-81.4040515	30.3288338
Skrapan	6611112	16.1573104	58.5763492
Soldati	2809166	11.1888376	45.8653052
San Juan	5860900	-86.2705826	12.1209041
Beirute	6196848	-54.5516628	-20.4585638
Rastila	5492668	25.1260494	60.2109473
Lamosas	6594870	-8.6903740	41.9638198
Gontije	6594909	-8.7210997	41.9661819
1 de Mayo	6845914	-57.9935481	-30.7585791
Helmers	3115197	10.2923173	50.7281209
Coltano	5762713	10.3926741	43.6382411
Tulcan I	7740567	-75.6959054	4.7970631
Warszówka	3291339	19.9561387	50.1739285
Milanez	5521207	-44.0284451	-19.9078024
Walgern	3205510	7.9358284	51.9260015
Segeste	3622100	9.9438513	52.0368579
Ushuaia	2296333	-68.3305743	-54.8132968
Top Lake	3255426	-3.1050781	50.9192718
Dzierzków	2376100	21.1801072	51.3996954
Zeberio	3881577	-2.8481514	43.1478924
Starý rybník	135276	14.7413443	49.2295569
San Juan	6097233	-86.0342272	12.1661976
Ausonia	7333186	-63.2443274	-32.6612900
Devitsa	5412991	38.9482612	51.6392136
Dzierzków	5868220	16.2348588	50.9868656
Sanders	130856	-84.9452034	38.6553365
Brzozówka	6115428	21.0218968	50.0648696
Spencer	121248	-112.1873928	44.3826450
Pöritzsch	3404652	11.7061998	50.5051832
Ohnivka	1755377	34.5168521	49.5771780
Karolin	7633253	22.3680049	51.3672478
Saint-Rémy	145930	4.3070012	47.6535413
Ridgely	197372	-89.4846786	36.2641995
Lumbier	347290	-1.2614159	42.6505142
Nichols	175874	-76.3707492	42.0208894
Sameiro	6368515	-7.4804531	40.4191718
Sullana	1986221	-80.5081499	-4.8130088
San Juan	3868247	-1.6621612	42.8152101
San Juan	1933636	-75.6660511	-13.2656142
Taurija	1968054	-77.4386693	-8.2837967
San Juan	1896136	-78.4946986	-7.2686906
Hempens	162079	5.8418624	53.1759336
Chazuta	1971687	-75.9669036	-6.6369488
Jõhvi vald	355259	27.3447318	59.3395158
Wayland	176172	-77.5913418	42.5653599
Curasco	1929551	-72.5434167	-14.1044755
San Juan	1930996	-74.1931292	-14.6552271
Honoria	1954528	-74.6871747	-8.7152751
Somiedo	346123	-6.2514558	43.1028011
Almonte	348876	-6.5544437	37.0629705
Kietlin	6405983	16.8228027	50.7442996
Prokešovo náměstí	7387172	18.2904864	49.8414759
Karlova	4572236	26.7355479	58.3659358
Bommern	3328310	7.3338762	51.4171444
Lubocza	3254622	20.0924215	50.0960836
Qaratav	7284032	60.2784160	42.0932147
San Juan	1953332	-77.6263345	-8.6691267
Ounnana	2810046	-5.3580532	34.6578535
Yue Lake	5894891	103.4404974	24.8394212
Tafrant	2753143	-5.1002832	34.6548442
Shuniah	7596932	-88.9889061	48.5546974
Tigouga	2889012	-8.5926060	30.8356788
