Antwerp	59518	4.3821814	51.2602707
Souchez	1206420	2.7460138	50.3893525
Bourlon	1144849	3.1249546	50.1811366
Livarot	185336	0.1655875	49.0055352
Soliers	280481	-0.2845822	49.1314148
Lisores	134125	0.2128044	48.9571790
Voreppe	85956	5.6496566	45.2861618
Busigny	55565	3.4629050	50.0417298
Pavilly	113377	0.9285043	49.5781490
Passins	128167	5.4236515	45.6903584
Coutras	97213	-0.1033478	45.0407978
Lesquin	58175	3.1111555	50.5899127
Spycker	139278	2.3070604	50.9755205
Maizery	2131942	6.3456024	49.1088605
Soussac	1270492	0.0103479	44.7358476
Druento	44301	7.5672021	45.1513993
Lessolo	45078	7.8256969	45.4832008
Lougres	146214	6.6833163	47.4712071
Potenza	40613	15.7944623	40.6611339
Al Wusta	3781238	56.5879392	19.6433300
Troubat	2273658	0.5873544	42.9752581
Morelos	1376332	-99.1018165	18.7321254
Menotey	148684	5.5033183	47.1677582
Pointre	148718	5.4925048	47.2216435
Plauzat	533986	3.1535512	45.6203338
Simorre	125371	0.7456606	43.4585252
Chevroz	121867	6.0019934	47.3314021
Tanques	3309894	-0.0724387	48.6832508
Ourense	343932	-7.8569886	42.3438876
Brosses	3333960	3.6964695	47.5316894
Anrosey	3209298	5.6569742	47.8466310
Poiseul	2839705	5.4930142	47.9226193
Mureils	71693	4.9267197	45.2192513
Coutens	2071855	1.8237519	43.0686152
Thivars	233279	1.4497910	48.3805453
Soturac	123556	1.0300052	44.5122651
Monbrun	127009	1.0367122	43.6652979
Lanzhou	2701949	103.5445435	36.2829290
Trelins	568507	3.9902199	45.7241448
Veyreau	78511	3.3316049	44.1743980
Crozant	118563	1.6057956	46.3861980
Kouvola	2472594	26.8517347	60.9329737
Wolgast	1432365	13.7006287	54.0260599
Moriers	2162757	1.4388777	48.2187587
Verneix	365292	2.6800892	46.4088940
Irueste	341777	-2.8922738	40.6095907
Thauron	120510	1.8104065	46.0033344
Cormery	80111	0.8527221	47.2586847
Dhuizon	285729	1.6800456	47.5846486
Volonne	365925	6.0322552	44.1233235
Smarves	144899	0.3577737	46.5119554
Pré-en-Pail	1136056	-0.1786840	48.4412753
Arumeru	1243802	36.7468623	-3.2936486
Casorzo	43974	8.3339932	45.0152240
Sournia	2819131	2.4102476	42.7137176
Royuela	341222	-1.5057658	40.3579356
Groslay	115247	2.3512199	48.9851727
Nazzano	41861	12.5964705	42.2250267
Wesseln	413110	9.0650537	54.2161930
Lautert	540459	7.8492804	50.1659762
Mervent	167241	-0.7349440	46.5336279
Antwerp	53114	4.7574052	51.2484171
Santiso	346205	-8.0646345	42.8716763
Priorat	2826145	0.8116236	41.2137982
Lorgues	125337	6.3560668	43.4734484
Voltido	44209	10.3364388	45.1098469
Rodezno	345678	-2.8361828	42.5105463
Klotten	1259311	7.1896248	50.1711174
Erbezzo	45512	10.9969357	45.6616348
Verrone	45125	8.1149097	45.5021261
Tinnura	40407	8.5582307	40.2693658
Loissin	2337633	13.5198397	54.1127564
Rotello	41522	15.0379465	41.7654227
Monfumo	46237	11.9342099	45.8355548
Founzan	6128652	-3.3280590	11.3542600
Amoroto	344975	-2.5118320	43.3239405
Licibořice	440227	15.7784069	49.8745951
Nauroth	421915	7.8707634	50.6972268
Potenza	40136	15.8209599	40.5183188
Gnevkow	1427897	13.1935831	53.7862030
Luzerna	296648	-51.4974014	-27.0953144
Silbitz	2778415	11.9455787	50.9452044
Turenne	121673	1.5681002	45.0694251
Riqueza	296558	-53.3440759	-26.9835821
Kletzin	1427217	13.1369064	53.9287613
Rastorf	289958	10.3375598	54.2816653
Balatonőszöd	1368008	17.8002166	46.8156411
Reynosa	5606187	-98.3708594	25.8366364
Coyutla	4546437	-97.6184793	20.3300300
Morelos	5606065	-101.4423434	19.9919157
Morelos	5606066	-99.6616885	19.7569141
Tuburan	3816070	122.2343688	6.5737323
Morelos	5606062	-102.6826188	22.8556686
Morelos	5606063	-107.7551112	26.5508179
Jo River	4001317	-9.4616817	6.0352833
Rayones	5606183	-100.1439796	25.0752420
Le Tholy	117113	6.7358265	48.0860317
Beuvron	1247141	3.5004859	47.3509459
Somogytúr	1367924	17.7613300	46.6909169
Timmins	7588071	-81.2701714	48.4724265
Kravsko	438733	15.9783279	48.9250574
Natters	942840	11.3544087	47.2302941
Orivesi	1700624	24.4225403	61.6891676
Woldert	445739	7.6601088	50.6058169
Torrile	43785	10.3254945	44.9100647
Pettnau	942618	11.1673137	47.2955747
Shepway	2208689	1.0060721	51.0577484
Žirovnice	441089	15.1582683	49.2531862
Oettern	2857013	11.3600789	50.9208928
Tukwila	237384	-122.2749603	47.4807219
Rodinov	441073	15.1096741	49.2831709
Tykocin	3092530	22.7556863	53.1962942
Slapton	3537820	-3.6730959	50.3056294
Klobuky	440934	13.9950416	50.2910835
Taoyuan	2770986	121.2572422	24.8541777
Žitovlice	441546	15.1361059	50.2942202
Neuwerk	3788051	8.5028594	53.9224222
Mszczonów	3093881	20.5287609	51.9766960
Wynigen	1682733	7.6908522	47.1051617
Lermoos	37839	10.8932189	47.4341220
Zwochau	444740	12.2788513	51.4746165
Rohrsen	1183263	9.2429439	52.7139867
Les Ulis	1174036	2.1950251	48.6817004
Trotina	440104	15.7184875	50.4073544
Hopsten	155639	7.6496937	52.4072976
Sumerta	7789793	115.2356388	-8.6508587
Yomitan	3573297	127.6098618	26.4663286
Satosho	3939369	133.5585864	34.5148740
Yanaizu	4174479	139.7119032	37.4617214
Wassamu	4055832	142.3628088	44.0262640
Lustadt	1250343	8.2849379	49.2335006
Kukmirn	109728	16.1825300	47.0755290
Autigny	3008251	0.8554431	49.7962669
Uhersko	440312	16.0181421	49.9978374
Bomlitz	1808965	9.6563936	52.9205416
Kirtorf	418325	9.0865362	50.7726278
Lupburg	1028818	11.7662145	49.1612817
Jerzens	77795	10.7884107	47.1333138
Pegnitz	1070991	11.5413712	49.7762306
Molinos	343245	-0.4599974	40.8062461
Schlitz	418329	9.5366627	50.6857419
Sisseln	1684428	7.9845291	47.5517684
Koski Tl	2506379	23.1222205	60.6730953
Wayzata	136726	-93.5320386	44.9668579
Amizmiz	3534189	-8.2561149	31.2216530
Surguja	1972133	83.3287575	23.3690032
Sumbung	3815001	110.5264752	-7.5253114
Lou Pond	2849039	-57.5664502	49.6509232
Vekarus	7272402	29.1864513	61.2973449
Nowy Świat	6891869	19.7157339	53.1544314
Svrljig	7288379	22.1228239	43.4166214
Trstena	6657773	21.7870192	42.6761557
Västra Gällsjön	3045492	13.6735089	60.1085223
Nova Redenção	362386	-41.1242349	-12.8419500
Jussari	362295	-39.5125581	-15.1463765
Rodzone	6832955	19.6814753	53.5226212
Głuchów Dolny	6217670	17.1233123	51.2829718
Warkocz	6405705	17.0439508	50.8261598
Chwałowice	6372599	17.3927410	51.0459074
Siekowo	3504752	16.3458796	52.0597792
Trnovce	6314266	21.3781370	44.4265091
Mpokolo	6084059	23.5062528	-6.1029007
Mniszek	3423896	20.8765969	51.3643109
Dziarny	6817804	19.6246626	53.5713876
Étang de Candé	3145412	0.6677303	47.3010809
Chumovo	6433080	21.5703392	41.2822446
Portola	112239	-120.4758880	39.8207699
Lac Nécessité	1519227	-73.9601044	47.0799423
Yangizo	3710805	8.7923271	11.9528476
증산동 (Jeungsan-dong)	3886369	126.9058083	37.5831882
Tululbi	3659941	-78.6342923	1.1322037
Hanspur	5326898	84.6361795	28.1695302
Luwamfu	6668214	87.7093107	27.1129678
Dhurkot	6074935	83.7524258	27.6482330
Lac Cécilia	900155	-74.6282389	46.6908807
Shiyuan	2172891	105.2221236	32.1557682
Xingguo	6772045	105.6721357	34.8772814
Nizhnya	2765138	34.7662947	64.4875839
Sunsera	5903635	80.6897487	29.9152271
Burnley	149101	-2.2308039	53.7741091
La Tuque	7359866	-74.2945834	48.0328089
Orivesi	405813	29.3312385	62.3377576
Port Bay	4849585	-97.1517628	28.0167282
Antwerp	1902793	4.5445171	51.2770465
Werther	138697	8.4220135	52.0792099
Würchwitz	2404867	12.2135556	51.0274167
Taoyuan	2124744	120.8309456	23.2232743
Orvelte	377530	6.6837609	52.8514335
Vlkanov	440431	15.3599870	49.7175059
Valmont	123321	6.7072962	49.0797153
Port Bay	4206435	-76.8250401	43.2891268
Urhatti	7593782	22.1531128	60.3949808
Brewton	110325	-87.0640242	31.1224064
Sadorus	126128	-88.3446617	39.9665089
Vlkanov	438305	12.8104585	49.4887579
Oleszki	6481381	20.6518916	50.4629560
Vaškų seniūnija	3568530	24.2260870	56.1775046
Rubcowo	6822282	23.4394289	53.8096937
Zavitne	3937434	37.4315930	48.1756826
Podjazy	6921327	17.8171798	54.2855275
Lazurne	2133869	32.5206874	46.0824963
Rajczyn	6109462	16.5095345	51.4987343
Luverne	137230	-96.2130814	43.6530555
Jūžintų seniūnija	3421740	25.6566187	55.8336395
Kathryn	181572	-97.9717235	46.6819189
D'Autray	7710955	-73.2567319	46.2167349
Kreypau	2405931	12.0592621	51.3339309
Rummi küla	352929	26.7118234	57.9051949
Tuuka küla	354870	27.1268869	57.6572189
Pupli küla	351101	27.2549832	57.5967137
Sirgu küla	354975	26.9151853	58.3732898
Suoshan	3938751	103.2646151	27.3389880
Nova Redenção	6355825	-41.1242349	-12.8419500
Rimmu küla	352059	25.3987150	58.2754189
Piisu küla	353494	24.1177928	58.6015918
Nauroth	1377988	7.9484782	50.1547811
Jussari	6618315	-39.5125581	-15.1463765
Trnovec	2193423	17.1916312	48.7946285
Chropov	2193429	17.3546943	48.7903374
Mierovo	2206722	17.3978161	48.0643041
Nowy Świat	7739258	16.4336754	50.4923495
Mniszek	2614173	18.7325046	53.4310151
Klimovo	7755184	32.1873941	52.3757390
Ruhve küla	350472	23.0246887	58.3726808
Mulongo	5457507	27.4565047	-11.7151381
Retorta	5989568	-8.7169541	41.3541479
Crostau	1309673	14.4607373	51.0871215
Kozulka	3619698	91.3935509	56.1678906
Durlung	5804735	83.6980096	28.2552737
Bastpur	7616870	86.4460255	26.7488550
Nowy Świat	7811644	17.6512903	51.3250634
Elsholz	5890878	12.9615573	52.1999017
Otradny	7799262	51.3429776	53.3792412
Plossig	1327660	12.9551823	51.6939981
Puugi küla	352990	26.6181497	58.1035592
Uzkiano	7716378	-2.9410030	42.9981619
Antwerp	183124	-84.7325907	41.1800729
Składowice	6105781	16.2606501	51.4331186
Werther	2400553	10.6723584	51.4967143
Tamtert	6531003	-1.9016593	30.1247014
Bayport	175689	-73.0523114	40.7487011
Anthony	3496633	-106.5944029	31.9876365
Morelos	5606064	-101.1183428	28.3371706
Elkport	128789	-91.2754761	42.7430390
Lysyche	3940892	38.5929706	47.7325289
Netarts	186299	-123.9338588	45.4352189
Shelviv	7125708	26.5754867	50.0692680
Quenast	3415805	4.1627021	50.6719076
Roberts	251561	-92.5607090	44.9747394
Komaryn	3167065	25.6021241	49.9746721
Goszcza	3311898	20.0561545	50.1900983
Strożyska	6487595	20.7740093	50.3339102
Drayton	181524	-97.1804247	48.5569135
Lu Verne	129261	-94.0789388	42.9124485
Due West	194103	-82.3879244	34.3336005
Telatyn	7034507	23.8421239	50.5197037
Bayport	136802	-92.7811610	45.0142885
Sant Pol	2135140	3.0361579	41.9295213
Sincovo	6746828	40.2576225	55.6003237
Grumino	6325837	11.1254461	46.1977545
Moietto	3446789	11.0860762	45.8946507
Lugovoe	3889364	48.2415571	54.2156472
Retorta	6015524	-8.5190975	42.0008289
Poplars	5399796	-76.8052169	39.9886927
Polutla	4613124	-97.2587637	20.5278138
Tri Vodi	6875364	22.6246620	41.3948497
Dzvegor	6857670	22.8228856	41.9732429
Petrino	6483971	20.9337154	41.1107461
Snegovo	6498835	21.2935431	41.0671542
Dubrovo	6793086	22.1352900	41.4711263
Tazhevo	6424660	21.2723919	41.7282034
Wolumla	6049192	149.8142672	-36.8159890
Strante	7535679	21.2414967	56.9113297
Wyalong	5820369	147.3142859	-33.9035745
Otradny	2891732	40.3495406	44.9381636
Tkhubun	2642037	41.0754463	42.9666311
Sitovka	1707531	39.6962109	52.6727165
Zhelkun	6135558	31.1832118	58.4346062
Mellott	127464	-87.1484268	40.1635750
Norfork	6691502	-92.2818069	36.2088305
Małoziemce	7816549	23.6169705	51.3644773
Bronson	134966	-85.1946824	41.8745145
Wojtyniów	3826279	20.7600812	51.0971254
Anthony	130093	-98.0324242	37.1553910
Luverne	7453373	-86.2608137	31.7201330
Autigny	1683269	7.0332326	46.7409715
Bronson	1216960	-82.6396096	29.4490904
Huetter	121178	-116.8497069	47.7035545
Ostrawa	6202740	16.7262267	51.5227061
Moorsel	3388431	4.1008746	50.9523501
Niegłowice	6907379	21.4518692	49.7079183
Struble	128575	-96.1951496	42.8941654
Chwałowice	6463623	20.6039767	50.5620227
Watkins	137524	-94.4139008	45.3158385
Valmont	2675573	0.5246165	49.7379717
Savigny	252602	4.5536842	45.8172482
Chwałowice	3432507	21.2973772	51.1842561
Prohlis	192949	13.7873888	51.0045843
Szalowa	6098454	21.0280331	49.6824756
Olustee	184923	-99.4245346	34.5487500
Dziunin	6625999	20.7112672	51.7198258
Carlyss	131609	-93.3695913	30.1774584
Gorzeszów	2965113	16.1126936	50.7055958
Lisarow	6037063	151.3843793	-33.3850316
Malá Budafa	2206644	17.4553874	47.9807309
Woonona	6076769	150.9035665	-34.3497336
Lattoon	4648604	-7.1634136	53.8784120
Chropov	2193386	17.3546943	48.7903374
Killult	5542039	-8.1234959	55.1329195
Lisamry	5245005	-6.6467390	54.0766918
Moanour	5626714	-8.2563360	52.4267393
Pollboy	4148413	-8.2097123	53.3169975
Kilgory	6245961	-8.6904839	52.8538015
Ivy Hill	4017695	-6.9906315	54.3969339
Numborn	4512091	6.9684313	49.3507786
Moy Etra	5658850	-6.8599246	54.2254996
Outhill	4472109	-6.5852375	55.1665166
Clowney	5752100	-7.5205349	54.0980250
Vintrie	3050110	12.9645543	55.5545448
Hustedt	3907156	9.0968881	52.8947825
Tavraun	5553842	-8.7630462	53.8764462
Ing West	5249263	-8.9480873	52.7633981
Pollboy	4459476	-8.2257893	54.3032927
Skreeny	5608189	-8.1649062	54.3112115
Skreeny	4297072	-8.1710935	54.3117901
Foy More	5245222	-6.4996086	54.4633021
Werther	2214913	8.4045687	52.0756277
Žirovnice	426551	15.1854783	49.2582313
Mutford	4806798	1.6506245	52.4373727
Numulgi	6070060	153.3266604	-28.7245836
Trnovec	2193406	17.1916312	48.7946285
Warburn	5824851	145.9297496	-34.1722944
Khu Dân cư Kim Sơn	3856495	106.7011767	10.7349253
Budulov	2384553	20.9889128	48.5811646
Pollboy	6094151	-9.6685391	54.2444607
Tentore	4762958	-7.4353644	52.7662382
Valmont	4086310	-0.3676851	48.5642660
Drayton	6670909	-0.7883552	52.5224568
Slapton	59028	-1.0701421	52.1219195
Grinton	7774014	-1.9960018	54.3641822
Leyburn	7764933	-1.8395770	54.3165656
Rodzone	6817846	19.6333213	53.5148283
Portree	4638540	-7.0593454	53.0397891
Kilgory	4641094	-7.1133359	52.8304167
Pollboy	4637137	-8.6428027	53.9215207
Toorfin	2376426	-7.7191353	53.7229200
Shilton	4216724	-1.6248971	51.7790527
Southam	6017134	-2.0240766	51.9268319
Molinos	6497962	-84.2126512	10.0044249
Drayton	933081	1.2278017	52.6824647
Briston	1022529	1.0762195	52.8469389
Drayton	2882144	-2.8467853	51.0075028
Somerby	6635704	-0.8324457	52.7014228
Muckton	1855669	0.0699977	53.3157833
Pawlett	2717503	-3.0186552	51.1820148
Livesey	7585178	-2.5283214	53.7251478
Slapton	3756476	-0.6539570	51.8811746
Drayton	4201173	-1.3756431	52.0710439
Launton	4169968	-1.1079844	51.9065809
Longton	6991993	-2.7822562	53.7235204
Corsley	5555515	-2.2475565	51.2057188
Rocklow	5518460	-7.7118302	52.4818901
Žitovlice	428462	15.1452109	50.2953578
Nowy Świat	7719608	16.6416209	50.4451796
Rarooey	5633002	-8.1036973	54.6424557
Klobuky	434238	13.9829538	50.2912836
Widziszów	7699765	16.1181579	51.6595649
Bělá u Staré Paky	430540	15.4405965	50.5393559
Sarratt	3647830	-0.4886188	51.6812372
Drayton	73825	-1.3276040	51.6475145
Drumlon	5705784	-6.9587627	53.9475704
Freston	4557259	1.1552153	52.0031414
Liběšice u Žatce	435639	13.6194964	50.2942252
Trotina	430203	15.7184875	50.4073544
Veľké Bielice	2186296	18.3493851	48.6388052
Airport	5574441	-13.6134739	9.5764311
Spytice	429061	15.5210221	49.8366231
Kraskov	433200	15.6319277	49.8670669
Licibořice	428553	15.7784069	49.8745951
Hlubočky II	3978455	17.4136148	49.6343420
Vlkanov	427821	15.3599870	49.7175059
Záhoří u Chrobol	434126	14.1145542	48.9556799
Oyungan	4035791	122.1800518	10.6313078
Kravsko	434229	15.9783279	48.9250574
Pollboy	4152272	-8.2303238	53.3112170
Ringway	1425371	-2.2838869	53.3579313
Uhersko	429342	16.0181421	49.9978374
Rodinov	434440	15.1096741	49.2831709
Mierovo	2206655	17.3978161	48.0643041
Hervest	2999088	7.0045613	51.6840497
Lattoon	6194387	-8.3868985	53.4320304
Toomans	5474237	-7.9265910	54.0149605
Loxhore	4662522	-3.9680126	51.1259130
Membury	3408063	-3.0393666	50.8375221
1200 Evler	5514582	29.0061965	37.7821587
Astwood	5340845	-0.6107506	52.1173881
Mowbray	2034101	18.4905315	-33.9508079
Movenis	4808941	-6.6404836	54.9900212
Moorong	5911265	147.3158274	-35.1134319
Merrimu	2447642	144.4760965	-37.6573941
Lisowen	4651643	-5.8013215	54.4290243
Burnley	2384345	145.0158430	-37.8290451
Chrzanów Mały	2388026	20.6339937	52.1375126
Mniszek	4029363	17.9579640	53.8839625
Dziwiszów	2939556	15.7961940	50.9452943
Savigny	1685148	6.7254236	46.5458613
Kuttawa	130745	-88.0880737	37.0467840
Koshary	6065517	23.6721078	51.4971121
Bronson	128495	-96.2105538	42.4090381
Roberts	126174	-88.1836531	40.6141480
Supreme	132281	-90.9958941	29.8593120
Morrill	129963	-95.6946191	39.9296239
Itzling	7489989	13.0464870	47.8240091
Staszic	7082235	23.6838279	50.8815831
Bronson	129895	-95.0724930	37.8972179
Longton	129704	-96.0801920	37.3774450
Savigny	1107708	-1.3240139	49.0572473
Roberts	121309	-112.1283878	43.7215205
Strobin	3744611	18.8226119	51.3237419
Holroyd	5560625	150.9964773	-33.8307801
Mniszek	6162862	20.2665039	50.7212450
Ellston	129166	-94.1087550	40.8422514
Molinos	3059854	-66.4556335	-25.5753402
Maslovo	5436138	30.7903496	59.7869316
Savigny	92637	5.9503232	46.0679877
Nowy Świat	3371326	18.6249855	51.1753064
Morrill	169780	-103.9235488	41.9634060
Mniszek	7470937	21.9382910	50.8341497
Nowy Świat	3228437	19.9295933	50.0586405
Villers	269889	6.1735073	48.3049705
Kwietno	5776619	16.4661663	51.1773890
Y-O Ranch	252108	-104.9268048	42.0325050
Riquier	5393377	7.2864326	43.7052125
Morteln	6610793	16.1595566	58.5729493
Molbitz	2781366	12.4066160	51.0125788
Quartas	5997646	-8.3967659	42.0565492
Würchwitz	2659070	12.2275226	51.0178909
Picotos	5998701	-8.4730202	42.0613120
Quartas	5763193	-8.3274754	42.0333859
Peloton	3948007	-122.1297541	47.6718332
Nowy Świat	4671180	21.1352682	51.3929865
Siersza	5245572	19.4269585	50.1903756
Lowmans	7084403	-61.2346756	13.1679185
Savigny	157551	6.2175858	48.3546184
Luverne	181609	-97.9348896	47.2514680
Savigny	3069534	5.6445609	47.7182448
Nowy Świat	3850662	20.5877526	51.5068398
Ourense	348988	-7.5371241	42.1939629
Molbitz	2929010	11.7715242	50.7501005
Grunern	281628	7.7396944	47.8576006
Chwałowice	7009786	21.8918286	50.7748768
Villers	919361	4.2248381	46.1245984
Temriuk	2842774	37.9855022	47.8942591
Quilino	5199728	-64.4986940	-30.2171038
Ocuviri	1916267	-70.8465494	-15.1814129
Antwerp	176005	-75.6077476	44.1996170
Talzemt	2817704	-4.1968098	33.5566072
Gilutis	6742276	26.3700653	55.6341626
Molinos	1948331	-75.3285178	-11.5950816
