Rostock	62405	12.1090156	54.1473634
Grisons	1686631	9.5644780	46.6172126
Outreau	180035	1.5887922	50.6974053
Montamy	192835	-0.7599580	48.9707762
Courset	180039	1.8472691	50.6445743
Ruesnes	54541	3.5746655	50.2637278
Waziers	56451	3.1114831	50.3841491
Oisilly	152604	5.3583301	47.4177425
Secourt	1424253	6.2733579	48.9489945
Zetting	90298	7.1237341	49.0734175
Moslins	2726776	3.9077137	48.9590710
Romigny	2661538	3.7668301	49.1702981
Thiébauménil	113116	6.6295372	48.5808385
Dournon	546933	5.9697334	46.9328380
Uxegney	157505	6.3864513	48.1954717
Sironko	3498162	34.2977348	1.1883856
Izotges	124939	-0.0160689	43.6546231
Fromont	1414688	2.5058415	48.2550202
Crottet	139570	4.8802509	46.2848596
Courtes	139129	5.1128823	46.4564950
Morigny	532764	-1.0736302	48.8811386
Kuusamo	2525741	29.2078542	65.9863946
Cieszyn	2413313	18.6562932	49.7557763
Cieszyn	2816525	18.6562932	49.7557763
Mesvres	2266593	4.2519311	46.8753395
Venouse	2399807	3.6926837	47.8998874
Mertzen	393205	7.1323325	47.5872167
Houssen	83768	7.3817181	48.1356963
Luzzana	45853	9.8693748	45.7213271
Bozzole	44121	8.6225564	45.0725194
Retjons	1379857	-0.3124985	44.1390396
Monfort	127100	0.8356168	43.7879907
Rovetta	46310	9.9771853	45.9079037
Coudroy	164957	2.4776082	47.9000263
Rivolet	1125875	4.5835746	46.0082471
Usinens	103980	5.8503373	46.0130776
Ramoulu	150941	2.3017591	48.2306291
Oucques	273614	1.2932768	47.8234213
Vivonne	145003	0.2547107	46.4193989
Boursay	278881	0.9912336	48.0182979
Lestiou	274420	1.5597012	47.7504680
Venzone	179252	13.1528664	46.3521864
Xinxing	2106566	120.3062966	22.6282307
Terrats	24459	2.7611236	42.6046644
Sossais	144903	0.3812689	46.8681806
Mouzeil	179418	-1.3328803	47.4412509
Búcsúszentlászló	1358053	16.9347758	46.7894855
Busseto	43837	10.0585777	44.9494048
Monieux	163235	5.3461830	44.0520492
Triollo	340129	-4.6690258	42.9185386
Romonya	575259	18.3519587	46.0791549
Ollmuth	1256947	6.7044198	49.6738452
Marnitz	449892	11.9073032	53.3178985
Brovary	1929810	30.8032912	50.5097949
Argusto	39698	16.4378998	38.6804924
Nuragus	40074	9.0414863	39.7766602
Stolpen	534528	14.0874186	51.0422409
Gournay	124188	1.7339770	46.5975772
Guriezo	340158	-3.3249491	43.3387962
Genzkow	1419710	13.5006215	53.6309730
Güzelyurt	1717636	34.3324224	38.2587900
Jitotol	5999594	-92.8458846	17.0894294
Kushiro	4071273	144.6587287	42.9320078
Aziziye	1832781	40.9845457	40.0772410
Yuriria	5606648	-101.3171342	20.1664923
Panzhou	2780188	104.6446020	25.8131495
Rohatyn	3382441	24.6156070	49.4061150
Zoppola	179282	12.7867433	45.9811605
Zwenkau	420477	12.3027801	51.2181845
Feketeerdő	1492742	17.2812383	47.9330839
Ochtrup	155790	7.1720837	52.2150857
Vyšehořovice	437960	14.7733813	50.1224017
Sestino	42570	12.2733285	43.7192434
Smilkov	441484	14.6347221	49.6021409
Moutier	1682559	7.3708966	47.2768601
Bouquet	2923007	4.2891728	44.1517907
Miesitz	2179192	11.8292566	50.7432726
Baturyn	2394561	32.8762810	51.3371088
Wüstenrot	410482	9.4751184	49.0930286
Tortola	5401566	-64.6390274	18.4211122
Alojzov	436822	17.0373813	49.4238519
Tokorcs	1132236	17.0895522	47.2729419
Rantzau	309177	10.5152498	54.2368330
Veletov	441245	15.3045280	50.0310868
Vastorf	1944343	10.5657175	53.1949163
Borovno	439695	13.7021698	49.6212700
Kvasiny	440634	16.2680738	50.2110411
Podluhy	441575	13.9053274	49.7926695
Illmitz	305583	16.7714750	47.7628131
Fukuroi	4674786	137.9394458	34.6707710
Kushiro	4069477	143.8953238	42.9097179
Mulusan	5615700	110.5423153	-8.0172823
Rorotan	5802333	106.9563145	-6.1455005
gmina Żółkiewka	2690977	22.8313363	50.8950479
Kotoura	4110046	133.6686247	35.5296625
Kirkovo	1952402	25.3220661	41.3441790
Sobetsu	4085854	140.9597318	42.5746130
Kushiro	4071274	144.6587287	42.9320078
Pravets	1978775	23.9573914	42.9582129
Bukowno	2768320	19.4361776	50.2609998
Bukowno	2893589	19.4361776	50.2609998
Shumyna	6848576	22.9371474	49.5042228
Ruidoso	171220	-105.5400450	33.4609710
Urgezes	4113382	-8.2904940	41.4303684
Formoso	334526	-48.8764577	-13.7063872
Trimmis	1684191	9.5962832	46.8944112
Jaunpur	1959912	82.4808710	25.7986504
Hornsby	3046011	151.1002183	-33.6976572
Petrove	2788853	33.2629342	48.3448241
Sunsari	4589472	87.1378483	26.6410141
Zweeloo	1380404	6.7523845	52.8144006
Meyriez	1683362	7.0990540	46.9304552
Rantoul	126126	-88.1437962	40.3009400
Dźwirzyno	4043027	15.4441628	54.1492260
Shyroke	3939518	38.2319729	47.9575411
Mwulire	1729785	30.3851455	-1.9823408
Lac Émérillon	1504112	-69.9417076	48.0831471
Oostkil	6879876	4.6667162	51.7769158
Oostkil	336198	4.6695473	51.7757725
Pukalus	7190628	28.1177465	60.7610180
Ventura	112589	-119.2431123	34.2698659
Matyazo	2853864	29.6397481	-1.7652169
Popelov	7215499	14.8431313	49.1597858
Prvonek	6659481	22.0937978	42.5146025
Blåbærvatnet	6283502	8.6630616	63.7090511
Ljutova	6949415	21.0881572	43.1835957
Lourosa	6553526	-7.9474064	40.3110138
S.Juliao	6334827	-7.5976440	40.4875699
Lourosa	6022193	-8.5459096	40.9827787
Vrtovac	6363322	22.4619488	43.4003113
Czesławice	6407614	16.9814362	50.6507795
Kanzewu	6084054	23.5418286	-6.1026447
Warzyce	6907095	21.5245774	49.7655464
Bouquet	7499149	-61.8836122	-32.4251641
Brzozie	6898805	19.6150621	53.3249888
Buskuri	3722301	10.3400991	11.6986309
Soavary	3723847	47.3293741	-24.1770505
Marquez	113841	-96.2537488	31.2400905
Susudel	2664857	-79.1948204	-3.4211333
Krosino	1760227	16.0729412	53.5624248
Gujungu	3703370	9.5254279	12.3432400
Kulluwa	3710621	8.5687422	11.6303697
Ventura	3684565	-79.1300322	-2.2745708
Rossano	39969	16.6363059	39.5717692
Triyuga	6797517	86.6588188	26.7940690
Ghuskun	6759651	85.9104106	27.7622828
X-Uenkal	6406209	-88.1848806	21.1233905
Xinxing	2172901	104.9414933	31.8563600
Puyehue	1795049	-72.3899819	-40.7106370
Kuuni järv	2133180	25.5415782	58.4133830
Crowley	131986	-92.3761029	30.2186970
Rookley	2296715	-1.2789366	50.6504603
Zwierki	7101905	23.2951692	53.0550101
Poronin	4578465	20.0279787	49.3293535
Domnitz	2407361	11.8226472	51.6382304
Wentorf	1464775	10.4707143	53.6757298
Du Quoin	123512	-89.2373476	38.0012104
Tolejny	6924688	20.2453263	53.6075031
Tillson	175666	-74.0640083	41.8357960
Vionnaz	1685397	6.8739007	46.3066701
Witikon	1701471	8.5974347	47.3613292
Survika	7808679	11.4178139	64.5382104
Provati	812366	21.0473936	38.4628761
Ojansuu	7286616	28.8575884	61.2903475
Luzerne	187969	-75.8982727	41.2877600
Pieńczykówek	6859154	22.5958818	53.6320967
Lostant	126759	-89.0627560	41.1399065
Le Sueur	136940	-93.9116985	44.4674315
Crowley	115252	-97.3585277	32.5764875
Oliszki	6854511	22.7563631	53.4004551
Kursi küla	351041	26.0184205	59.1425397
Vissi küla	351663	26.4451023	58.2570767
Mansour	2964832	44.2785626	33.2975531
Toosi küla	350548	25.4878408	58.1748450
Krossen	5715648	13.6037498	51.9182711
Loksu küla	354843	26.0463624	59.2715860
Fidelândia	6148725	-41.2720220	-18.1794499
Sládkovičovo	2205549	17.6284005	48.2036148
Kursi küla	352115	26.3480544	58.5988768
Junzano	6491063	-0.1227540	42.1239589
Formoso	6159092	-46.2101595	-15.0730585
Nospelt	1687790	6.0098489	49.6785979
Kursi küla	350438	25.5043155	59.4366028
Surunga	7405964	87.8887313	26.6372025
Zaraysk	1697417	38.8851965	54.7625347
Brestov	2320237	21.3463570	48.8728979
Stelzen	3515814	11.9306584	50.4767816
Destriz	6429269	-8.2757922	40.6609360
Brestov	2322609	21.8910230	48.9735622
Wolsier	7821686	12.2777299	52.7158920
Tolbazy	1777337	55.8822378	54.0108172
Timoney	6778883	-7.7305308	52.9108453
Valuyki	1645367	38.1233506	50.1925407
Kurilsk	4764304	147.8734451	45.2296857
Mtsensk	3344228	36.5691566	53.2819731
Riksu küla	352048	22.0686703	58.2006796
Vissi küla	353239	26.6995007	58.1721952
Genrupt	6870514	5.7500669	47.9183754
왕십리2동 (Wangsimni2-dong)	3882080	127.0282335	37.5613667
Waymart	188585	-75.4051201	41.5869131
Forrest	125879	-88.4102813	40.7463960
Karwiny	2606793	18.4818172	54.4806084
Prester	83764	11.6810074	52.1016908
Orestes	127614	-85.7306398	40.2701005
O'Connor	7597017	-89.7005448	48.3621440
Shyroke	3942874	38.1475844	47.5590499
Kmiczyn	7046598	23.7872336	50.5527690
Poisevo	2577567	53.4907596	55.5377788
Platovo	5917841	39.9144515	48.0621551
Virtelo	5762523	-8.3125747	42.0537749
Lupshte	6423100	21.1235010	41.6607562
Trnovci	6888549	21.3356619	41.2496124
Shyroke	3613265	35.6437635	48.0968823
Shyroke	3624679	34.9045380	47.9128320
Shyroke	3544441	36.2207365	48.7082569
Mukhuri	2642061	41.6934626	42.6872795
Euroley	5825668	146.3145358	-34.7045246
Talisoy	3283278	122.2846574	14.6768013
Swisher	128467	-91.6904180	41.8430628
Bürglen (TG)	1684512	9.1501661	47.5523539
Synivci	3167481	25.9785122	49.8536801
Kuropas	4080252	17.5577289	50.4829378
Ventura	128363	-93.4628394	43.1299905
Premont	6587502	-98.1236790	27.3554849
Woesten	2241319	2.7887585	50.9035512
Formoso	130096	-97.9938427	39.7800360
Moczary	6326972	22.6731368	49.3826073
Luzerne	128590	-92.1793021	41.9067953
Kentlyn	5517392	150.8618881	-34.0617438
Oued Sly	4546198	1.2264166	36.0818713
Oliszki	7095343	23.0413148	53.1218600
Przyborów	6109461	16.4655275	51.4358316
Orzeszków	6109459	16.5026915	51.4043919
Głuchowice	5967258	16.1413898	51.2878602
Mansour	2964828	44.3528939	33.3161723
Voslapp	5657959	8.1063875	53.5834977
Shessiv	4166157	-9.0880584	52.9222860
Mansour	5265355	-48.3358559	-18.9307091
Dunelty	5640287	-6.6345081	53.9795639
Newfort	2672018	-6.3993659	52.4270963
Brestov	2322530	21.8910230	48.9735622
Toomore	5651414	-9.0713754	53.9490261
Moylish	6017808	-8.6491930	52.6771723
Moyoran	4661114	-8.1075688	54.0166554
Shessiv	6161763	-9.1808307	52.7012179
Vietzen	5299135	11.3979089	52.7058107
Timoney	5336946	-7.7281049	52.9139605
La Cerámica	6004048	-60.7443360	-32.8865015
Quintas	1757093	-35.2314476	-5.7977101
Moruroa	6065885	-138.9077185	-21.8356665
Brestov	2320085	21.3463570	48.8728979
Spittle	5944446	-8.3305677	52.3812645
Cowwarr	2609619	146.7478286	-38.0548500
Sládkovičovo	2205520	17.6284005	48.2036148
Lowther	6074571	150.1156929	-33.6212891
Spittle	5947628	-8.4060041	52.3163265
Forster	6059034	152.5436400	-32.2338183
Toomore	4745109	-8.0772075	53.8733776
Restorf	5623649	11.4456249	53.0432740
Tintore	4541290	-7.4747963	52.8759514
Lowesby	6666232	-0.9284716	52.6666769
Cropton	7833317	-0.8256253	54.3054229
Bruskey	3824366	-7.4111340	53.8865433
Tumpher	5401458	-6.7001177	54.5598422
Shipton	6102741	-1.9296098	51.8664840
Raywood	3089908	144.1812534	-36.5185400
Fintown	5552904	-8.1140743	54.8730583
Dunster	2684983	-3.4583898	51.1801612
Perknov	432280	15.5471250	49.6233164
Volanov	428676	15.8696428	50.5621387
Vyšehořovice	433553	14.7723969	50.1162283
Kvasiny	428173	16.2680738	50.2110411
Petlery	424806	13.1562020	50.4157648
Horní Dušnice	426685	15.5017291	50.7028163
Tinvaun	5253261	-7.2533674	52.5084427
Stokaun	5622595	-8.1190507	52.5061362
Miesitz	3013536	11.8366329	50.7414305
Radim u Jičína	431844	15.4264682	50.4591886
Simtany	426099	15.6711383	49.6071632
Veletov	435207	15.3045280	50.0310868
Borovno	431671	13.6994937	49.6199765
Komorno	424891	13.5229669	49.5690762
Podluhy	425822	13.9086662	49.8143715
Horní Jirčany	433519	14.5409327	49.9515197
Friston	4755495	1.5464480	52.1790365
Smilkov	434897	14.6113411	49.5967463
Shipton	7077352	-2.6454119	52.5272042
Wressle	572509	-0.8975064	53.7703222
Stondon	4071170	-0.3133748	51.9967278
Boltown	4633069	-6.9821644	53.7094530
Toomore	4713469	-8.1674742	53.9372624
Segully	4613239	-7.4667550	54.5852367
Turreen	2459514	-7.9561707	53.6376469
Sallows	5616686	-8.1973641	54.7198706
Novally	4317359	-6.2880868	55.2024967
Lattery	5328348	-6.4998120	54.3131362
Mara Mah.	5892038	38.2728332	37.7552902
Frosses	4265337	-6.3408213	54.9768738
Forster	6695012	139.5604593	-34.7326746
Currogs	2633535	-7.4996240	54.2543025
Forrest	2732598	143.7037399	-38.5118950
Trenayr	6070193	152.9594314	-29.6135085
Rantoul	130256	-95.1010691	38.5487936
Hornsby	197182	-88.8317036	35.2319970
Talczyn	7816114	22.3990623	51.6917133
Rantzau	444189	9.8292626	53.7832905
Przyborów	3814942	21.4745198	50.9266485
Marywil	3440598	20.8490550	51.2592872
Stovall	179021	-78.5692910	36.4470509
Cieszyn	7091112	23.4588784	50.8129296
Przyborów	5813533	19.4022447	49.6138549
O'Connor	5372009	149.1147667	-35.2562400
Forrest	6830641	149.1249030	-35.3170101
Buszyce	5577506	17.6243229	50.7763637
Testelt	4494839	4.9484706	51.0192772
Paszowa	6949736	22.4331801	49.5330270
Buszyce	4105155	20.4294943	52.1317406
Czesławice	7741177	22.2629207	51.3052697
Ray City	119542	-83.1972180	31.0753725
Topolin	4017577	20.7473484	52.2435371
Stelzen	3515805	11.9442958	50.4850477
Klasak Mały	3695206	18.3510903	51.1804965
Shyroke	4722130	39.5852365	48.3092695
Tripiti	2766869	24.5399018	40.6236907
Vrboets	4859708	21.2959684	41.3382002
Prester	6634308	11.6750927	52.1089733
La Cerámica	4681258	-60.7046369	-32.8887202
Tri-Hill	4027188	-76.7085543	39.9422901
Tokorcs	3847208	17.1004504	47.2707577
Jaunpur	3555942	77.1547556	28.4661969
Moutier	2526093	7.3659793	47.2775092
Formoso	314586	-46.2337677	-15.0729389
Przyborów	6079113	20.6612358	50.0378689
Zastler	74032	7.9995537	47.9097818
Kelluyo	1907884	-69.2047418	-16.7183523
Pilcuyo	1907886	-69.5168041	-16.0901940
Krobitz	3010212	11.6980792	50.7090946
Viršuliškiai	6741505	24.8757988	54.9252012
Comuna 11	4240316	-58.5007425	-34.6030112
