Abruzzo	53937	13.8539081	42.2888549
Vervins	153712	3.9267858	49.8370238
Irkutsk	1430614	104.3293641	52.3132775
Avroult	1122561	2.1481901	50.6308668
Fosseux	2804771	2.5672206	50.2516782
Erquery	456985	2.4591791	49.4112064
Nantoux	129331	4.7616941	47.0344239
Yquelon	1016039	-1.5507570	48.8439483
Bruzolo	44290	7.2006831	45.1591378
Gouvets	532000	-1.0960315	48.9252432
Mutigny	2651295	4.0196791	49.0772529
Somsois	2599990	4.4895484	48.5985326
Brussey	557463	5.8095409	47.3077098
Vernioz	168926	4.9045814	45.4347938
Punerot	935191	5.8113873	48.4765236
Muzeray	2980637	5.6226895	49.3385161
Vierzon	191434	2.0837228	47.2349737
Vauvert	382578	4.3105526	43.6260120
Thurins	252592	4.6306274	45.6809008
Poiseux	160883	3.2391075	47.1251722
Nettuno	41312	12.6959241	41.4739847
Quinson	422656	6.0194630	43.7045422
Pastriz	342776	-0.7820305	41.6082289
Orvault	60972	-1.6248855	47.2743550
Santoyo	343915	-4.3437250	42.2172671
Sozzago	44850	8.7236171	45.3947015
La Flachère	214558	5.9621467	45.3995236
Szakoly	1447649	21.9103065	47.7661456
Warlitz	1451538	11.1343302	53.3678650
Rosenow	1427690	13.0099054	53.6105320
Simunul	3811048	119.7984394	4.8368212
Bornuur	7302467	106.2611685	48.4507513
Totutla	6037853	-96.9398052	19.2323231
Tornolo	43151	9.4976763	44.4460050
Trittau	419144	10.4229101	53.6155146
Nimritz	2179199	11.6589340	50.6908455
Sokolov	439509	12.6874685	50.1670479
Potyond	1483301	17.1750998	47.5404422
Ruovesi	1670949	24.0497447	61.9848763
Stinatz	109784	16.1196691	47.2110119
Verzino	39874	16.8466065	39.3050995
Maizuru	1547364	135.5029164	35.7321105
gmina Łęczyce	1582824	17.9282278	54.5873647
Gurkovo	1930837	25.7650289	42.6805897
Shumshu	2795087	156.3504201	50.7485894
Körösszegapáti	1444154	21.5743436	47.0676318
Sosnove	4559321	27.0010412	50.8228579
Büchenbach	158250	11.0323285	49.2645759
Vervins	1665594	3.9007109	49.8389491
Tychowo	3008996	16.2609909	53.9281497
Zumikon	1682247	8.6258277	47.3360438
Tigzirt	4285531	4.1445932	36.8620128
Mouquim	3954729	-8.5183471	41.4382213
Bucyrus	182583	-82.9692749	40.8072510
Hạ Long City	7133707	107.1896430	20.8787306
Großgörschen	2405638	12.1790085	51.2151965
Itakyry	6552048	-55.1856577	-24.8568411
Goronyo	3707475	5.7047361	13.4079480
Gorzewo	5410035	19.5227164	52.4718839
Pszenno	6054883	16.5541947	50.8542375
Podłaziska	3804773	21.1440989	51.0798646
Vodní nádrž Rozkoš	6818279	16.0713486	50.3734946
Vähä-Heinonen	7293135	24.5644331	63.5850767
Ruovesi	1701969	24.1202183	62.0063259
KARTALTEPE	7786486	28.8044660	41.0007753
Hunkuyi	3709459	7.6512073	11.2677501
Yingxiu	2166924	103.4441238	31.0572837
Sunikot	5900617	81.2258158	29.6098857
Spy Pond	1284015	-71.1511944	42.4075771
Overton	3815554	-1.2585616	51.2411254
Makruty	6924689	20.2730238	53.6813719
Futrono	1785847	-72.1774111	-40.1257625
Leytron	1685330	7.1340271	46.2068243
Sowlany	7098654	23.2523259	53.1511032
Jorwert	2656485	5.7046841	53.1451089
Gut Moor	299481	10.0138380	53.4427582
Sisters	186776	-121.5468168	44.2903039
Paso Sur	6305872	-75.3389800	-50.3581046
Baía do Baba	2703578	12.2436030	-14.8279128
Pesotum	126124	-88.2719513	39.9128429
Guaíba Lake	87400	-51.2583049	-30.1926114
Sankury	6807585	23.3519073	54.2308699
Westley	4640275	-121.2101290	37.5504905
Kownaty	7086403	22.2284205	53.2481820
Mniszew	3349847	21.2878938	51.8425726
Mulungu	301327	-35.4430893	-7.0005398
Horní Počaply	442356	14.3984734	50.4160740
Curtiss	251855	-90.4344519	44.9515520
Lusungo	7269512	33.9574489	-9.5054410
Mulungu	6212543	-35.4430893	-7.0005398
Kunsu küla	352457	24.4569277	58.8533356
Mulungu	6199351	-36.5486363	-8.4495885
Vydrany	2206727	17.6291935	48.0488614
Dlhá nad Váhom	2210557	17.8610863	48.1817061
만촌3동 (Manchon 3-dong)	3960960	128.6506267	35.8501730
Rummu küla	351373	25.3044517	59.4519448
Rummu küla	353455	23.7219187	58.9108680
Dolné Orešany	2203988	17.3985790	48.4447097
Jaci Paraná	7567292	-64.5414656	-9.4645550
Bottovo	2274813	20.1476196	48.3208621
Teltown	6964649	-6.8028267	53.7216731
Rossroe	6800550	-8.7926420	52.7664815
Ryokuen	3857598	139.5242412	35.4418483
Mikołajewo	6814726	23.1428740	54.0588307
Korytki	6805562	22.7764641	53.9345601
Dolní Řasnice	439059	15.1724976	50.9475890
Tudoriv	3167579	25.7848138	49.1155657
Overton	6603657	-94.9704914	32.2736395
Voikovo	2865047	36.4320761	45.3844239
Grzymki	7071309	22.2661026	53.3863637
Vierzon	1687517	2.3469981	47.3338208
Roundup	142363	-108.5397286	46.4483455
Ten Post	163034	6.7422615	53.2915593
Jarnuty	7086979	22.3652563	53.2466041
Pereryv	3688695	25.1239576	48.5060950
Kustova	1981655	55.4145717	57.1271200
Sushevo	6878347	22.6240913	41.5326598
Sushevo	6829724	21.7692975	42.2508847
Sushevo	6791466	22.1300519	41.7555584
Sirkovo	6825926	21.8885702	41.5017316
Whitton	5825184	146.1539488	-34.5337391
Trimont	137133	-94.7121364	43.7610510
Korytki	7087510	22.2333097	53.2918479
Trubnyi	2910696	38.7591367	48.1621623
Jarnuty	7083422	21.9946675	53.1559716
Bucyrus	181566	-102.7883398	46.0659479
de Woude	1373048	4.7655626	52.5477426
Toukley	6036127	151.5510187	-33.2580897
Sokolov	424463	12.6480032	50.1782092
Kyselov	431076	14.0308491	48.6913175
Teltown	4680265	-6.7792984	53.7042084
Slussen	3050091	13.0172589	55.6072556
Rossroe	3340446	-9.6068009	53.2869413
Drummoy	5659164	-7.3944159	54.1169469
Sotunki	5493086	25.1591336	60.2934248
Rossroe	5357478	-7.0580940	52.5226940
Dunturk	4635785	-5.9189537	54.3270594
Bottovo	2274597	20.1476196	48.3208621
Korunye	6599612	138.5206858	-34.5157286
Taynton	4230942	-1.6634899	51.8311121
Roxwell	3180634	0.3761769	51.7492223
Săo Gerardo	5522195	-38.5567550	-3.7305404
Skeyton	1022447	1.3262881	52.7857488
Dolné Orešany	2203930	17.3985790	48.4447097
Spaxton	2704548	-3.1074567	51.1214478
Lossets	5660355	-6.7695962	53.9853801
Moydrum	4241014	-7.0869280	53.4312025
Dlhá nad Váhom	2210538	17.8610863	48.1817061
Taynton	5984884	-2.3918682	51.8961380
Dolní Řasnice	426767	15.1724976	50.9475890
Zeutern	4676436	8.6889750	49.1825203
Westley	4512639	0.6632680	52.2488692
Whitton	4663255	1.1334801	52.0911769
Croxton	1022512	0.7723304	52.4550588
Výškov u Počerad	425204	13.6740033	50.3973956
Horní Počaply	425928	14.3984734	50.4160740
Lomnitz	7466075	13.8993720	51.1888249
Vratkov	429769	15.7065972	49.7907582
Hodoňovice	432929	18.3517415	49.6290652
Újezd u Manětína	425026	13.1875215	50.0041132
Sklenařice	433724	15.3929827	50.7112881
Moydrum	4185008	-7.8522757	53.4270632
Moydrum	4185009	-7.8744830	53.4224767
Klokoty	432761	14.6259832	49.4237117
Tilston	1539661	-2.8046304	53.0528947
Whitton	7063600	-2.6324081	52.3554098
Munsley	6300459	-2.4937172	52.0655031
Marstow	6258921	-2.6459913	51.8876165
Roymore	4610851	-8.8926080	53.2083510
Rivière Salée	1526827	166.4649019	-22.2341397
Druzcov	431169	14.9150262	50.7212150
Wentnor	6841284	-2.8982110	52.5386992
Vydrany	2206694	17.6291935	48.0488614
Pottore	5523172	-7.8777469	54.0965248
Drumrot	4847180	-6.6844792	54.6699546
Stuthof	288482	12.1554742	54.1695155
Świnna Poręba	3536301	19.5197028	49.8302206
Kurmaičiai	7295178	21.2650505	55.9292581
Funston	119873	-83.8777967	31.1992844
Sosnove	3586649	37.5538260	49.0728884
Trittau	454253	10.4096391	53.6160416
Zrecze Małe	6371349	20.7804847	50.6104446
Goronyo	3707373	5.7675411	13.3498618
Lushton	169711	-97.7237128	40.7239820
Outlook	142556	-104.7850742	48.8888105
Torrens	6830808	149.0871632	-35.3711849
Overton	169272	-99.5384501	40.7410335
Saussey	1107422	-1.4246124	49.0120572
Mulungu	302480	-38.9912955	-4.2935001
Dapkiškiai	6693729	22.2311866	55.2812162
Supeyre	4002339	4.6247913	44.8101685
Cà Bernardi	2291318	9.5648855	45.8100068
Gandrachão	6013727	-8.5235007	41.9815520
Gandrachão	6595351	-8.7053477	41.8867002
Zawisze	3525968	15.3197831	52.1582516
Nonfoux	1494027	6.6551506	46.7172806
Saussey	131765	4.6081651	47.0628958
Nowy Las	3963397	17.4311145	50.3547751
Vieritz	1269701	12.2542869	52.5353063
ež. Lakajas	2189935	25.7845941	55.1439538
Shunqui	1954571	-76.8118345	-9.7504258
Bałędź / Balandis ež.	3412251	23.5100208	54.0956048
Zhurong	6426611	112.7242983	27.2476462
ež. Greiželis	3413459	24.7342592	54.4339345
Zdziary	2195541	22.2737490	50.5666473
