Illinois	122586	-89.4513218	39.7387829
Beugneux	410430	3.4119770	49.2242048
Honfleur	126415	0.2357654	49.4085824
Artonges	2952540	3.5441031	48.9275394
Schwerin	62685	11.4300015	53.6158566
Oye-Plage	177921	2.0423704	50.9809170
Léaupartie	185241	0.0561040	49.1798555
Landshut	62484	12.2004485	48.5513161
Courbépine	557841	0.5640246	49.1297998
Hoymille	139256	2.4533464	50.9743615
Martagny	3159823	1.6568472	49.3966161
Rainsars	55461	3.9988998	50.0709278
Vatilieu	189450	5.4159799	45.2595767
Ménessaire	131862	4.1508899	47.1323469
Corsaint	143124	4.1939602	47.5516613
Chambain	149714	4.9202672	47.7958320
Serpaize	169860	4.9236417	45.5581268
Ognolles	1547285	2.9119983	49.6898933
Couville	1066473	-1.6824066	49.5609905
Salonnes	2050519	6.4922523	48.7880371
Ginestet	145322	0.4338208	44.9065407
Captieux	74516	-0.2854814	44.2627889
Contoire	3359872	2.5540724	49.7239132
Quincieu	919703	5.3910108	45.2772165
Issiglio	45013	7.7398601	45.4487630
Mirepeix	2077145	-0.2520579	43.1951480
Vieilley	453035	6.0897100	47.3365016
Louchats	963198	-0.5714869	44.5101394
Gevresin	453029	6.0501300	46.9638798
Annepont	154611	-0.6068709	45.8447433
Lectoure	127532	0.6424230	43.9442416
Dontrien	1779690	4.4281852	49.2469683
Wimmenau	1127370	7.4264454	48.9243085
Walbourg	91927	7.7827893	48.8847124
Froville	113089	6.3600451	48.4678655
Marbache	113091	6.0888683	48.7907849
Angomont	1707855	6.9757869	48.5045404
Mignéville	2962363	6.7851196	48.5330799
Preigney	1225358	5.7782878	47.7626178
Ormenans	937388	6.2122601	47.4583530
Curbigny	3337358	4.3189951	46.3118193
Lascazères	2432314	-0.0304421	43.4951722
Lournand	1197965	4.6485053	46.4664935
Brouains	1013987	-0.9683275	48.7225385
Puginier	1213586	1.9253508	43.3809627
Foulenay	147959	5.4877109	46.8615938
Rouvenac	2354109	2.1482607	42.9345523
Vinassan	302229	3.0975892	43.2057919
Essegney	150961	6.3221217	48.3795585
Climbach	1140988	7.8520035	49.0131855
Darvault	216517	2.7320410	48.2756380
Huningue	85247	7.5802750	47.5881836
Ceintrey	2959278	6.1657583	48.5275927
Esquièze-Sère	2330126	-0.0062991	42.8807780
Vernante	42953	7.5081200	44.2100745
Fontenet	154587	-0.4657150	45.9073944
Glandage	63779	5.6143574	44.6972670
Monesple	1996977	1.4790617	43.0949448
Arcambal	121779	1.5425285	44.4556468
Devesset	1828371	4.3770399	45.0707245
Saint-Héand	944964	4.3823557	45.5318031
Hombourg	69273	7.4932101	47.7568236
Loperhet	446210	-4.3106294	48.3777840
Harspelt	1113756	6.1672226	50.1357959
Mulsanne	107486	0.2461811	47.9189782
Mogarraz	344496	-6.0579605	40.5006781
Morannes	167638	-0.4004530	47.7323428
Tourliac	3235943	0.8092688	44.6849612
Longeaux	2991086	5.3276956	48.6406687
Rieussec	135755	2.7331435	43.4185190
Alconada	345550	-5.3774686	40.9126766
Vautebis	422253	-0.1477177	46.5322491
Pompiano	44932	10.0008047	45.4191499
Montapas	1116314	3.5860147	47.0815747
Saint-Jal	121641	1.6487825	45.3945869
Matutina	315437	-46.0505329	-19.1814794
Bosroger	118202	2.2491300	46.0045227
Arbourse	156810	3.2240280	47.2480584
L'Île-Rousse	1928202	8.9354555	42.6308138
Inverigo	45865	9.2177786	45.7364758
Aslonnes	168632	0.3213299	46.4521126
Garbagna	43597	8.9916239	44.7767100
Matinhos	297610	-48.5546952	-25.7765001
Liouguei	2120043	120.6481007	23.0027256
Geneston	78038	-1.5161850	47.0580929
Bagheria	39531	13.4980604	38.0773947
Cambiago	45342	9.4235989	45.5718497
Chianche	41029	14.7914256	41.0395708
Canilhac	283809	3.1538099	44.4268079
Sycamore	126261	-88.6770716	41.9976530
Canistro	41650	13.3920850	41.9326793
Ramhusen	935360	9.0869582	53.9406865
Sajómercse	1428547	20.4186819	48.2452928
Perville	136431	0.8796301	44.1787559
Sarrians	184021	4.9530278	44.1021106
Montejícar	346185	-3.5041906	37.5625152
Baranyahídvég	575360	18.0182229	45.8438612
Tomazina	297669	-49.9322137	-23.7208183
Porecatu	297721	-51.4154108	-22.7450000
Szaporca	575383	18.1043210	45.7947912
Stignano	39616	16.4820121	38.3975378
Mosbruch	1075135	6.9348851	50.2622332
Höchstberg	1075145	7.0119694	50.2338318
Castellolí	344378	1.7064149	41.5951004
Sponheim	1244218	7.7167899	49.8514705
Juprelle	2387591	5.5567538	50.7139589
Sevenans	118104	6.8682385	47.5895794
Mallabia	339951	-2.5335624	43.2054565
Wackerow	954993	13.2838977	54.1185808
Sudslava	440531	16.2878826	50.0398840
Appleton	251447	-88.3792226	44.2894304
Garwolin	3003059	21.6210647	51.8958047
Garwolin	3003174	21.6210647	51.8958047
Torgiano	42280	12.4540562	43.0431263
Miazzina	46636	8.5172740	46.0176449
Cossoine	40503	8.6979382	40.4419343
Peshkopi	1249558	20.4312766	41.6837478
Milpitas	112134	-121.8852523	37.4313590
Tubutama	5606556	-111.3540735	30.9389517
Cocotitlán	5605677	-98.8598667	19.2276568
Sadr City	3382074	44.4917847	33.3519460
Derepazarı	1838677	40.4335275	40.9963039
Yumurtalık	1249259	35.7071753	36.5852410
İskenderun	1240891	36.2654181	36.6215136
Nagykorpád	1368082	17.4775508	46.2673320
Le Sap-André	391722	0.3910350	48.8310486
Daly City	112271	-122.4833735	37.6788215
Messancy	2347279	5.8037114	49.6160010
Malomsok	1078475	17.4047074	47.4517673
Perafort	340532	1.2477072	41.1852533
Nagykölked	1131473	16.5494795	47.0804067
Gerbrunn	163738	9.9945236	49.7807947
Rombiolo	39663	15.9901591	38.6054999
Soulages	1848748	3.2580222	45.0897313
Crespino	43911	11.8851508	45.0019047
Halblech	448296	10.8669116	47.6005782
Takapoto	6062934	-145.2453903	-14.6318363
Lutheran	449900	12.0003036	53.4582614
Rechytsa	5598659	30.3875468	52.3610647
Mirošovice	437901	14.7114460	49.9129373
Cacimbas	301461	-37.0997991	-7.2056359
Le Tartre	2238360	5.3509164	46.7431966
Konojedy	437953	14.8491202	49.9515648
Paulista	303755	-34.8431789	-7.9107463
Fakahina	6063100	-140.1307826	-15.9862400
Paracuru	302512	-39.0282761	-3.4768250
Stattegg	34841	15.4379364	47.1614033
Störnstein	1059458	12.2092174	49.7407464
Edealina	334477	-49.7015350	-17.4048373
Wyrzysk	2718412	17.2670131	53.1520066
Orlovice	440833	17.0932068	49.2371014
Komárovice	442141	15.7105434	49.0630629
Ostrovánky	441113	17.0812570	49.0391167
Panjwayi	6588367	65.1347112	31.1423723
Rosamond	5608123	-118.2157748	34.8715109
Oiapoque	331471	-51.7754871	3.1886424
Cotronei	39828	16.7169170	39.1715640
Pingquan	2144973	118.6594534	41.0215780
Kalivody	440876	13.8259899	50.2072869
Gonzales	6586489	-97.4446037	29.5040755
Le Pertre	339384	-1.0585026	48.0341600
Neukyhna	444741	12.2426106	51.5258966
Tupirama	336801	-48.2804693	-8.9366047
Serra Riccò	43251	8.9561730	44.5127986
La Quinte	107665	0.0371193	48.0510422
Arholzen	2011073	9.5650201	51.8630582
La Charce	72963	5.4441272	44.4699399
Shimanto	4033444	132.8445043	33.0856530
Fukuyama	4090603	133.3311103	34.4722815
Nglindur	5615740	110.7624916	-8.1340617
Kizugawa	358625	135.8542848	34.7545514
Østre Toten	412419	10.9094199	60.6228265
Wijirejo	5615729	110.2923889	-7.9031126
Krødsherad	412361	9.6715141	60.1924956
Triharjo	5615372	110.2821120	-7.9269409
Triharjo	5615239	110.1377080	-7.8825220
Triharjo	5615248	110.3451730	-7.6912963
gmina Bytoń	2635570	18.6119850	52.5578477
caïdat de M’Haya	4819078	-5.2630867	34.0029112
Kecskeméti járás	2374286	19.6336496	46.9023088
Kawamoto	4088079	132.4541320	34.9997004
Shimanto	4034459	133.4102907	33.1225320
gmina Żołynia	2975920	22.3230445	50.1601737
Fukusaki	900275	134.7395761	34.9687485
Pocinhos	301325	-36.0794388	-7.0554715
Leuzigen	1682533	7.4712344	47.1705766
Irshansk	3882302	28.7120737	50.7506308
Ohlstadt	939363	11.2330454	47.6282735
Reutigen	1682619	7.6047325	46.6936444
Alcanena	5400340	-8.6823433	39.4806183
La Vernaz	107163	6.5996348	46.3068234
Le Sappey	75193	6.1616866	46.0888207
Wimsheim	307899	8.8147609	48.8550657
Prezelle	1829046	11.3822404	52.9536943
Savennes	120495	1.8855037	46.1103845
Sherborn	1863554	-71.3720287	42.2319312
Pagedale	140348	-90.3060975	38.6802890
Besenbüren	1684269	8.3440978	47.3121348
Chabařovice	440171	13.9375746	50.6654087
Wojnachy	6836960	23.5041375	53.3823204
Stara Sil	4250170	22.9670262	49.4889755
Hahajima	5378190	142.1560334	26.6609404
Movelier	1685619	7.3309090	47.4106623
Kuriyama	4085357	141.8602992	43.0162259
Loureira	4161491	-8.4277865	41.6312243
Sycamore	130372	-85.5610444	38.2467715
Mayville	181720	-97.3217529	47.4979789
Madalena	7382438	-28.4763955	38.4865259
San Telmo	2223069	-58.3715672	-34.6224822
Oerlikon	1702265	8.5456098	47.4081335
Hilongos	5426226	124.7326279	10.3988459
São Nicolau	242772	-55.2352305	-28.1900999
Entrín Bajo	345931	-6.7023903	38.7156417
Santenay	130548	4.6939002	46.9181554
Vol'noye	3030331	34.3025785	45.5684549
Lossatal	422918	12.8228121	51.3940703
Brazhyne	3936144	38.8216363	47.9962791
Abu Hamad	3924783	32.9869274	20.0586195
Steinbui	5563332	9.6414651	61.1099856
Ghaghara	2836876	81.7983732	26.8755629
Ruramira	1715272	30.5037527	-2.0067872
Lac Edgar	1475507	-75.8138254	47.8510398
Lac Edgar	196884	-75.6177181	47.8969629
Lac Ypres	3079552	-76.9010601	47.9621296
Lac-Simon	7526846	-77.3519510	48.0599928
Lac Edgar	196817	-76.5812804	47.4680524
Bogatjørna	6188098	5.0962367	60.6211950
Buvannet	6156105	8.5378192	58.4221921
Bean Lake	2604473	-66.8094952	54.7664291
Spot Lake	2590315	-63.8479846	54.5418103
Corn Pond	1766469	-53.4074901	48.5210713
Ghaghara	3998629	84.0987592	26.0905008
Otto Lake	3938529	-81.0128430	47.7833421
Sollenau	110396	16.2431277	47.8994826
Collores	4468440	-65.8472381	18.1837247
Hedegärdesjön	2387808	12.6373792	57.5119887
Arbuvatn	5687904	7.3335081	59.7608952
Sammalus	7264940	29.1508229	61.3533512
Siikajärvi	2802485	26.6943107	61.0977955
Rauhajärvi	77341	26.9878514	61.9038623
Särkilampi	5835412	26.7770006	61.6728921
Mieczewo	6990480	16.9920491	52.2376167
Serodino	5122129	-60.9489761	-32.6077599
Rörvattnet	3913675	14.0425378	63.9574338
Storagen	2380256	14.1027579	60.1194633
Bakketjønn	5400734	8.2121525	60.0792196
Grånostjørni	4085003	7.6600933	60.9113969
Buvannet	6359615	9.3613608	59.7275315
Buvannet	6997625	9.4806855	59.6229785
Buvannet	6378980	9.8728836	59.5873202
Großer Paul	4740705	14.0069577	51.6828562
Ouriçangas	362525	-38.6648579	-12.0192784
Argozelo	5726617	-6.6086646	41.6405373
Quintela	6427347	-7.5985421	40.8564928
Cabeça Gorda	6431939	-7.8004229	37.9022096
Madalena	5991743	-8.6483855	41.1072530
Badarawa	3706972	6.5070094	13.0186599
Jeziorek	6844432	23.5680255	53.2757895
Gniewoszów	6423177	16.6005255	50.1981638
Siikajärvi	124522	24.1962657	61.8069239
Ylä-Havanka	1747768	23.5037353	62.1826076
Renkajärvi	78950	24.0906738	60.9561024
Gniewoszów	3166016	21.8030166	51.4720423
Kosmovac	7285549	22.2087218	43.1824222
Luboradz	5724986	19.2107477	52.2138906
Roggejávri	6231921	21.8417250	69.2182517
Sannajärvi	4780414	21.6133049	61.0379624
Siikajärvi	7282952	23.9642537	64.1802891
Salmento	7688838	27.3300325	60.6912382
Siikajärvi	298735	24.5184358	60.2815585
Roggejávri	5354109	28.5616992	70.0615263
Roggejávri	5359306	29.0009847	70.0272171
Buvannet	4028984	7.9488069	58.0937845
Roggejávri	7216638	23.5497465	69.6753139
Roggejávri	7242894	23.8275250	69.1746382
Gastejávri	7255864	24.7040531	68.9771600
Roggejávri	7205511	23.2275139	69.4766977
Gembloux	2313628	4.6902766	50.5538996
Collores	4468578	-65.8170501	18.1721331
Collores	4468594	-66.6253438	18.1921414
Collores	4468201	-66.5438414	18.1161659
Collores	4468591	-66.4868736	18.2434125
Collores	4467724	-66.8865279	18.0879024
Brampton	2407358	-79.7437364	43.7247372
Kwarkiya	3710640	8.6246949	12.2387955
Yangayya	3711856	7.3729893	13.0436227
Hynes Bay	7105934	-96.8143325	28.3987333
Ucluelet	7845720	-125.5572612	48.9410241
Gonzales	112329	-121.4408557	36.5080185
Pony Lake	899483	-95.0271577	47.6012986
Pony Lake	3887888	-83.7903814	47.6041096
Syko Lake	3605081	-82.2041719	47.2344299
Turk Lake	7502295	-85.2534089	43.2686969
Simiatug	3728261	-78.9924930	-1.2767125
Bean Lake	122250	-90.2419866	48.0287393
Murr Lake	3956547	-81.7857299	48.1485227
Macacona	5721061	-84.6073272	10.0156895
Prasauni	6649887	84.9216779	27.0350290
Tetariya	6661183	85.1105386	27.0532072
Chandika	5951137	81.2292929	29.1840777
Beldandi	5927494	80.2665688	28.7736978
La Salada	4653603	-75.7792128	5.6127276
Badarawa	3709392	7.4658298	10.5578949
Kwanyawa	3710639	7.8871657	11.7737721
Sare-Sare	3710714	7.9988279	12.1070331
Saurpani	6095686	84.7167284	28.1371391
Prasauni	6075540	83.9909425	27.5967226
Shingiro	1756039	29.5151780	-1.4966415
Vaiatu järv	3997684	26.6636782	58.8230173
Rockwell	2980092	-93.1331531	34.4633599
Lac Clara	1563789	-73.1285759	46.8864430
Lac Soûlard	1146052	-66.7493286	50.4840475
Lac Edgar	1214169	-68.3654891	49.4724922
Stop Lake	5536776	-94.4767302	50.1549449
Cobb Lake	5953643	-91.0474041	49.9595413
Adel Lake	4181618	-85.9708947	49.7640804
Spot Lake	3527340	-83.0984922	46.7483616
Spot Lake	3539880	-83.0900245	46.7507001
Bean Lake	3505636	-82.2324660	46.3122017
Acme Lake	4096250	-84.0421797	48.4486159
Acıgöl merkez	1773556	34.4734774	38.5304163
Brunello	46046	8.7945897	45.7659965
Moor Loch	2446724	-3.6984745	56.0757394
Tetariya	7456409	87.3456561	26.5696199
Rami Dada	4828106	82.2344697	28.9105598
Badagaun	5851105	82.2427937	28.5418630
Tankhuwa	6678243	87.3890591	27.0005620
Gangouyi	6776075	105.0204537	35.9293005
Yefushan	7534589	117.3686708	31.3274295
Natharpu	4649560	81.9308598	29.6463713
Badagaun	5756323	83.2813824	28.1392226
Okharkot	5868138	82.9736781	28.1396856
Risipeni	1772685	27.4442469	48.0799078
Risipeni	1692450	27.6490394	47.4708381
La Sabana	1595527	-59.9378839	-27.8713575
Slobozia	1706631	29.7360968	46.4966211
Iso-Panka	1954129	26.9566013	63.1689860
Río Uruguay	1101792	-53.6304607	-27.2131807
Río Uruguay	408383	-58.1596779	-32.5948567
Rio Bueno	5181276	-65.7774113	-54.6644482
Turk Lake	6621016	-95.4450924	50.5668184
Schwarza	2828445	10.5320024	50.6168131
Šveicarija	6606312	24.2591143	55.0459427
Peshtigo	251633	-87.7470484	45.0557499
Zerouala	6662019	-0.4501742	35.2429854
Cái Bè District	7155669	105.9481196	10.4047110
Vlkovice	438942	12.7421945	49.9481726
Sea Point	2034686	18.3907326	-33.9174574
Shiprock	171179	-108.6997609	36.7919600
Diphoorn	1380590	6.8236846	52.7716246
El Portal	1217274	-80.1953948	25.8548827
Poço Dantas	301287	-38.5423687	-6.3887287
São Nicolau	6520079	-9.1375533	38.7091734
New Roads	132169	-91.4520820	30.6937059
Elliðavatn	37643	-21.7843082	64.0859679
Madalena	6520052	-9.1354103	38.7094834
Mayville	251685	-88.5523499	43.4971785
Steensel	192515	5.3651174	51.3755885
Käpälienlahti	7258094	28.9943559	61.3070912
Kolviken	7226403	18.4817505	59.4267842
Kalavros	541115	26.9305390	37.0329052
Bråtholmen	3228192	16.8204332	58.3309990
Gull Rock	3998453	-7.7545715	54.4622773
Isla Zárate	3477586	-58.4666991	-34.3520511
Marsholm	6990447	14.1662015	56.6857651
Isla Luchín	6377992	-73.4188612	-45.0619042
Ko Tao Bun	5764038	99.6644071	9.5509600
Wypnicha	7795294	22.3568671	51.4865086
Sycamore	194011	-81.2223006	33.0362935
Appleton	137666	-96.0184380	45.1974124
São Nicolau	6929737	-24.0883605	16.5801060
Dornburg	324302	8.0155089	50.5133974
St. Marks	1216823	-84.2062668	30.1678144
Rykantai	3695358	24.9815149	54.7135137
Paulista	301354	-37.6322334	-6.6157321
Warnford	3323534	-1.1291965	51.0097253
Mayville	175914	-79.5036367	42.2500855
Gonzales	132130	-90.9252050	30.2177670
Boarhunt	1583898	-1.1383175	50.8809599
Huizinge	2473592	6.6693130	53.3490763
Krasijiv	3167103	25.0337469	49.0702913
Amritsar	1948548	74.9812719	31.5681790
Overslag	149824	3.9096730	51.2179554
Gaasbeek	4111618	4.1929268	50.7983233
Smerdyna	6527467	21.3320773	50.5917798
Rockmart	119635	-85.0304558	34.0107040
Grovelas	5639862	-8.4425647	41.7525621
Falenica	6559913	21.2119737	52.1583920
Comstock	137242	-96.7466387	46.6594315
Fallston	133596	-76.4220797	39.5348046
Chorzewa	6151471	20.2400050	50.6944834
Husari küla	354174	27.1632527	57.8462589
Soomõoru küla	353847	26.9459678	57.7013954
Liguri küla	351725	26.7942956	57.5948320
Aruvälja küla	353098	26.9792515	59.2927417
Aruvälja küla	353372	24.1570773	58.4294978
Hõbesalu küla	354588	23.6687661	58.5357240
Schwerin	84262	13.8680770	52.1907583
Kleutsch	2297366	12.3035743	51.7947317
Monte Rei	6119993	-44.2667660	-14.4415001
Pocinhos	6232185	-36.0534972	-7.0413693
Ibiajara	4730964	-42.1104554	-13.1393630
Cacimbas	6229183	-37.0997991	-7.2056359
Päigiste küla	355384	25.3563019	58.1563154
Saukse küla	350733	26.2336333	59.3335298
Toomla küla	354028	26.4264898	59.4374915
Oiapoque	5231034	-51.6037949	3.7194294
Paasküla küla	352507	26.4478389	59.4769783
Marinu küla	355111	26.4103156	59.4746505
Kohatu küla	354245	24.2867660	58.9807767
Ertsma küla	352093	24.4612854	58.6183406
Pajusi küla	353289	25.9481001	58.7051255
Paulista	1982205	-40.8298054	-18.5913194
Ouriçangas	6270858	-38.6648579	-12.0192784
Água Quente	6148892	-41.0829212	-17.0625111
Codessos	5913215	-8.3484748	41.3283142
Szklarka	7792113	17.7104851	51.2574414
Modrovka	2190412	17.8781613	48.6452648
Pikaküla küla	353644	25.5803484	58.9603653
Melpuram	3401620	77.2537973	8.4369229
Kabala küla	352952	25.6080057	58.7078584
Hunkovce	2321609	21.6533000	49.3635871
Kohatu küla	351530	24.5182754	59.1601667
Kadaja küla	355559	27.1659193	58.2364547
Leevijõe küla	355455	26.9426775	58.1510703
Vasula küla	352971	26.7205982	58.4633539
Paulista	6188345	-34.8431789	-7.9107463
Varzinha	6204793	-38.1773828	-8.0038837
Paulista	6226041	-37.6831470	-6.6180105
Vaiste küla	353921	23.8664794	58.3629564
Morillas	7412050	-2.9070722	42.8281870
Orjaku küla	351143	22.7861139	58.7877619
Cordieux	6801706	5.0253724	45.9183396
Negotino	6793092	22.0902256	41.4959942
Euxenita	6135880	-42.9820462	-18.5115000
Santelmo	3011427	-48.8958352	-22.1980000
Jakovany	2277143	21.0721454	49.1582857
Caheragh	6876627	-9.3544996	51.6290723
Madalena	5830080	-8.0669188	41.2701116
Ovendorf	7831312	10.8103727	53.9431872
Poço Dantas	6221994	-38.5423687	-6.3887287
São Nicolau	5936096	-8.6144066	41.1410134
Madalena	6483064	-8.4444119	39.5722054
São Nicolau	6482783	-8.7141876	39.2283291
Alcanena	6457908	-8.6730199	39.4586975
Madalena	5928422	-8.3339413	41.2166077
São Nicolau	5910290	-8.1585875	41.1902241
Markušovce	2382010	20.6290312	48.9015347
Appleton	2860336	-54.8574698	48.9791582
Gembloux	3521520	4.6986933	50.5621963
Starý Tekov	2217984	18.5432159	48.2443400
Kalinovo	2273710	19.7011338	48.4045431
Gouveias	6391654	-7.1507093	40.6658326
Čierne Pole	2386582	22.0704821	48.5812197
Randküla küla	351482	22.8809098	58.6005203
Räimaste küla	355217	22.7534268	58.3283879
Bhadaiya	7616868	86.4756076	26.7631517
Kuringen	4198245	5.3045823	50.9502164
Marcinówka	7703969	16.4594902	51.5792447
Barrio 202	3952031	-58.7592673	-34.5731406
Forninho	7428209	-53.3980669	-30.3182639
Roanmore	6999787	-7.1227063	52.2531260
Tsumba küla	355397	27.4743726	57.8229700
Aruvälja küla	351593	26.4141359	59.2554685
Arless ED	4682685	-7.0181597	52.8985352
El Portal	6756967	-55.8584190	-27.4764184
Canatiba	4734258	-42.8056659	-13.1420001
Kilteely	6808181	-8.4041594	52.5130293
América Sur	4773061	-68.2317547	-38.9476072
Errill ED	4658426	-7.6834384	52.8436753
Ristiina	2522465	27.3460170	61.4809776
Västerslätt/Rödäng	52798	20.2176090	63.8462444
Muhkva küla	351546	26.2753684	57.8587899
Noorma küla	353469	26.1857701	58.2592240
Ivaste küla	351793	26.6248689	58.1454113
Kalyazin	1288144	37.8232935	57.2423672
Pumarejo	6066117	-74.8036608	10.9666195
Montmain	141036	1.2486625	49.4101493
Demorest	119881	-83.5445075	34.5649390
Shelburn	127901	-87.3939355	39.1791609
Maziarze	3783415	21.5733545	51.1938814
Đồng Phú District	7091240	107.0054153	11.4800732
Musteika	7493837	24.4663360	53.9760074
Dunreith	127340	-85.4363901	39.8026935
Damaturu	3698567	12.0460513	11.7972593
Fallston	187317	-80.3163292	40.7238170
Wytgaard	162075	5.7795113	53.1363762
Ooltewah	195857	-85.0888598	35.0720360
Metalist	3936237	38.2947480	47.8252109
Ghorynka	3166865	25.7760563	49.9887122
Cass City	135088	-83.1748445	43.5999485
Frankton	127618	-85.7677974	40.2182015
Ulicoten	2718381	4.8613362	51.4505997
Hartwell	119933	-82.9302480	34.3468619
Piraí do Sul	297820	-50.0037848	-24.4428681
Sukhodil	3167546	26.1629483	49.0435730
Olszanka	6824757	22.9444718	53.9735101
Chilmony	6832220	23.4368159	53.6825698
Bouznika	2522586	-7.1948772	33.7556015
Jasienówka	6788597	22.9808208	52.5329934
Procisne	6313319	22.6559753	49.1964859
Gudžiūnų seniūnija	3568411	23.8274548	55.5070145
Radisson	251586	-91.2184151	45.7663300
Drogowle	6363061	20.9793032	50.6874845
Madalena	4194866	-7.4564424	41.7359803
Balltown	128811	-90.8673220	42.6367214
Comstock	169751	-99.2428699	41.5571200
Sycamore	183316	-83.1715446	40.9520334
Trifaoui	5139300	7.0621988	33.4474446
Noriglio	1370826	11.0701800	45.8838899
Pruppach	7420191	11.6247013	49.5897523
Eido Novo	6589909	-8.5664486	42.0423746
Verigino	5441757	40.8307732	57.7121944
Letsivka	3653372	24.1133494	48.8272749
Kilómetro 42	4609928	-97.3899938	20.6284278
Grko Pole	6456707	20.8602058	41.2915266
Gneotino	6502456	21.4969929	40.9894225
Ljubojno	6485681	21.1294662	40.9005535
Drazhevo	6868991	22.9210546	41.3671792
Malotino	6839599	21.9290520	42.2897547
Ljuboten	6791482	22.2468555	41.6768064
Krivolak	6793095	22.1066016	41.5252223
Sladuevo	6885917	21.2068963	41.2556824
Negotino	6893317	20.9023826	41.8744342
Ljuboten	6965621	21.4702597	42.0938598
Dry Plain	6064131	148.9471409	-36.0789758
Hametown	4520335	-76.6790241	39.7984212
Burosava	7589620	32.5540555	53.3653201
Budachka	7589630	32.4432972	53.4726196
Sukhodil	3655891	24.0199329	48.7957681
Mossgiel	5737666	144.6042103	-33.2773184
Nzaikoni	5581102	37.3221218	-1.4679412
Dilpurra	5740226	143.6671375	-35.1728761
Aksayevo	3090586	46.5026580	56.2545487
Eido Novo	6589958	-8.5990104	42.0438708
Olszanka	7102105	23.4159360	52.9833972
Mayville	135084	-83.3525593	43.3367995
Olszanka	6812048	23.3982270	54.0982039
Claypool	127601	-85.8837329	41.1305050
Ackworth	128768	-93.4731544	41.3657960
Olszanka	6848115	23.2190076	53.5558409
Olszanka	6803791	23.0527065	54.2170610
Schwerin	1389623	13.6416073	52.1456557
Warblewo	6433584	17.1827482	54.4291130
Rockwell	180313	-80.4078579	35.5534565
Łosośna Wielka	6834125	23.6047162	53.4778746
Rockwell	129225	-93.1872404	42.9790601
Red River	171266	-105.3957247	36.7020649
Dornburg	3728239	11.8740442	52.0314946
Olszanka	6085416	17.4764644	50.7921000
Marcinówka	7090837	23.4101928	50.8826053
Gostomia	6624174	20.6399934	51.6200514
Oncativo	2317169	-63.6800842	-31.9156777
The Rocks	5729505	151.2085718	-33.8588133
Nunsland	5635281	-6.5946661	53.1940731
Mühlenberg	4236640	9.6890351	52.3441584
Seapoint	5441044	-6.1913893	53.4661016
Kilteely	5991699	-8.3976603	52.5182750
Sycamore	6190418	-8.5714089	52.2289494
Corlough	5479639	-7.8647369	54.0292123
Morro Estêvão	7404354	-49.3629025	-28.7348760
Killemly	5554247	-7.9050988	52.3897547
Loughaun	5554257	-7.8874777	52.3826127
Commauns	3643042	-9.2959594	53.9242594
Loughaun	5711911	-8.5370230	53.1632859
Kalinovo	2273666	19.7011326	48.4045304
Doonmore	4227223	-9.5608001	52.7288613
Scartore	5686934	-7.5686630	52.0970231
Lomcloon	3290950	-8.4689992	53.9286317
Vicmanov	436238	14.9175232	50.5870166
Monnaboy	5142298	-7.1373124	54.9964054
Brackagh	5370000	-6.9962485	54.3509584
Drumbirn	5355386	-7.0283427	54.3991997
Knoppoge	6353774	-8.4814038	52.0936776
Drumdart	5373328	-7.0056503	54.3173437
Lago Azul 1ª Seção	7037655	-44.0921442	-20.0150779
Longmore	4261973	-6.1172433	54.9454898
Killukin	4651676	-8.1135308	53.9293293
Minearny	4790853	-6.9754782	55.1215008
Seapoint	3836656	-9.1532691	53.2495829
Cappyroe	4186450	-7.3812641	53.2767057
Glasgort	6046972	-9.2661066	53.7545500
Feebrack	5628265	-8.3388537	53.1476968
Dunville	4193730	-7.1888692	53.3631265
Brackagh	4457718	-7.0339045	53.4017988
Markušovce	2381963	20.6290312	48.9015347
Hunkovce	2321529	21.6533000	49.3635871
Currahoo	5943924	-8.5818751	51.6888503
Teermore	4836373	-8.2333222	53.8597422
Knoppoge	6000833	-8.6697006	51.6908254
Lismoher	4760037	-9.1793515	53.0098484
Knoppoge	6318464	-9.2843994	52.3045110
Abetxuko	6407664	-2.6853425	42.8820059
Karthaus	5776644	6.5915291	49.7098185
Weismark	5776244	6.6373047	49.7289620
Cloneety	5741862	-7.6314149	52.0870974
Teermore	4164705	-7.5809484	53.4084843
Sroolane	6149995	-9.0933447	52.5890978
Cacimbas	6191242	-36.6643277	-9.7616284
Garrauns	4032301	-8.8158261	53.5361154
Glenquin	4784520	-9.0101875	53.0121704
Rooghaun	5265718	-8.7926907	53.1655768
Brackagh	4169759	-7.5972336	53.2407274
Loughaun	4178836	-7.5469844	53.3152820
Brackagh	4179834	-7.5409858	53.2415108
Garrauns	4033154	-8.7289298	53.5435594
Garrauns	4023372	-8.8217408	53.5396322
Windygap	5604204	-8.1587388	52.7250536
Corryena	2438852	-7.7964894	53.5962312
Brackagh	5295551	-6.4472686	54.2928876
Manister	4455254	-6.3931448	55.1529147
Loughaun	5365890	-8.0407878	52.9730380
Lotamore	5656665	-8.4106785	51.9122292
Lisawaum	5713818	-7.0601569	54.0743619
Lettreen	4872629	-8.1063833	53.7988385
Caheragh	6154171	-9.2618222	52.5770608
Umma More	3358578	-7.7081038	53.4605040
Lisneany	5289979	-6.5863626	54.4079733
Aghadark	5481535	-7.8124376	54.0521100
Dunrevan	5482456	-7.5661357	54.7143567
Drumlask	5632611	-8.0665656	54.6388495
Gonzales	3431134	-123.3283051	48.4170505
Rooghaun	6229938	-9.5343620	53.7127314
Stenkällan	3050096	13.0709852	55.5808012
Shilmore	3725482	-6.3661160	52.1840850
Caheragh	6333692	-9.4523810	52.2149311
Madalena	4275086	-34.9099012	-8.0542674
Loughaun	6136041	-8.9391802	52.5807555
Fortetna	6089966	-8.7063883	52.5883499
Glenquin	5317958	-9.0998465	52.3809802
Killimor	6145870	-9.3048886	53.5695823
The Stags	5208536	-9.2235160	51.4686054
Corlough	5626773	-7.7732753	54.1240981
Caheragh	6022037	-9.3014229	51.6355652
Gortaroe	5955881	-9.5077942	53.8103728
Brackagh	4568538	-7.6153478	54.4623023
Dabondy 2	5574445	-13.6381932	9.5655322
Yumbarra	6197315	133.5578176	-31.7185180
Willunga	7275879	138.5693788	-35.2683841
Bunalunn	6021723	-9.2640291	51.5842041
The Rocks	6058051	149.4283103	-33.4321654
Mulgrave	2406153	145.1640385	-37.9211351
Wimborne	6063890	150.6513978	-30.6881895
Dungowan	6063517	151.1527423	-31.2188101
Brackagh	4195163	-7.8186675	53.5177356
Wirrimah	6074656	148.4210061	-34.1109282
Wilcowie	6362847	138.8027106	-32.0934135
Acradina	3849910	15.2861968	37.0943687
Kilcarty	4583566	-6.6671438	53.5425608
Loughaun	5363176	-8.0923080	53.0437613
Merghiny	6217662	133.8389312	-32.1366666
Skegness	660847	0.3307707	53.1502278
Sítio Porto	4280503	-37.4436102	-10.6657268
Fermoyle	6231697	-10.2630472	51.8725460
Knoppoge	6284207	-9.6713710	52.4701558
Teermore	5960528	-8.4940621	52.3953963
Frankton	6540107	139.2049795	-34.2990129
Tirernan	4640983	-6.9835761	52.9010365
Mirošovice	432836	13.7798550	50.5019942
Brackagh	4207571	-7.2180506	53.2662646
Hartwell	66598	-0.8407462	52.1442566
Helmsley	7809464	-1.0758606	54.2920228
Ahagilla	5927030	-8.9281198	51.5860876
Aysgarth	7773809	-2.0068144	54.2869963
Burnsall	7318538	-1.9624306	54.0407173
Starý Tekov	2217876	18.5432159	48.2443400
Craywell	3240865	-6.9399936	52.4009673
Great Tew	4273092	-1.4229287	51.9557555
Halftown	5413533	-7.0736835	54.4360573
Boleylug	4521141	-6.6507606	52.9375159
Bayswell	4749491	-7.6180574	52.7736198
Rush Hall	4624982	-7.5318127	52.9594342
Brampton	1022499	1.3013952	52.7694740
Marnhull	2602737	-2.3003111	50.9682898
Trentham	2463121	144.3438056	-37.3655300
Knoppoge	6100280	-8.6071444	52.1206853
Glenquin	5761420	-9.1146749	52.3837076
Hohenbrück	3548851	13.8967589	52.0944539
Appleton	1433109	-2.5565490	53.3530661
Fotherby	1318172	-0.0309976	53.4064462
Wildmore	1404404	-0.1470972	53.0599913
Fermoyle	6179006	-10.1254699	52.2411082
Redentor	5535134	-43.3623553	-22.7508581
Gortaroe	4717686	-8.9090519	53.1800006
Beoley CP	1875141	-1.8985723	52.3367091
Brampton	4717600	-1.5214273	53.2376147
Syston CP	1407960	-0.6073181	52.9566842
Clonoura	4573209	-7.6463372	52.6420133
Carrydoo	4848947	-6.8678653	55.0671289
Brackagh	4161842	-7.6990141	53.3039912
Rockwell	5550075	-7.8966264	52.4563025
Modrovka	2190392	17.8781613	48.6452648
Wheatley	1866452	-1.1344287	51.7420974
Killimor	6185588	-8.5858031	53.3094563
Ostašovice	428705	16.1414437	50.1764797
Lysolaje	433491	14.3711712	50.1217503
Taughboy	5612403	-7.8346434	54.7501361
Drumaraw	5737078	-7.3041438	54.0522588
Fermoyle	6244667	-9.9030453	51.8878148
Chabařovice	431501	13.9422770	50.6749813
Halftown	5610701	-7.5610450	54.7812708
Szklarka	7708084	15.5459295	50.8248958
Moorneen	3410499	-10.1141509	53.5519149
Godstone	2639077	-0.0565382	51.2218629
Brackagh	4122221	-7.6169661	53.4078070
Ringmore	3554025	-3.9006901	50.3073746
1re Palma	391979	-72.8698244	18.7881654
Knoppoge	6233948	-10.0397189	51.9080630
Drumdart	2308338	-7.9239247	53.9317570
Fermoyle	6166416	-8.8902324	52.0956483
Kilrainy	4464290	-7.0031927	53.4043750
Ryelanes	2833885	-7.3361548	52.5850600
Moanfoun	5876556	-7.6311340	52.0093548
Siqueira	5522193	-38.6173115	-3.8074441
Kalivody	425041	13.8259899	50.2072869
Žandov u České Lípy	425810	14.4061297	50.7231430
Encovany	434023	14.2527504	50.5264323
Dolní Heršpice	436326	16.6148109	49.1538359
Jakovany	2277074	21.0721454	49.1582857
Mostiště u Velkého Meziříčí	429016	16.0080863	49.3833628
Knoppoge	6320442	-9.5764834	52.0767184
Vlkovice	425872	14.6435943	48.9720658
Knoppoge	6101932	-8.9285244	52.2236198
Rooghaun	6088029	-9.2202756	53.7231885
São Nicolau	6587784	-48.6954905	-26.8295578
Monte Rei	7321380	-45.5808599	-21.0834638
Taquaril	3408973	-43.8859389	-19.9176078
Orlovice	430879	17.0932068	49.2371014
Sirákovice	428740	15.5048862	49.8253327
Březová u Hořovic	425754	13.8787723	49.9095689
Komárovice	431948	17.8507941	49.4825838
Tirernan	4640998	-6.9995152	52.9017743
Ostrovánky	429052	17.0812570	49.0391167
Milíkovice	423843	13.9268504	49.2055061
Beztahov	436058	14.6066903	49.6356557
Bezděkov u Třešti	426480	15.5332280	49.2528331
Kyšice u Plzně	425659	13.4873647	49.7495219
Sudslava	428228	16.2878826	50.0398840
Čierne Pole	2386535	22.0704821	48.5812197
Killukin	5177191	-8.1742522	53.7518216
Loughkip	5632578	-7.9944492	54.6507772
Gortaroe	3554582	-9.2720868	53.5435485
Hinstock	6810032	-2.4524189	52.8419593
Aconbury	6274635	-2.7180247	51.9944333
Konojedy	429149	14.8491202	49.9515648
Brackagh	5669623	-6.7034663	54.0615975
Brackagh	5645616	-6.7949480	54.1366713
Köşk Mahallesi	5536545	32.8752889	40.0043874
Loughaun	5582781	-8.2723813	52.8651405
Hochzoll	3649726	10.9458753	48.3480014
Modreeny	5369149	-8.0672305	52.9524495
Ahagilla	6016177	-8.9634943	51.6368528
Schwerin	3772143	7.3349229	51.5427866
Pillaton	5758391	-4.2822734	50.4510790
Halftown	4206706	-6.1065592	54.7614327
Mortehoe	4640633	-4.1918554	51.1743623
Cappabeg	4475392	-7.3844601	53.1537404
Fermoyle	4565817	-7.3607232	52.8597625
Corlough	5509722	-8.0389591	54.0568999
Mullaghy	3910657	-7.6787472	54.3131615
Ackworth	7214466	-1.3152907	53.6518070
Tiroogan	2921630	-7.6558021	54.2306362
Köşk Mahallesi	3458324	35.5188229	38.7107618
Oranmore	3887912	-8.9373069	53.2623004
Brackagh	4148508	-7.3789185	53.4536566
Dolorosa	5410436	-84.0791310	9.9292164
Capanagh	4228370	-5.9812076	54.8658766
Glasgort	4617235	-6.5784481	55.0363005
Cleanagh	4581925	-7.2091154	52.9085375
Gortgole	4196951	-6.4924890	54.9005718
Moerlong	6716749	140.7054578	-37.4888485
Brackagh	4671184	-7.1474159	54.4984232
Yarragon	2661218	146.0859855	-38.1862101
Corlough	3518918	-7.3615849	54.3229285
Brackagh	5338723	-6.4195556	54.3948128
Brackagh	5011553	-6.8178216	54.7570092
Brackagh	4818382	-6.7933710	54.7047424
Tantonan	5745547	144.6313772	-35.7014852
Drumaraw	3960083	-7.7527082	54.3620088
Brackagh	3960075	-7.7392716	54.3672075
Lac-Simon	7362049	-75.0879409	45.9179077
Bachlawa	6948447	22.3364319	49.4219263
Sycamore	185361	-94.7170854	36.3914235
Madalena	7387369	-28.4797692	38.5124978
Higgston	119901	-82.4670491	32.2162725
Nowy Dęblin	5577538	21.9707230	51.5895808
Sycamore	184069	-94.9349150	35.5420075
Surkhang	5253797	84.0726679	29.0039555
Rudolfin	5755794	23.6218217	51.1147455
Le Miroir	1771407	5.3475528	46.5480525
Żelazowice	4459083	20.2147286	51.3253550
Potok Górny	7083904	22.5587662	50.3891494
Fiolhoso	2209355	-7.4924373	41.4054283
Olszanka	6737656	22.9437959	54.3544726
Fallston	178981	-81.5013629	35.4302395
Nova Roma	334446	-47.0154542	-13.7685319
Stary Zdrój	5933836	16.2732431	50.7807583
Zonnegem	3396274	3.9163011	50.9301715
Bilovezh	3605973	37.1780899	47.3805753
Olszanka	5818978	22.7225114	51.0447063
Drochów Górny	6292383	20.5682860	50.6916788
Olszanka	7429666	22.7137028	50.8177042
Stara Pawłówka	6799559	22.7884202	54.2093228
Olszanka	6799551	22.7343029	54.2356500
Aquincum	6484084	19.0510295	47.5590414
Olszanka	6816414	22.6848660	54.1621467
Olszanka	6869051	23.4590661	50.8932294
Mays Hill	5550785	150.9873342	-33.8213119
Savennes	120596	2.4991212	45.5803756
Olszanka	6038081	20.5549290	49.5550927
Kupienin	6119707	20.9686165	50.2990491
Lubiczko	6118564	20.7815945	50.2265987
Sycamore	119773	-83.6357399	31.6707754
Madalena	302581	-39.4981108	-4.8760000
Monbijou	6399749	7.4351062	46.9446182
Olszanka	6856486	23.0271320	51.0258953
Wojakowa	6084319	20.5571213	49.8025208
Luboradz	5597880	16.2836929	51.0611918
Istvánakna	6485458	18.2838427	46.1258375
Golfview	1127783	-81.4060647	28.3660665
Quintela	6303552	-8.4837265	41.4500325
Quintela	6302336	-8.4828750	41.4678057
Quintela	6302337	-8.4876910	41.4636749
Grenzhof	2223660	8.5954496	49.4186338
Quintela	6594133	-8.6599102	41.9515268
Hương Điền Reservoir	3270945	107.3562180	16.3972537
Korber Höhe	47890	9.3347116	48.8360519
Pilczyce	3936875	16.9628418	51.1455346
Sukhrali	3578884	77.0609543	28.4761515
Siqueira	7580719	-54.3118235	-30.3346594
La Travesía	5375912	-60.6918916	-32.9181122
Śródmieście-Wschód	2396883	19.4803331	51.7757207
Mora Wewa	3980846	81.0070521	8.5818669
Vretarna	6689557	17.8199114	59.2119597
Quintela	6302340	-8.4876910	41.4636749
Brzustówka	2374253	21.1730725	51.4270927
Los Alpes	7753428	-75.6871629	4.8067100
Appleton	4524848	-76.6318437	39.9130503
Herkules	6644661	12.2883226	58.2856320
Sandvoll	6829573	10.9143477	59.7622954
Aram Bagh	3911378	77.2064060	28.6431069
Glenmoor	2070413	-81.2844858	28.6028770
Glenmuir	1189121	-81.5581441	28.4678017
Valeview	2062802	-81.5641772	28.7052386
Salantų tv.	4154420	21.5729968	56.0635235
Sycamore	3627510	76.9555558	28.3713553
Viamonte	5148036	-63.0989265	-33.7505191
Berrotarán	3921268	-64.3928378	-32.4504810
Tancacha	5145065	-63.9772773	-32.2419449
Los Talas	3241301	-54.4922602	-34.0931571
Huanguelén	3871252	-61.9389988	-37.0639075
Edmonson	6595892	-101.8991543	34.2809999
Spofford	6587602	-100.4112422	29.1732104
Santenay	274547	1.1121997	47.5655919
Teva I Uta	6093632	-149.4023969	-17.7154281
Montmain	156038	5.0630769	47.0272411
São Nicolau	4203574	-7.8905055	41.1606365
Mulgrave	5501213	150.8291973	-33.6240371
Starý Bohumín	426211	18.3398689	49.9198371
Raymondi	1922013	-73.2911382	-10.6463183
El Hadaik	6543286	6.8694974	36.8237266
Fysingen	271012	17.9239681	59.5609394
Szklarka	6423218	16.5947094	50.3278141
Paulstraße	7181775	7.2453779	51.4622004
Pocollay	1874333	-70.1038612	-18.0098399
Lalaquiz	1986194	-79.6655744	-5.1778447
Cirauqui	341013	-1.9013031	42.6593035
Longuita	1973513	-78.0036764	-6.4030264
Marcabal	1968020	-77.9061956	-7.6720576
Mestanza	339604	-3.9860229	38.4932395
La Ramada	1901137	-78.5602095	-6.2108487
Steponai	7088661	23.1279101	54.6642694
Pabaliai	6693758	25.0601471	54.6076515
Metauten	342646	-2.1249739	42.6845161
Kapitulščizna	7063423	25.4856152	54.6572552
ICO-Platz	6034131	8.0192222	52.2876610
Vallmoll	340196	1.2551878	41.2467304
Babruysk	167857	29.2073423	53.1449299
Pamelnyčys	4088266	24.0141638	54.0722252
Assebbab	2816173	-3.5489199	33.9326083
