Colombia	120027	-72.7709916	4.2155060
Rhône-Alpes	8655	5.7212943	45.3175313
Saarland	62372	6.9697596	49.3755697
Grévillers	1154773	2.7996424	50.1030082
Manicamp	153135	3.1835520	49.5650038
Drincham	135765	2.3196637	50.9102209
Cadillon	2518034	-0.1558156	43.5241505
Lingeard	975783	-1.0233284	48.7388258
Rodemack	2200824	6.2547620	49.4607180
Arthenac	154226	-0.3190098	45.5057688
Corignac	124643	-0.3851392	45.2427553
Coahuila	1661524	-102.3097613	27.2069059
Palladuc	1079453	3.6337588	45.9078135
Beaucens	2333173	0.0253949	42.9546883
Antichan	2273732	0.5841701	42.9918659
Mézerville	2069246	1.7798091	43.2515230
Thézillieu	147343	5.5980673	45.8892229
Biesheim	69291	7.5381425	48.0470945
Colognac	2928037	3.8027428	44.0328673
Domblain	3108951	4.9991698	48.4658704
Pourchères	2574150	4.4979805	44.7423898
Salmiech	1222781	2.5922293	44.1959451
Barbalos	341203	-5.9600850	40.6622069
Altillac	2939584	1.8752142	44.9775831
Combrand	147253	-0.6898955	46.8687749
Cergnago	44405	8.7631535	45.1972893
Freiberg	416561	13.3394006	50.9171979
Claraval	315344	-47.2567830	-20.3590073
Chavanat	118396	1.9649575	45.9513326
Bijuesca	342295	-1.9173995	41.5346047
Carimate	45796	9.1075926	45.7076879
Bazaiges	972319	1.5260403	46.4866933
Chiprana	344223	-0.1738013	41.2591694
Challans	164555	-1.8518648	46.8328846
Grandate	46053	9.0579121	45.7712230
Cinaglio	43873	8.0948571	44.9666141
Ispagnac	1067627	3.5316835	44.4007475
Matemale	1069580	2.1194854	42.5794935
Jesenice	1675607	14.0664085	46.4459188
Carucedo	345186	-6.7915105	42.4850751
Nociglia	40200	18.3043482	40.0225522
Cigliano	44578	8.0187382	45.2881039
Amatrice	42095	13.2923961	42.6346802
Mariópolis	297535	-52.5955923	-26.3210000
Branches	949543	3.4787780	47.8744005
Alesanco	348198	-2.8293328	42.4250355
Waldrach	1256942	6.7517476	49.7466999
Landiona	45152	8.4227399	45.4940613
Ichtegem	1376903	3.0296222	51.0874274
Ichtegem	1376902	3.0319340	51.1093793
Bulciago	45978	9.2865318	45.7550438
Samangan	1674791	67.7282516	35.9938171
Badolato	39657	16.5202410	38.5722836
Dargelin	1432581	13.3384612	54.0094523
Kreis Düren	62452	6.5265263	50.8215359
Vilardevós	347415	-7.2948993	41.9163668
Bremberg	539700	7.9153343	50.3084450
Poboleda	345206	0.8405046	41.2303179
Kalajoki	2525919	23.5953357	64.2330991
Ceresara	44465	10.5550276	45.2505910
Räckelwitz	1307665	14.2118635	51.2594215
Colombia	4047593	-74.7002084	3.4271286
Vân Hồ District	7120939	104.8732352	20.8095988
Shabunda	5327795	27.4699704	-3.0094944
Palizada	5961527	-92.0026442	18.2622564
Kparblee	4001332	-8.5198047	6.6488153
Cohuecan	6037648	-98.7396356	18.7580500
Kamikawa	4071461	142.8640101	43.2044625
Kamikawa	4071442	142.6847135	44.3140595
Kawakami	4069469	144.4966952	43.3634745
Tangalan	3593722	122.2574899	11.7869084
Benedikt	1676342	15.8820496	46.6141673
Hlavenec	437918	14.7062319	50.2329938
Pianella	41985	14.0614921	42.3958532
Picciano	42033	13.9849977	42.4824114
Anapoima	1412973	-74.5249305	4.5638824
Manciano	42026	11.4735239	42.5734237
Ellerbek	443703	9.8810703	53.6558817
Fellheim	958631	10.1533492	48.0771866
Camerano	42478	13.5476353	43.5235313
Rekareka	6063118	-141.9209844	-16.8332993
Wiesbach	1250675	7.4604916	49.3387744
Chamerau	961936	12.7457623	49.2017919
Bösenbrunn	444885	12.0539857	50.3804755
Oak Ridge	196150	-84.2969158	35.9697150
La Plaine	546967	-0.6272223	47.0656424
Strachotín	442299	16.6731910	48.9006492
Pilsbach	102876	13.6765409	48.0405177
Kamikawa	4055822	142.9530120	43.7235015
Barwedel	1355542	10.7658393	52.5362089
Beilrode	534449	13.0426696	51.6088505
Derecske	1443821	21.5344171	47.3362968
Janikhel	6600385	69.7711091	33.6451066
Janikhel	6598955	68.5230083	32.6415299
Arapoema	336792	-49.0076459	-7.7318671
Albbruck	2786234	8.1302199	47.6265222
Deshaies	276161	-61.7807307	16.3112136
Le Chalon	71689	5.0881930	45.1540558
Kameyama	4538596	136.4012917	34.8776735
Kakogawa	900331	134.8454084	34.7609100
Kitagata	4717027	136.6894561	35.4305875
Hinokage	3992249	131.4106604	32.6985625
gmina Rogóźno	2555243	18.9422251	53.5509291
Samegawa	4217334	140.5122229	37.0114155
Miembeni	5712761	39.2010457	-6.1727956
Kamikawa	4055838	142.8981692	43.7396630
Kamikawa	900257	134.7601190	35.1153875
Kawakami	3251188	136.0077660	34.2884600
Aindling	162453	10.9671483	48.5088632
Salandra	40569	16.3209420	40.5316121
San Biase	41510	14.5865879	41.7275457
Sonnenbühl	2772602	9.1806963	48.3822521
Tijarafe	347982	-17.9434496	28.7007117
Kindberg	3902671	15.4298374	47.4873530
Kamikawa	1769228	139.0679720	36.1665374
Ölbronn-Dürrn	57991	8.7647978	48.9685993
Raesfeld	162718	6.8417693	51.7656378
Eldingen	1797684	10.3360920	52.6742897
Iranduba	332514	-60.6648871	-3.0860953
Goldberg	449916	12.1070512	53.5730475
Channing	6595882	-102.3321261	35.6806034
Csengele	1025044	19.8464675	46.5205599
La Rouxière	157271	-1.0836705	47.4522279
Groß Polzin	1433747	13.5479824	53.8901513
Mirabeau	73841	5.6482198	43.7036346
Sacharki	7006626	23.6957572	52.9667973
Walhalla	192207	-83.0657506	34.7648975
Alsleben	1332300	11.6778925	51.6902144
Seggerde	3977263	11.0827452	52.3517547
Mirabeau	2136801	6.0833640	44.0608560
Kvítkovice	436108	14.3243099	48.9558421
Sandberg	387470	9.9891371	50.3421262
Mangochi	7345875	35.3267923	-14.1408001
Walhalla	181518	-97.9177978	48.9230080
Berkatal	549415	9.9203695	51.2387724
Ristjärnen	4559172	12.3126734	59.4885540
Lac Henri	7005833	-71.4088502	49.1479416
Lac Vanel	7003712	-70.6208243	49.1114484
Lac Monic	2621629	-66.5023713	55.4689569
Lac Bonin	1563720	-73.0804906	46.7589968
Lac Donat	3096200	-72.8008869	48.4082057
Pike Lake	1160463	-76.3374909	44.7840889
Selbusjøen	3867697	10.8825282	63.2451272
Gopa Damm	6138999	15.3705417	60.7131704
Vikaresjön	153305	13.6185140	57.4092577
Luce Lake	2424801	-66.9366821	53.0166011
Luce Lake	2424802	-66.9218095	53.0138916
Luce Lake	2424803	-66.9233082	53.0178620
Pike Lake	2523347	-62.9592085	53.8993323
Vigala jõgi	3810448	24.8210030	58.9997376
Snag Lake	1328416	-121.3091026	40.5136986
Helgumsjön	7346064	16.8764090	63.1965432
Chambois	5815621	1.1685308	48.9038463
Härsvatten	2385300	12.0330040	58.0237058
Bass Lake	899468	-93.6438502	47.3130760
Eels Lake	897815	-78.1390743	44.8983683
Lake King	2442197	147.9228881	-37.8878853
Bass Lake	6544770	-79.8022792	46.1222389
Vihtijärvi	298740	24.6031125	60.5253036
Dyrehavesø	1502935	12.2075572	55.4064235
Konradówko	7220865	17.3507924	51.5775883
Ariranha	298460	-48.7907824	-21.1720001
Holambra	297914	-47.0582500	-22.6310001
Holmtjønna	4868626	9.7915957	62.7838380
Nipatjønni	5689981	7.4018147	59.6612656
Lemonsjøen	5643845	9.0709178	61.7756647
Dullbosjön	2908655	15.7419173	60.1207202
Luobbale	2342931	19.4111667	65.8921770
Suolajärvi	1543052	21.9027135	66.8450788
Nipetjørna	4812154	5.2729132	60.3682271
Holmtjønna	3729678	10.8502566	63.2892680
Holmtjønna	4728479	9.6797131	63.5470696
Teintjønna	6283519	8.5978191	63.7041412
Såtevatnet	4093959	6.8716420	60.8139909
Tutärnarna	6016285	15.2066433	58.9868393
Pracinha	297962	-51.0650029	-21.8379583
Maetinga	362375	-41.4973110	-14.6839587
Odeceixe	6430102	-8.7590002	37.3991401
Kazanice	6832988	19.7199941	53.5571101
Étang Ouest	1327060	2.4554767	49.3748203
Holmtjønna	5839702	10.7160161	63.8995955
Peltojärvi	190924	24.1216182	68.3710407
Cerejais	5729036	-6.9222685	41.2831115
Dobijacz	3691008	18.5112125	51.1192474
Zagubica	6318904	21.8757896	44.1551828
Boljevac	6352463	21.9467846	43.8288074
Pikkujärvi	2712910	24.3214223	61.5600290
Loppijärvi	37068	24.4726252	60.6741940
Cagrovac	7292215	22.0600809	43.2028061
Kliptjønna	4632890	14.1162193	66.9266536
Glasince	6970362	21.7072645	43.2086851
Siipojärvi	7289081	24.4601125	63.8593811
Šuorpmojávri	7241259	24.5199232	69.1262265
Ruktajávri	7190510	22.8809073	68.8792812
Guayabal	4468193	-66.4878536	18.0800093
Dangulbi	3707428	5.4221089	12.3767793
Bayamari	3698591	11.5351967	12.7584808
Bass Lake	1371668	-95.5788974	47.2252130
Bass Lake	2821242	-85.9774400	44.0832094
Bass Lake	5268437	-85.3256553	43.2636049
Bass Lake	3661497	-121.9484904	45.6511959
Snag Lake	1355442	-121.4519596	40.0774032
Bass Lake	287978	-95.0731881	47.8302410
La Vallee	7660844	-93.6505356	48.6232666
Lac Onawa	1274752	-73.7250921	46.4773101
Lac à l'Équerre	1519117	-74.0553688	46.4210227
Dangulbi	3706999	6.2770744	11.5455316
Bass Lake	1748198	-85.7103159	44.6891070
Bass Lake	3263405	-81.2686148	46.3595481
Slee Lake	4016589	-83.7638121	48.0894120
Bass Lake	3242145	-81.7830718	46.1830264
Pike Lake	3832075	-83.2108876	47.3443886
Bass Lake	3911089	-80.9050567	47.1539830
Bass Lake	3408633	-80.7391096	46.9425932
Rodd Lake	3911128	-80.6385334	47.1731962
Bass Lake	660023	-78.5373481	44.6724826
Bass Lake	1795104	-80.1005972	45.8626458
Pike Lake	1806451	-80.2159358	45.6987611
Bass Lake	6520354	-80.8584907	45.9411726
Pike Lake	1799745	-80.8590344	45.9766382
Good Lake	1777431	-79.6646137	45.4478874
Bass Lake	1146600	-76.7974859	44.7422515
Bass Lake	1140597	-76.0635768	44.5685550
Bass Lake	3819837	-89.1824535	44.3311583
Bass Lake	1951340	-86.4727549	46.1659152
Lac Palud	910365	-77.7841548	47.1834665
Bass Lake	451457	-83.8621322	42.4541888
Bass Lake	3461545	-88.0498407	45.1317336
Bass Lake	1936210	-87.3773779	46.2561440
Pike Lake	1936253	-87.5760842	46.2665048
Pike Lake	137139	-88.8449531	46.8340287
King Lake	137202	-88.4102840	46.5196725
Bass Lake	138666	-89.1741100	46.3036992
Lake King	6583157	147.8798925	-37.8899794
Gashigar	3721291	12.8568574	13.1981962
Pike Lake	5427725	-89.3490786	44.8140801
Huff Lake	6661408	-107.9291890	49.3746058
Lac Bonin	553102	-75.6952554	45.6682085
La Botija	5271916	-75.8894198	5.9352224
Mine Lake	401672	-90.8692557	48.0845365
Rahn Lake	3940422	-80.9068297	47.9803626
Hill Lake	5556107	-60.9962776	45.7006042
Río Paquita	20448	-84.1762471	9.4687027
Río Segundo	5458713	-84.1960387	10.0012127
King Lake	1404686	-63.5191887	44.8510346
Clay Lake	1671813	-63.9047892	44.7671515
Bass Lake	125061	-90.7862044	46.3621350
McArthur	5322697	-116.3407162	51.3329643
Mine Lake	2143511	-125.1807781	50.1967778
Huff Lake	1559908	-120.1849990	50.9657975
Bose Lake	1412809	-120.9665396	50.5165812
Snag Lake	2910611	-121.7439444	51.6628953
Duke Lake	1580621	-120.6906903	54.6051908
Seel Lake	6158708	-127.4516468	53.5077461
Dholagoh	4662744	81.7920743	29.3874736
Home Lake	6666841	-89.5936933	40.5851469
Dogarawa	3709421	7.7368779	11.2082579
Dhairing	5198222	83.6192911	28.3149970
Pike Lake	555504	-95.6380936	45.7445793
Pike Lake	1242801	-113.4593457	48.9929158
King Lake	2463229	-94.1247957	33.5183506
Bass Lake	304877	-81.6855322	36.1413813
Jincheng	6878162	102.7726061	24.6485442
Pike Lake	562903	-93.4281266	44.7525049
Lac à l'Équerre	1519182	-73.6361560	47.1685401
Lac Jocko	193870	-76.4960561	46.8705559
Bass Lake	903589	-93.3989977	47.5649251
Irma Lake	903578	-93.6218343	47.4824120
Bass Lake	401859	-91.8550146	47.9608221
Bass Lake	404059	-92.2128850	47.8815868
King Lake	134347	-91.8437805	47.1856018
Bass Lake	918352	-92.3080976	45.8580238
Bass Lake	918357	-92.2398245	45.7921433
Bass Lake	918348	-91.7589682	46.3359116
Bass Lake	907803	-94.1863062	46.6563362
Bass Lake	907774	-94.0307727	46.6407633
Bass Lake	933350	-92.2210791	45.4236213
Pike Lake	933374	-92.3696767	45.3210484
Bass Lake	304930	-93.4328967	45.0545142
Loch an Eòin	562801	-5.4672616	57.5025544
Lac Serge	1593780	-69.5261724	48.4499420
Bass Lake	1752284	-93.5984216	49.7500293
Pike Lake	5953666	-91.2003598	49.8098757
Good Lake	4269345	-92.8176150	50.0204684
Clay Lake	5857715	-93.4686663	50.0859752
Clay Lake	5981217	-90.7396131	49.4556839
Mere Lake	5983110	-90.6218440	49.2470173
King Lake	1121860	-87.8807870	48.7861211
King Lake	3951549	-87.0144484	48.6497370
Olie Lake	4170777	-85.6017442	49.3304046
Fog Creek	4120986	-87.1330509	48.9055467
Argo Lake	4096396	-84.0584003	48.2581644
Lees Lake	3533531	-83.6882430	46.5525428
Cupa Lake	4110896	-85.2252188	48.9317562
Pike Lake	4104848	-85.0303135	48.7029305
Loam Lake	6516824	-84.1126750	47.6716104
Pike Lake	3578394	-84.1483571	46.9098037
Kamp Lake	4165009	-84.0447381	49.1964640
Mash Lake	1117353	-84.7628556	47.5821556
Hill Lake	548118	-97.3273637	45.7739760
Nomanica	7223150	22.0273928	42.9752805
Comeragh	7026289	-7.4811527	52.2334423
Copeland	178136	-3.3308521	54.3875949
Agragaun	5960248	81.9874659	28.6000430
Kopanica	3748448	23.1339709	53.9520895
Chhatona	6835925	85.3397718	26.8135842
Rajapani	6698255	86.7137174	27.1382113
Bhatkola	6101725	83.8507661	28.1608034
Koilabas	5969784	82.5372512	27.7081320
Majhigau	5893130	81.1553626	29.4538491
Malagiri	5776670	83.0474447	28.1684321
Horlache	7163693	8.4566013	49.9916525
Lac Bonin	3101078	-73.6569519	48.2725496
Lac Henri	1564868	-73.0705200	47.8028918
Solbjerg Sø	7193372	10.0669865	56.0526973
Almo Lake	3438034	-95.0285537	50.4623565
Lake King	2442196	147.7947254	-37.9096753
Sang Lake	6513010	-116.1519763	53.5642996
Pike Lake	3611826	-133.3626398	60.1322992
Good Lake	3438060	-95.4546380	50.2925228
Home Lake	1418686	-101.0473609	54.9017421
King Lake	1418853	-101.0151872	54.9656536
Duke Lake	1448090	-101.0938808	55.1766984
Napeague	175771	-72.0744265	40.9998135
Oakridge	186718	-122.4815486	43.7448140
Guayabal	7394770	-70.7676740	18.7217224
Coolidge	110770	-111.5315134	32.9592895
Brisbane	2834528	-122.3439628	37.6891270
Jesenice	436637	14.4828676	49.6074593
Dubiecko	6829839	22.3985692	49.8312057
Jesenice	436644	13.4830543	50.1039746
Jesenice	436684	14.5285367	49.9720234
Fangshan	2755108	120.6610034	22.2493550
Borgundøya	7098156	5.6801547	59.7235829
Salamina	957707	23.5083739	37.9383841
Isla Maje	6757530	-78.8315980	9.1418157
Genoa Bay	453715	-123.5970184	48.7635618
Cherokee	185249	-98.3545269	36.7557375
Ludhiana	1948490	75.8929202	30.7919714
Miastkówek	7795280	22.2603432	51.5417874
Teodorówka	6323180	21.6570982	49.5572038
Bakaniuk	6804212	22.8587037	54.0326416
Red Lodge	142484	-109.2498024	45.1930730
Ashcreek	7755930	-122.7334543	45.4616476
Lake Nemi	2169086	12.7030768	41.7133184
Saraland	110249	-88.1057596	30.8430914
Exloërveen	1433819	6.8986181	52.8941768
Cherokee	129046	-95.5496735	42.7443549
Klášterská Lhota	440224	15.6650141	50.5566020
Legemeer	300166	5.7344626	52.9377830
Chantrea	5326971	-1.6312276	42.8271738
Tabina küla	353070	27.3068817	57.8106839
Kaloga küla	353837	27.0457139	57.7482495
Sector 105	3593215	77.0081184	28.4942599
Sector 114	3587969	77.0117786	28.5318803
Madunice	2205346	17.7830027	48.4828806
Mijancas	7160185	-2.8213682	42.6929111
Túnel Verde	7657359	-50.3339958	-30.1761655
Catimbau	6199624	-37.2562206	-8.5751590
Glienick	4772023	13.3803996	52.2563320
Kamali küla	351300	25.1844445	58.2196882
Kandle küla	355239	26.2481364	59.4973930
Arandi küla	354759	22.2446906	58.2982727
Ligema küla	351636	22.6081205	58.7857197
Pracinha	5683227	-51.0650029	-21.8379583
Uhtjärve küla	354659	26.5601964	57.8899891
Diakovce	2210562	17.8234038	48.1340019
Holambra	5684888	-47.0582500	-22.6310001
Alsleben	2154745	11.6627991	51.7036599
Comeragh	6710759	-7.5186613	52.2013644
Blaxland	5496314	150.6168861	-33.7470657
Tiheda küla	354316	26.9221852	58.7995743
Näsuvere küla	352910	25.5072988	58.8103126
Möllatsi küla	352913	26.8188674	58.4216572
Kopanica	7699648	16.7684786	50.6712938
Canguera	3028931	-47.1411985	-23.6117456
Aljava küla	351962	23.1934148	58.5545662
Roças Novas	3006136	-43.6490785	-19.7581568
Napredak	7831684	22.0835144	44.0536799
Guanchao	1226685	114.9508845	26.6843209
Derriana	6867892	-9.9835994	51.9181071
Ariranha	5683038	-48.7907824	-21.1720001
Kilbride	6645350	-6.6127958	52.3473781
Haamse küla	352181	22.4529679	58.3741122
Maetinga	6427081	-41.4973110	-14.6839587
Gaushala	7098645	85.8039832	26.9165416
Glenlara	6897032	-9.0602214	52.2389591
Kilbride	6621546	-6.1577068	52.8352660
Iranduba	6255840	-60.6645637	-3.0864477
Ernsbach	2065252	9.0515493	49.6575048
Miembeni	6787620	31.8183897	-1.3272980
Kirikuküla	351848	25.8381474	57.9920081
Kilbride	6964666	-6.8353818	53.5934324
Kilbride	6527628	-7.0691520	52.3722729
Kilbride	6532203	-6.7296991	52.7401248
Bracklin	6958383	-7.1072943	53.5815330
Kilbride	6621547	-6.4274844	53.1972377
Glendree	6800571	-8.7278685	52.9249505
Orinõmme küla	355245	23.0203066	58.5796467
Chambois	1383635	0.1070457	48.8160498
Hargla küla	354056	26.4062951	57.6124791
Teedla küla	351805	26.2763197	58.1892438
Kardla küla	350341	26.5659161	58.4357701
Vaibla küla	354311	26.1357070	58.4145946
Aïn Tallout	6666550	-0.9575253	34.7616350
Saharidj	3397675	4.2519474	36.4311035
Halstead	129733	-97.5095032	37.9981830
McArthur	182473	-82.4786708	39.2469225
Atalanta	296780	-49.7382922	-27.4320001
Albigowa	4642902	22.2265830	50.0166066
Gromadka	6055822	15.7602391	51.3579658
Dean Park	3046286	150.8600950	-33.7356822
Barangol	6547905	85.7802485	51.6749215
Kawakami	3628856	138.6143548	35.9324220
Amesberg	7426045	12.4216551	49.2111117
Kashkara	1982439	55.1979472	57.1464893
Halingen	6006299	8.9389197	47.5347406
Rubchiha	3081772	36.8057587	56.2763163
Nebojani	6851035	22.4565316	42.0799100
Bajlovce	6839327	21.9577262	42.2334268
Kopanica	6943857	21.2116284	42.0251961
Palarang	6055559	149.0968480	-36.8267074
Tallimba	5820540	146.9026618	-34.0497465
Gumbalie	5730997	145.1955408	-30.1442201
Dzichkha	2645961	40.3396587	43.2535420
Jubileja	7551583	24.4484292	57.2562124
Hayfield	137002	-92.8446166	43.8887655
Ransdaal	2721368	5.8938266	50.8623401
Cherokee	130122	-94.8185181	37.3458935
Popielówek	6073110	15.5244671	50.9851685
Drobnice	3706089	18.7693264	51.2235404
East Bend	180268	-80.5097277	36.2167952
McArthur	7278374	-121.4055899	41.0405498
Belkheir	6674817	7.4810464	36.4438496
Trablice	2835885	21.1269164	51.3504442
Pagiriai	5540503	25.1990325	54.5816251
Oak Ridge	180263	-79.9882000	36.1734280
Nechmaya	6537644	7.4781419	36.6108570
La Puebla	171139	-106.0020123	35.9875755
Itatiaia	2217373	-44.5607511	-22.4430391
Lanklaar	6522353	5.6747570	51.0108580
Shelbina	141199	-92.0409639	39.6935085
Coronaca	194729	-82.0911912	34.2606955
Teodorówka	6635634	20.6985176	51.8835586
Oak Ridge	141047	-89.7294505	37.4982130
Gelinden	5397962	5.2509345	50.7602496
Chrzanów Duży	2382880	20.6254066	52.1244357
Cratlagh	5504328	-7.7317837	55.1015150
Kilbride	6015445	-9.3328168	54.2961026
Glenlara	6121269	-9.4977820	53.9650378
Dunagard	4031217	-7.2750397	55.3496468
Kilbride	2580162	-6.4446171	52.4838592
Sleemana	6186231	-8.4666666	52.1793745
Knockagh	5392386	-6.4770793	54.0326459
Gateside	4541857	-6.6405847	55.1578409
Knockagh	5554251	-7.8674208	52.3817688
Glendine	4821514	-7.2488981	52.6701861
Grangend	4521347	-6.5387326	53.5165815
Kilbride	5193023	-7.4139013	52.5301186
Ranaleen	6289572	-9.4620547	52.1641306
Kilbride	4236360	-7.0194717	53.3605046
Comeragh	5678099	-7.5526924	52.2033621
Miembeni	5507093	39.2215705	-6.8518326
Bagonbon	1520318	123.3627794	10.5718990
Glenlara	6102766	-9.0838993	52.2229956
Glendine	4279254	-7.9844737	52.8553304
Kilbride	5813200	-8.9283422	53.9368898
Feldmark	54056	7.0685798	51.5069158
Cloonfad	4206144	-8.0885866	53.9869724
Glendine	4603641	-7.5602953	53.1044255
Lackaboy	6270005	-9.6117359	52.5030836
Kilbride	4723518	-6.7141297	53.8125349
Kilbride	2295457	-7.4603890	53.7669029
Königstedt	4734197	11.2756971	52.8106498
Itatiaia	7826583	-43.8542496	-16.7670496
Kilbride	4197584	-6.7517101	53.3900677
Cappawee	6231550	-10.2961245	51.8804998
Rahinane	5363181	-8.0418493	53.0200076
Kilbride	4727510	-8.0549655	53.9040802
Nuijamaa	3620874	28.5272958	60.9599320
Kilbride	5776708	-8.3970228	53.1856214
Kilmeena	5967380	-9.5341923	53.8334215
Ballylea	4554431	-6.7438704	53.0319117
Kilbride	2319715	-6.6992907	52.7237883
Feldmark	2999086	6.9857218	51.6518749
Glenlara	6000325	-9.9923965	54.2852946
Kilbride	4178832	-7.5456753	53.2781643
Arenberg	55093	7.6641532	50.3618316
Cloonfad	4136920	-8.4844242	53.7205271
Knockagh	2411421	-7.6866687	53.6140066
Glendine	4258269	-7.6829275	53.0399414
Conckera	2105043	-7.2724143	54.1856290
Ballymad	4463014	-6.2898222	53.6913548
Darrigal	5645388	-7.2765979	52.2653197
Crappagh	3335776	-9.7508855	53.2419308
Cregduff	5792942	-9.0651207	53.6358521
Ballyhee	6187511	-8.9881554	52.8866076
Al Sadd (39)	1577785	51.4997162	25.2770321
Athcarne	4572745	-6.4437542	53.6204774
Carrahil	6195147	-8.9045906	52.9294562
Knockagh	5442862	-7.8731848	52.7748771
Caltragh	3523929	-8.6689060	54.2417683
Cloonfad	4198989	-7.9200185	53.8009776
Bohonagh	6025117	-8.9975246	51.5847340
Kilbride	4505267	-6.1592535	52.8110167
Skelgagh	5491129	-7.2323308	54.4274459
Kilbride	2900772	-6.2462360	52.6553526
Kilbride	5984907	-9.1006006	53.7580053
Diakovce	2210537	17.8234038	48.1340019
Madunice	2205327	17.7830027	48.4828806
Grünswalde	7691287	13.6542752	51.7918764
Inishfad	5625301	-8.1855000	54.5825547
Grannagh	4849310	-6.9455010	55.0715072
Kilmacat	6110137	-8.8273282	52.6399368
Kilbride	4167050	-6.4633851	53.2002465
Caltragh	5398386	-8.1419427	53.5350646
Kilbride	4502021	-6.1002625	52.9250886
Kilbride	4584220	-7.2640508	53.8361860
Caltragh	5887464	-9.0298719	53.7068303
Glasleck	5706661	-6.9021518	53.9644423
Brinlack	5543682	-8.2746316	55.1289284
3e Platon	411012	-72.3938139	19.4993195
Narracan	2689279	146.2299843	-38.2683950
Kinglake	2423127	145.3455800	-37.5502150
Kilbride	2191983	-6.7123490	52.7214865
Glendree	6212184	-8.7170337	52.9289944
Cohannan	5467560	-6.6667230	54.4950605
Redridge	5607062	152.3659825	-25.1662806
Avonhead	2075769	172.5625553	-43.5103720
Glendine	4500141	-7.6429777	53.0488106
Heddings	7426572	-59.4591173	13.1003751
Kilbride	4122888	-7.6017367	53.3545487
Rahanine	4161125	-7.2781261	53.4125098
Ederglen	5982717	-9.8250391	54.1874244
Cloonfad	4200544	-8.1108319	53.2980203
Marrabel	6545306	138.8786895	-34.1386979
Maidford	59013	-1.1099127	52.1689893
Melbecks	7771573	-2.0862821	54.4038158
Corfehan	5214346	-6.8355395	54.3181437
Halstead	3298987	0.6425012	51.9453005
Caltragh	4060064	-9.0546438	53.4522448
Ahogados	5411438	-84.0481724	9.9033860
Bracklin	5696943	-6.9041667	53.9235948
Burley CP	3446540	-0.6967179	52.6864993
Alpraham	1414761	-2.6171716	53.1378095
Cregduff	5806738	-9.1274363	53.5701571
Axbridge	2722484	-2.8140975	51.2872072
Ditcheat	2915009	-2.5542114	51.1133552
Hayfield	6609763	-1.9153715	53.3856141
Abberley	1875126	-2.3756933	52.3054700
Kilbride	5357394	-9.4366699	53.5780773
Kilbride	5400179	-7.0589673	52.3686770
Gragaugh	5480474	-7.5294130	52.5638440
Glengall	5477855	-7.5497549	52.5786238
Caltragh	5986831	-8.3644395	53.3095157
Caltragh	3225009	-8.4795125	54.2610150
Satalice	434283	14.5835117	50.1266655
Podlesí-město	431052	16.8585299	50.0705721
Klášterská Lhota	434631	15.6650141	50.5566020
Caltragh	6192795	-8.5908567	53.3463198
Chvalina	435628	15.6478857	50.3548480
Glanalin	5880338	-9.7192062	51.5972956
Bracklin	5167792	-8.3230481	53.6190074
Corcraff	5738961	-7.2238706	54.0787540
Salcombe	3540270	-3.7840481	50.2333080
Bregille	3549662	6.0474876	47.2372756
Crappagh	5652568	-7.1092922	54.1405679
Město Libavá II	3978423	17.5718547	49.7384319
Bracklin	5696753	-6.9152498	53.9318514
Corcraff	5739683	-7.2454415	54.0699935
Ringbane	4594993	-5.6410628	54.3662508
Sandberg	7489713	11.0547403	49.4605712
Wishaw CP	3557994	-1.7381106	52.5532846
Lackford	4503469	0.6172404	52.3019689
Bracklin	3519314	-7.6177208	54.5490641
Aghahull	5499954	-7.6273387	55.0406697
Caltragh	4586196	-8.1352975	53.2475301
Grellagh	5377863	-7.2692488	53.9536341
Újezdec u Hořiček	426035	15.9874169	50.4263999
Hlavenec	426527	14.7062319	50.2329938
Caltragh	5223649	-8.0657447	53.6407237
Egelmeer	3773883	7.3999214	51.6107836
Cregduff	6129671	-9.1732989	53.6171084
Rosenhügel	54044	7.0215911	51.5489682
Classagh	5627703	-8.5162723	52.8188581
Bracinho	6608411	-49.1071884	-26.3681150
Kilbride	5902799	-9.5414451	53.8760792
Opava-Město	433522	17.9040937	49.9384615
Dobrnice	428001	15.3645873	49.7681192
Horní Soběšovice	429869	18.4716129	49.7268361
Ecksberg	3886222	12.4789432	48.2442596
Kilbride	4520828	-6.1307644	53.1914703
Red Lodge	4475536	0.4902030	52.3071847
Halstead	2280908	0.1376940	51.3294008
Moancrea	5554391	-7.8336811	52.3035485
Grellagh	2371472	-8.3850159	54.4569516
Kilbride	4545132	-6.4477460	53.3073112
Kilbride	4666517	-6.8377231	53.6032744
Clonfane	4556365	-6.8359183	53.5786187
Strachotín	426827	16.6731910	48.9006492
Kilbride	5419210	-6.5421852	53.9292077
Darnhall	1434431	-2.5298777	53.1665667
Bracklin	4222546	-7.0676816	53.5717903
Nakolice	426404	14.8341064	48.7979458
Grindale	576102	-0.2645411	54.1264365
Grannagh	5303441	-8.7488589	53.1435001
Grannagh	5303442	-8.7410072	53.1470391
Billeady	5659134	-6.8229861	54.1531249
Kilbride	3370053	-6.8956841	52.2221831
Bingarra	6198573	-8.6909936	53.3302642
Kilbride	4496736	-7.2069880	53.1338160
La Puebla	3549540	-0.9202150	37.7185362
Caltragh	4254183	-8.9658288	54.2217250
Coramara	1887679	-41.1495485	-20.8334372
La Guaria	6861349	-85.4405099	10.6391225
Três Praias	6700818	-40.4743098	-20.6339760
Caltragh	6135899	-8.9801659	53.4800998
Caltragh	6135900	-8.9689430	53.4762540
Cavanfin	5273179	-7.4398612	53.9611678
Highglen	5504113	-7.7723184	55.1110628
Clonfane	2921801	-7.6273231	54.2267578
Cloonfad	4770973	-8.4972329	53.8639984
Legaweel	3669995	-7.4296537	53.9313664
Raskeagh	5213938	-6.4130417	54.0524213
Cregduff	4068444	-9.0046771	53.3630336
Geararoe	6144000	-9.0590693	52.0420872
Kilbride	4161065	-7.3371753	53.4406735
Lislaban	4292840	-6.3127711	55.0115391
Skelgagh	4665175	-7.3767325	54.4920438
Ringbane	4774112	-6.2786682	54.2467411
Kilbride	4589455	-5.6464725	54.2449444
Donegall	3960081	-7.7332767	54.3655253
Kilbride	4240203	-6.0545588	54.7489628
Clybucca	6063461	152.9536359	-30.9270610
Copeland	6058977	151.8215343	-31.9832441
El Aouana	5806798	5.6311244	36.7377972
Copeland	184142	-94.8406412	36.6491370
Longdale	185102	-98.5509238	36.1336035
Bass Lake	127937	-86.5829377	41.2300170
Río Segundo	2330523	-63.9083867	-31.6513862
Copeland	129743	-100.6293710	37.5392080
Oak Ridge	132003	-91.7732949	32.6247000
Ksawerówka	6861350	22.9164946	51.0353137
Kopanica	6824652	23.1299627	53.9561887
Oak Ridge	6571666	-96.2636116	32.6518945
Salamina	410731	-75.3846738	5.3444639
Betlehem	6390215	7.3774778	46.9545861
Deftinge	3395619	3.8400230	50.7894747
Cresbard	195136	-98.9474249	45.1693410
Kotdanda	4822686	81.8515960	29.5404763
Huangcao	6498745	104.8924751	25.0982143
Teodorówka	7428095	22.7531637	50.6962932
Ladeburg	3729201	11.9555387	52.0857659
Rend Lake	2428159	-88.9673665	38.1110918
Coolidge	129907	-102.0085225	38.0410588
Weisbach	3271578	11.5983312	50.5589434
Coolidge	119729	-83.8661509	31.0115535
Königsborn	162005	11.7743703	52.1346893
Elk Creek	169517	-96.1280973	40.2878800
Sidi Okba	4120786	5.9111051	34.7770659
Sandberg	6792955	-81.4626895	30.3464457
Arbergen	1128464	8.9147224	53.0304713
Freiberg	1107797	9.2060498	48.8385739
Oak Ridge	2005732	-81.5517943	28.7486128
Statsrådet	6678164	16.1836335	58.5824568
Itatiaia	3408826	-44.0131016	-19.8683562
Diakovce	7707799	17.8417559	48.1340602
Neuhalde	4557380	9.0854096	48.5594337
Lauschgrün	3219990	12.2675094	50.5942442
Casal e Côto	5755634	-8.2055695	42.1351395
La Plaine	3999960	4.6212048	44.8056649
La Plaine	4002153	4.6162586	44.8022200
Bharthal	3578819	77.0489204	28.5442211
Indianen	5937292	17.8745635	59.3481078
Cucardas	7354264	-66.2222531	-17.4040909
Alderete	6593149	-8.6187299	41.9729390
Engleder	7091597	13.2860926	48.4545298
Dockside	2079083	-81.2985908	28.5180436
Hochried	1903030	11.1801656	47.6754877
Lees Lake	7656089	-118.6298889	34.2225062
Mousinière	4436747	-1.4047134	47.5154054
Beliatta	5794272	80.7333050	6.0484135
Bay Creek	5524096	-89.3906935	43.0545324
Sonnenbühl	3162754	9.8783304	47.7783733
Plademar	3163140	1.6369617	41.2007511
La Plaine	1346168	55.3283742	-20.9827441
Lauschgrün	3219991	12.2669998	50.5976010
Dauralla	3762856	76.8939368	28.5111043
Dean Oaks	2051210	-81.2466573	28.5506665
Oakridge	4009475	-81.0682135	31.9318837
Dhanavas	3738343	76.8870914	28.4230805
Manfredi	5171053	-63.7471343	-31.8446124
Beilrode	2984747	13.0753235	51.5730839
Wiesbach	5423929	6.9770519	49.3716654
Hofstätten	2625574	7.8544375	49.3016709
Pagiriai	5544369	23.8602910	54.8041503
Salamina	1351874	-74.7071962	10.5307088
Aindling	162450	10.9837306	48.5100162
Girton CP	77293	-0.7621268	53.1967218
Escalona	341907	-4.3933652	40.1528747
Hayton CP	957479	-0.9081205	53.3630741
Chiguata	1887800	-71.3575228	-16.3699799
Colombia	5901288	-77.4186758	20.8819160
Gaushala	7098646	85.8156157	26.9350776
Chetilla	1896120	-78.6584151	-7.1357002
Ratno Górne	6410637	16.4156756	50.5067065
Järntorget	6805537	11.9529840	57.6998134
Mittelösch	1601687	9.5889164	47.7815546
Cebrecos	344778	-3.5943690	41.9942242
Mergežeris	2885574	24.5208128	54.2002324
Kineliai	4808626	25.3125486	54.5967306
Colombia	1999139	-75.6412381	5.1288910
Ahl Ramel	2835895	-9.1316774	30.2868394
Kashtak-2	3670011	84.9802431	56.5133162
Iguegben	3717130	6.2423742	6.5091995
Ait Taleb	2881792	-8.1858228	32.3830980
