Zhejiang	553302	120.3395163	29.0201431
Morbihan	7447	-2.7633493	47.8259811
Beauvais	158311	2.0737630	49.4425725
New Delhi	2763541	77.1230822	28.5632653
Ardennes	7395	4.6716005	49.6980117
Hallines	179548	2.2155326	50.7019821
Vaubadon	279163	-0.8367550	49.2014160
Marcoing	55874	3.1695179	50.1124022
Argentan	398020	-0.0035772	48.7263437
Sarcenas	85588	5.7622809	45.2838959
Valencin	190820	5.0291712	45.6058386
Longages	1224252	1.2126667	43.3567654
Valgioie	44145	7.3332853	45.0755165
Langatte	1158566	6.9586685	48.7623015
Brulange	1675701	6.5498263	48.9600950
Malbrans	130731	6.0915982	47.1240791
Marcenay	146447	4.4066358	47.8596794
Aingeray	1392669	6.0189760	48.7369701
Savannah	119867	-81.1016301	32.0388015
Domblans	147913	5.5945633	46.7585782
Mellecey	2308962	4.7374391	46.8077920
Secenans	152346	6.5671819	47.5482101
Gramazie	1977584	2.0969627	43.1377374
Saint-Diéry	387835	3.0150243	45.5378619
Bergonne	123721	3.2142551	45.5104699
Chamigny	1299138	3.1414793	48.9870548
Chaulieu	537544	-0.8683515	48.7484702
Valdieri	42938	7.2854453	44.2254349
Pleubian	399698	-3.1410313	48.8498760
Lafitole	2438780	0.0763001	43.4494133
Beinette	43100	7.6533390	44.3651275
Varginha	315111	-45.3981773	-21.5723467
Lainsecq	2146850	3.2801975	47.5461649
Belleray	2731374	5.3966132	49.1275193
Venables	3161209	1.2931220	49.2012852
Ranspach	947009	7.0210313	47.9018021
Aviatico	46139	9.7914517	45.7905712
Valnegra	46584	9.6815725	45.9587286
Aucazein	2099455	0.9718848	42.9251138
Bonnefoi	3290342	0.5599739	48.6752126
Larnagol	123464	1.7841305	44.4892500
Saint-Thomé	2573108	4.6229610	44.5037929
Langolen	380850	-3.9104586	48.0734989
Kergloff	1634246	-3.6466856	48.2816922
Frespech	146519	0.8125721	44.3143556
Huparlac	123285	2.7521437	44.7184396
Farinole	2693892	9.3691746	42.7308205
Benidorm	341148	-0.1273684	38.5669957
Bujalaro	341306	-2.8773380	40.9387281
Melleran	150137	0.0042874	46.1315279
Salobral	347700	-4.8080309	40.6094945
Paulhenc	2868086	2.8144083	44.8804952
Taparuba	314636	-41.6159566	-19.7445000
Chazelet	1029657	1.4323326	46.5104293
Sangiano	46407	8.6316857	45.8768208
Ciampino	41549	12.6172172	41.7984637
Masegosa	346524	-1.9497196	40.5355533
Solignac	117246	1.2719066	45.7603335
Cirimido	45732	9.0124309	45.6951034
Lanteira	345893	-3.1389588	37.1673998
Venialbo	345675	-5.5422537	41.3795627
Valdivia	1785691	-73.1845182	-39.8346674
Guagnano	40497	17.9382803	40.4251446
Seminara	39606	15.8933358	38.3453919
Trasacco	41636	13.5400738	41.9424409
Edinburg	113788	-98.1447686	26.3491835
Campazas	340414	-5.4963035	42.1494344
Bergondo	342635	-8.2470657	43.3125417
Veggiano	44991	11.7097319	45.4300314
Codevigo	44530	12.1448611	45.2580374
Cimitile	40925	14.5180940	40.9458642
Klüsserath	1255899	6.8547892	49.8597196
Damsdorf	411624	10.3200032	54.0667825
Ralingen	1260068	6.5456407	49.8022746
Fajolles	135230	1.0144602	43.9686188
Berehove	3606498	22.6433849	48.2092279
Valdengo	45298	8.1372981	45.5669122
Parelhas	301197	-36.6308299	-6.7108694
La Clisse	125636	-0.7545876	45.7316124
Sobrarbe	6488269	0.0710544	42.4933802
Germagno	46450	8.3837015	45.9007863
Peritiba	296571	-51.8696945	-27.3635000
Ferreira	347979	-3.0324933	37.1683516
Metairie	131642	-90.1767150	30.0018520
Nagycenk	1458349	16.6919377	47.5945434
Orendain	346887	-2.1062971	43.0787956
Valdivia	1324947	-75.3696195	7.2423401
Pantepec	5999658	-93.0524661	17.1944142
San Pablo	4479723	-91.9319371	14.9701918
Pantepec	5570056	-97.8503349	20.5810375
Inashiki	2682933	140.2952448	36.0114470
Dassa-Zoumé	2860039	2.2693547	7.6906451
Ayapango	5605567	-98.8176108	19.1205433
Jaltenco	5605912	-99.0929255	19.7541267
San Pablo	6490067	121.3578972	14.0556900
Liborina	1307268	-75.7874215	6.7235286
Chongjin	4152088	129.8887902	41.9864764
Kuta Alam	5978335	95.3305398	5.5708803
Muara Dua	4552373	97.1169809	5.1662502
Del Nayar	5605742	-104.5931934	22.0561290
Sawangan	5317296	110.3923531	-7.4937560
Kisbajom	1367908	17.5062198	46.3138881
Vacovice	438133	13.7842552	49.1410649
Abrantes	5400339	-8.1282365	39.4401029
Kineshma	389795	42.1579627	57.4413104
Kineshma	3442996	42.1579627	57.4413104
Almeirim	185668	-54.0102725	0.4055894
Ilmajoki	2269241	22.4810477	62.7364370
Kirkland	237356	-122.1911358	47.6916593
Chipaque	1345091	-74.0860578	4.4073852
Inashiki	2682920	140.3857537	35.9432119
Shakopee	136766	-93.4603280	44.7651465
Talavera	342728	1.3634219	41.5891519
Veselice	441934	15.1261719	50.3956291
Griesstätt	2186923	12.1956507	47.9928686
Erlanger	130599	-84.6034416	39.0180055
Librazhd	1250611	20.3246311	41.1812945
Baisweil	445503	10.5441518	47.9517800
Stockach	1236173	9.0232244	47.8514225
Füzesabony	1418125	20.3898307	47.7536943
Laterina	42479	11.7120836	43.5029803
Cleburne	115251	-97.4084629	32.3574105
Kovanice	441532	15.0715384	50.1613045
Kakhovka	2875222	33.4889655	46.8079327
Kappelen	384555	7.4416713	47.6151989
Diesdorf	1285574	10.8793694	52.7514002
Leonding	86316	14.2409961	48.2767359
San Pablo	3704291	-122.3469404	37.9652971
La Horgne	3285519	4.6742709	49.6245251
Vila Real	4202166	-7.7642282	41.3006242
San Dimas	112117	-117.8094121	34.1152610
Sibbesse	1182649	9.8910849	52.0505330
Sibbesse	6680435	9.9092714	52.0250815
Shighnan	6565472	71.2169922	37.6285323
Rrogozhinë	1250110	19.6616536	41.0793971
Balashov	6441219	43.1831083	51.5356252
Zangberg	940971	12.4344166	48.2819692
Bassiano	1768911	13.0416795	41.5462759
Pernarec	439745	13.1049592	49.8552751
Descanso	296672	-53.4859305	-26.8608207
Prakasam	2022278	79.6471809	15.6322660
Wedemark	1177823	9.6964466	52.5636880
Nagakute	4567408	137.0608317	35.1753035
Giriasih	5615572	110.3625630	-7.9993657
Pandeyan	5615497	110.3884080	-7.8183106
Sasayama	900262	135.2529963	35.0665115
Kalisari	5802367	106.8529733	-6.3360796
Grad Pula	2259875	13.6526430	44.8298730
Värmdö kommun	398649	19.0637011	59.1967276
Naoshima	4051409	133.9902842	34.4628517
Sekikawa	4137060	139.6065411	38.0441845
Nesodden	406135	10.6378345	59.8083130
Kumagaya	1769196	139.3654957	36.1620080
Blumberg	2785259	8.5589951	47.8315661
La Piarre	1368420	5.6510758	44.4807792
Wanfried	549420	10.1669065	51.1628156
Beauvais	1665578	2.0087480	49.4631410
Panketal	1318329	13.5440537	52.6401249
Malovice	436486	14.1965659	49.0878404
Vila Real	3967823	-7.5465334	41.5228712
Le Langon	166769	-0.9523446	46.4368066
Cudrefin	1684936	7.0321360	46.9546828
Valangin	1685537	6.9031562	47.0177174
Nürensdorf	1682174	8.6506637	47.4572565
Bellikon	1684265	8.3495076	47.3904560
Loffenau	309860	8.4032198	48.7737762
Argentan	3329960	-0.3493654	48.7165272
Heverlee	3921679	4.6931307	50.8517292
Manhente	4058014	-8.5695648	41.5469292
Henggart	1682135	8.6807307	47.5606141
Immekath	3693965	11.0722561	52.6236434
Milonice	440848	17.0547453	49.1718058
Develier	1685597	7.2861426	47.3630223
Plandome	174428	-73.7000215	40.8064390
Edinburg	206810	-78.5604694	38.8244905
Lindenau	1314220	13.7369002	51.4022383
Oekingen	1683564	7.6064484	47.1807629
Janowiec	3642106	21.8843671	51.3259762
Hengchun	2756709	120.7425108	21.9798222
Almeirim	5400564	-8.5725978	39.1680029
Sezimovo Ústí	438734	14.7151993	49.3842209
Radzyń Chełmiński	2713640	18.9362293	53.3862697
Wildberg	1427901	13.1371992	53.6550104
Jílové u Prahy	442259	14.4902254	49.8916644
Alterode	2409269	11.3834676	51.6703193
Nainital	374951	79.4593564	29.2953801
Nainital	7398838	79.4593564	29.2953801
Heringen	238972	9.9755866	50.8923665
Südtondern	1574208	8.8849784	54.7966976
Boningen	1683486	7.8520034	47.3015288
Zaamslag	149822	3.9313375	51.3279417
Faraulep	3819439	145.3790433	9.2190525
Pingelap	3823807	160.7030171	6.2150000
Lac Peter	6539977	-74.1591446	50.1551605
Lac Couet	2464988	-73.8737310	49.0487335
Lac Pinet	3098974	-73.1165680	48.5194821
Lac Reims	1480545	-76.2938954	47.7937141
Lac Gouat	1482663	-71.7907633	47.1173261
Lac à Ti-Slas	1604381	-65.9762644	49.1072171
Lac Perdu	6541066	-75.2090941	50.6101854
Lac Barry	6437085	-75.6226626	48.9732634
Lac Perdu	910496	-77.7919116	46.4198673
Gangvann	6156108	8.5242797	58.4862497
Sniptjønna	4801669	10.6721510	63.3059263
Sniptjønna	5241028	10.6732057	63.3065611
Strandsjön	173595	17.1729252	59.8694927
Shaw Lake	2543689	-65.7818667	54.1227405
Brandven	1258233	5.1966910	51.5567420
Rotatjørna	5160235	5.4401287	59.4965400
Ngatpang	3825296	134.5333095	7.4757162
Storgrønsjøn	5599835	10.6333298	63.7616667
Rome Lake	6492003	-81.3038834	47.0015311
Wine Lake	401427	-90.9349369	47.9454810
Temecula	3866463	-117.1173109	33.4932626
Rio Chico	2192924	120.7871692	15.3270473
Limerick	4221078	-77.6733170	44.9045386
The Crank	6518378	-76.1050211	44.4768605
Tartagal	1665069	-62.1500333	-24.2230998
Kalavesi	299789	28.8541457	61.6074821
Huuhtjärvi	5669760	26.8198056	61.4826297
Blue Nile	1239444	34.9592750	11.2349071
Cotegipe	362317	-44.3957986	-11.7405960
Bosnjane	6331372	21.4736336	43.8857761
Djurinac	7286311	22.1304631	43.3850977
Bell Pond	4057379	-73.7556664	42.1751274
Biotestsjö	6719802	18.1890929	60.4283701
Sogenchi	3962914	135.6733679	35.0156118
Urmanica	6657817	21.9154211	42.6741544
Pungtjønna	5177496	10.0498020	62.9244000
Stor-Skärsjön	7636270	12.7644176	60.9476286
Lisselsjön	2914578	15.6266481	60.1684704
Otertjønna	5246209	10.8816570	63.3219065
Varetjørni	6172953	5.5767336	60.5773050
Stor-Björsjön	7130032	12.2405306	63.6145804
Makowice	6054875	16.5126015	50.8014486
Janowice	5781708	20.0285253	52.1113446
Cybulice	5344587	20.6484884	52.3823313
Regulice	2552958	19.5245089	50.0842980
Borisice	7480910	19.8453039	43.1036826
Lukavica	7472440	20.3162576	42.9991605
Ljubinci	6965547	21.0979856	43.4269951
Lough Cam	2548824	-9.9206034	53.4286561
Lough Cam	2552064	-9.8554462	53.3523348
Lough Cam	2557290	-9.2751917	53.3028579
Zapiecki	2777236	20.8750838	52.5115334
Dobrocin	7212282	19.8406791	53.9016329
Carvalho	6553653	-8.3052722	40.3367148
Ferreira	5913209	-8.3509850	41.2657703
Travanca	5830065	-8.1917919	41.2745567
Vila Real	4202162	-7.7413878	41.3029256
Vila Alva	6431996	-7.8873533	38.2520000
Amoreira	3991117	-9.2562667	39.3661970
Cardosas	6519361	-9.0378480	38.9733939
Almeirim	6458144	-8.6386868	39.1903087
Travanca	6354425	-8.2226176	41.0372547
Manhouce	6453518	-8.2017149	40.8213546
Lukavica	6665602	22.7602026	42.9940271
Myrtjärnen	2916320	15.8002979	60.0970537
Gorrtjønna	5200650	10.2223181	63.6586765
Ferreira	5728028	-6.9835956	41.6370758
Travanca	5718030	-6.5087604	41.3886882
Nadolnik	3550287	16.5222372	52.0464256
Abisynia	4029345	17.9389451	53.9300834
Janowiec	6406023	16.7662159	50.5005367
Stamnica	6314233	21.5443730	44.3483851
Norojärvet	1590614	24.1141785	61.6017553
Koivujärvi	4028769	24.2411754	62.2002216
Prilepac	7222972	22.0502095	42.9532697
Bottensjön	1069609	14.4768384	58.5250521
Kasidoli	6365775	19.4536710	43.5614698
Santalla	5887075	81.4798800	28.9500727
Bevardis	3185316	26.2833895	55.1740050
Gray Lake	2054773	-66.8982581	46.9455220
Pellejas	4467851	-66.7094289	18.2090035
Pellejas	4467664	-66.4403121	18.2137669
Bevardis	6769644	24.9811645	54.7682364
Bevardis	6949012	26.4023681	55.6439273
Bevardis	5673533	26.4176929	55.6728785
Freirina	1572198	-71.1828308	-28.7799001
Lac Tapir	1519118	-74.1451359	46.4987341
Mule Lake	3381927	-81.3133688	46.8615049
Ojay Lake	3832125	-83.1642681	47.2744866
Sloe Lake	3914574	-81.2398217	47.0135363
Shaw Lake	6452070	-76.9960319	44.9988871
Echo Pond	1694670	-74.3555980	44.3083488
Howe Lake	3687467	-87.0824123	46.4317233
Lac Drupe	908580	-77.0071247	47.0024489
Pindilig	3691736	-78.7248770	-2.5897759
Bogomari	3721232	13.9592144	11.4989905
Franking	404463	12.9342388	48.0565400
San Pablo	5730521	-84.0919487	9.9987210
San Pablo	5731373	-84.1061307	10.0512811
Olio Lake	2114293	-90.8303920	47.9631699
Shaw Lake	2534370	-61.0085109	45.5429744
San Pablo	6278532	-84.0469651	9.6837059
San Pablo	5716986	-84.4532485	9.9046182
Hurd Lake	1167184	-66.5318195	45.2652816
San Pablo	6406117	-85.2010314	10.0206392
Mule Lake	2883457	-130.2099090	57.0874888
Gamboru C	3721285	14.1297363	12.3492022
Hyco Lake	229770	-79.1705283	36.4583911
Kachorwa	6655159	85.1556409	26.8850693
Zierbena	342632	-3.0971755	43.3530471
Jikamshi	3711658	7.7629236	12.1748370
Karaduwa	3711678	7.7429843	12.2913117
Bila Gusi	3721228	12.0108134	10.4121821
Ciénaga Manatí	2504813	-74.6812726	11.0269061
Chhoprak	6096739	84.5843383	28.0504144
Lalparsa	6536703	84.9097597	27.0981586
Saligram	5806833	83.5995667	28.0291458
Rugarama	1737414	29.7543108	-1.4303160
Hugo Lake	2460294	-95.4162493	34.0718125
Land Pond	181694	-78.3499793	35.9990381
Pangtang	6779439	85.7898275	27.8945562
Karthali	6759667	85.9609982	27.8047458
Dumkibas	6075386	83.8776904	27.5871601
Addinson	110354	-87.1766553	34.2017290
Langping	6489361	106.3146376	24.5409820
Lac Ranez	1482138	-71.7215721	47.2853564
Birnbaum	1021746	11.4471186	50.3633602
Lac Perdu	1481068	-72.3378280	46.9999218
Lac Perdu	1478563	-71.7141806	46.9550504
Lac Priat	196422	-76.1638756	47.1281936
Lac Peter	193787	-76.2568057	46.7152365
Lac Arvin	408128	-75.3510488	46.9693078
Lac Perdu	553195	-75.4059784	46.2856240
Nord Lake	907445	-93.6526563	46.4922393
Charette	7711423	-72.9397747	46.4364813
Lac Peter	2604486	-66.7437108	54.8575391
Lac Piper	1864081	-69.3991570	48.9717841
Wine Lake	3499773	-93.3237737	50.4240099
Wine Lake	3499772	-93.3160137	50.4687439
Mawn Lake	6049416	-89.2291910	49.1273239
Eris Lake	4143766	-86.3401137	49.3055816
Hurd Lake	5201287	-86.9946822	50.4583208
Lund Lake	4068079	-84.7853561	48.2510891
Hess Lake	4559123	-81.5526345	49.4678130
Die Rolle	67860	9.1796860	52.6382026
Longfeng	2172887	104.7152045	31.6406920
Mudhegau	5946612	80.8749954	29.2018987
Dhankuta	6680204	87.3247652	26.9831425
Fediguth	6702312	86.3377978	27.3037616
Longfeng	6426608	112.6923625	27.3095629
Rugalika	3954986	29.9620798	-2.0294461
Varležeris	6130365	25.6796987	55.7450180
Dreznica	6650096	21.8848387	42.4053730
Le Loclat	5647625	6.9968181	47.0185669
San Pablo	1791802	-73.1178527	-40.4245801
Aguanish	7734511	-62.3488280	50.3252373
Lac Atikw	3336721	-75.1423707	48.8786662
Prandi jõgi	3605507	25.4720139	58.7971437
Rio Chico	2317958	-68.7157492	-49.7427759
Kirkland	197577	-73.8583883	45.4538995
Bevardis	4003245	25.3270422	54.7846538
Tartagal	2728568	-63.7957734	-22.5210940
Bunn Lake	177687	-78.2749378	35.8597960
Hyco Lake	4606444	-79.1335342	36.4597144
Lake Howe	3117535	146.4438070	-41.8152295
Gray Lake	6293793	-108.3349773	61.8647500
Taye Lake	2132606	-136.3532979	60.9294818
Taye Lake	2132607	-136.4107357	60.9499450
Savannah	141037	-94.8235810	39.9397840
Sampaloc	186448	120.9970163	14.6135671
Hainburg	659753	8.9486828	50.0671878
Hannivka	4733648	38.5510122	48.4837769
Karakule	7098656	23.2784797	53.1546817
Dhankuta	4589466	87.3132630	27.0175217
El Factor	7386633	-69.9309230	19.2943938
Łochtynowo	7083458	22.0246102	53.1483546
Milonice	441753	16.5669375	49.3691038
Wildberg	1181675	8.7316439	48.6370984
Merrimac	1965521	-71.0140241	42.8354220
Guanajay	2576651	-82.7087101	22.9237534
Pasagaun	5291883	84.2120683	28.3064874
Naoshima	2950944	133.9845820	34.4604255
Lekrarna	2663833	11.2301472	58.5759841
Stamnesøya	7790159	9.0477247	63.4594995
Kilevika	6774865	10.9297075	59.7617507
Cayo Coco	5339717	-78.4518749	22.4723091
Dalu Shan	6945470	121.4038649	28.0878006
Storeskjær	4815817	9.0881746	58.6213100
Tailahti	7265010	29.1612383	61.4009767
Vohilaid	400931	23.0254527	58.9161975
Savannah	197188	-88.2362813	35.2182250
Spaubeek	1514980	5.8388688	50.9349181
Hannivka	4663865	33.4624938	48.2441796
Beltrami	137163	-96.5272901	47.5426295
Atlantic	129030	-95.0121342	41.3973600
Lilydale	136897	-93.1349272	44.9047010
Sitaniec	3332918	23.2391841	50.7646961
Kappelen	1682503	7.2772566	47.0731942
Pishhane	3167412	25.2610277	49.8261515
Pillager	137811	-94.4741392	46.3292860
Lisiniec	2811317	19.0536774	50.8143924
Kelliher	137364	-94.4450416	47.9430194
Kaluka küla	352561	26.8479767	57.6598466
Sandra küla	351711	25.1496242	58.4609946
Burgberg	3080872	10.2571148	48.5813232
Kõveriku küla	352055	26.8080920	58.9836341
Westend Süd	4206778	8.6627540	50.1179002
Dhankuta	6680438	87.3382619	26.9913333
Blumberg	1715253	13.6197059	52.6168896
Rio Maina	7405785	-49.4304599	-28.6740416
Ferreira	7353908	-52.9757513	-29.9983451
Pitarana	6117461	-44.4866419	-14.3500342
Parelhas	6242377	-36.6308299	-6.7108694
Clemency	1958139	5.8758216	49.6028778
Wildberg	1600900	8.7434152	48.6265015
Tõlliste küla	355045	26.1375506	57.8827619
Euenheim	3297914	6.7551449	50.6402569
Amareins	6800469	4.7855393	46.0761329
Laatre küla	351254	25.2582031	58.0404357
Varginha	3028867	-48.2756314	-23.7596821
Võduvere küla	353081	26.1264404	59.3208690
Luidja küla	355163	22.4119124	58.9256043
Reonda küla	353114	24.9557165	58.7318124
Parila küla	352609	22.4229485	58.2743696
Tubala küla	354879	22.7454782	58.9379882
Raudla küla	351201	25.7248556	59.2269521
Rohrbeck	4462807	13.0400231	51.9579130
Preedi küla	354621	26.1354505	58.9328948
Kiwalani	5997065	39.2313267	-6.8590389
Abrantes	6173584	-38.2816577	-12.7887256
Katase küla	355399	27.3666081	59.0269933
Heringen	2399478	10.8769758	51.4361084
Lamarosa	6554008	-8.5691995	40.2539106
Roosky ED	2294927	-7.8898480	53.8436487
Sernande	5837294	-8.2319378	41.3417334
Kolonica	2324023	22.2540325	48.9482084
Roosky ED	4210805	-7.9272727	53.8064902
Nemcovce	2277827	21.4283817	49.2173356
Lukavica	2277756	21.3221701	49.2624191
Kalesi küla	354676	25.1110511	59.3489160
Parila küla	351347	25.2469798	59.3365670
Niinja küla	351161	23.8560493	58.8546025
Almeirim	6275043	-54.3247699	0.4123485
San Pablo	4773264	-67.9845226	-38.9415287
Võduvere küla	351493	26.4200844	58.7746593
Parila küla	352111	23.6160984	58.8699914
Baluarte	5353186	-43.5308361	-9.8435199
Higinio I	4803219	-67.9094880	-38.9460420
Travanca	5739360	-6.9943148	41.8975334
Diesdorf	3694396	10.8951186	52.7522283
Olabezar	7158591	-3.0190314	43.0622981
Hesedorf	383132	9.2103761	53.4680461
Ferreira	5680671	-8.5860255	41.9492691
Guisande	6022208	-8.4763184	40.9694019
Travanca	6022215	-8.5698164	40.9050340
Nemcovce	2320191	21.3781086	49.0583771
Giglovce	2322400	21.7341859	49.0057880
Penalobo	6365519	-7.2090455	40.3818203
Travanca	6022002	-8.4814515	40.8098452
Mokrance	2384750	21.0220323	48.6050901
Lukavica	2265028	19.2118036	48.6442105
Amoreira	6368308	-7.0092327	40.5830938
Kidise küla	355171	23.9267651	58.4941393
Opbrakel	721880	3.7382227	50.7831018
Bhirgaun	6680439	87.3575186	27.0183465
Scarriff	6800573	-8.5324214	52.9012104
Diesdorf	2063057	12.1672645	51.7562195
San Pablo	5176411	-64.1609679	-31.4441804
Mandaqui	3049359	-46.6411501	-23.4582875
Damsdorf	1020429	12.7567195	52.3649539
Valila küla	353871	25.9317264	58.8881678
Tobernea	6808166	-8.6140281	52.3695752
Limerick	6650543	-6.2966574	52.7413521
신정1동 (Sinjeong1-dong)	3880502	126.8598001	37.5179499
범물1동 (Beommul 1-dong)	3960534	128.6610127	35.8102784
Taheva küla	353679	26.3444959	57.6292010
Mellrich	2969336	8.2912384	51.5382286
Friedens	191197	-79.0012253	40.0441840
Atlantic	189189	-80.3393478	41.5077460
Merrimac	251580	-89.6254002	43.3747344
Limerick	2021418	-70.7870796	43.6856223
San Dimas	5606227	-105.7400227	24.1150303
Žibininkai	7295115	21.1505899	55.9653678
Elk Plain	237498	-122.3673649	47.0523880
Menaceur	2316687	2.2236308	36.5000414
Guisande	4139394	-8.4504413	41.4789986
Lakemore	182642	-81.4227664	41.0211065
San Borja	1944802	-76.9956899	-12.0964516
Chorużowce	6831224	23.5720793	53.6941557
Fradelos	4140526	-8.4770483	41.5083425
Kirkland	126265	-88.8464524	42.0870875
Eesterga	2660291	5.7154208	52.8676526
Hannivka	3935695	37.1196911	48.4826261
Edinburg	125832	-89.3901515	39.6574165
Robeline	132066	-93.3035956	31.6916190
Berehove	3942833	38.0875519	47.7192618
Seligman	141633	-93.9387458	36.5213260
Hannivka	3933927	37.2617578	47.9078371
Diesdorf	78807	11.5572088	52.1229451
Boikivka	3942287	37.3070627	48.4009141
Holseige	7397553	12.3267044	49.1990719
Bernthal	7630079	11.4944022	49.3287387
Smilanci	6882056	22.6101551	41.7131932
Mali Vlaj	6479384	20.6032338	41.1129461
Ljubinci	6724103	22.1421289	42.1784797
Goshince	6959461	21.4898845	42.2389553
Talbingo	6022608	148.3192478	-35.5994144
San Pablo	4610815	-97.1922155	20.4637379
Ogarevka	7373457	45.4249463	52.4862102
Kiesried	7429475	12.4290769	49.1468270
Pobiedno	6304144	22.0963944	49.5277240
Spindale	176906	-81.9248980	35.3557535
Pechorna	3167349	25.6801692	48.6695556
Rock Hall	133717	-76.2428645	39.1391551
Fradelos	3625345	-8.5978262	41.3687079
Chauncey	182843	-82.1254059	39.4009449
New Albin	128408	-91.2887872	43.4968410
Hasnaoua	4472187	4.8252150	36.1605229
Domiarki	3297293	20.0241651	50.2142031
Soap Lake	237811	-119.4891088	47.3888995
Lindenau	2431390	13.6349830	51.1244923
Ajaokuta	3717973	6.5760183	7.4978072
Janowice	3464505	19.0886179	49.8852220
Makowiec	3418418	21.2067411	51.3407660
Fair Oaks	184209	-95.7112627	36.1733529
Terra Boa	297502	-52.3696876	-23.6875001
Serednje	3167475	25.0465260	49.1900536
Janowice	6563496	21.6485004	50.8140122
Savannah	182558	-82.3649353	40.9646815
Charette	104761	5.3622616	45.8040830
De Heurne	2715030	6.4984122	51.8908565
Orphalia	2964650	44.4190770	33.3210950
Al Amriya	2964820	44.2921912	33.2967431
Grünwinkel	63397	8.3555758	48.9977672
Cluddaun	5569218	-9.4760632	54.2058271
Triamble	6059286	149.2893570	-32.8752048
Blue Vale	6063397	150.2390937	-30.8279611
Falbrook	6059022	151.1363618	-32.4228639
Clooniff	3853602	-9.1339074	53.3255770
Le Merlan	6600468	5.4082120	43.3546133
Shinnagh	3247998	-9.2111557	53.9138209
Cragmore	6142517	-8.9455457	52.5945826
Giglovce	2322275	21.7341859	49.0057880
Ballydaw	6386286	-8.1788283	52.0726168
Ballyhoe	4727882	-6.7024067	53.8960298
Bolinree	5839295	-8.9537488	53.7420959
Tulla Beg	6268565	-9.6390257	52.5385088
San Pablo	4675051	124.8816775	11.7800311
Wüstenhain	5718348	14.1241599	51.7189409
San Pablo	4102599	-100.4160264	20.6164010
Strabane	4631848	-7.3920117	54.4737224
Mandoran	2593540	-6.7129328	52.6260916
Lisseagh	5367567	-6.9638830	54.3628849
Kinnegoe	5260034	-6.6559564	54.4121317
Staghall	5538838	-7.9237731	54.9919704
Ballydaw	2585960	-6.6166179	52.5453194
Inishkee	6838867	-9.6440158	53.8750679
Maulmane	6013633	-8.7264896	51.6987301
Clonearl	4189760	-7.3013034	53.3117873
Ramat Hen	2651102	35.0086226	32.7858079
Tobernea	6002472	-8.5954715	52.3791025
Diesdorf	4727220	10.8665168	52.7434156
Abisynia	4010842	17.8260643	51.8884565
Lenadoon	4251859	-9.0509098	54.2921317
Sofiehem	52806	20.3022536	63.8081965
Jeremias	4601810	-35.9013249	-7.2042992
Vila Real	7824715	-43.8195327	-16.7133897
Monaduff	4166151	-7.5481655	53.4188371
Kyleegan	5684236	-8.4460613	53.1393233
Coollick	6316788	-9.5141151	52.1361622
Coollick	6293420	-9.5021754	52.1320261
Limehill	5771252	-8.4481528	53.1606913
Palm Farm	7683290	-8.9873543	7.2203639
Sniggeen	3203963	-8.4989956	54.0515935
Vila Real	1920427	-40.6473985	-19.5177088
Ballylig	4217351	-5.7682919	54.8116116
Rathwade	2264828	-6.9352778	52.7429264
Aza Otake	6637304	134.0316453	34.3063330
Sharragh	5362298	-8.0244514	53.0799041
Cloncarn	2105145	-7.3001088	54.1886894
Coimbras	6484608	-46.6120172	-20.7004607
Višňová u Frýdlantu	433713	15.0236534	50.9642927
Nuaija (43)	1583646	51.5198070	25.2440011
Ballydaw	5323224	-7.1811931	52.3408657
Urlan Beg	6235139	-8.9029678	52.7442672
Glanagow	5119123	-8.2489389	51.8123173
Clooniff	4198243	-8.0455231	53.3254264
Scarriff	6173941	-8.1437704	51.8815421
Glenlark	4555994	-7.0784314	54.7485644
Tobergal	2562968	-6.4259287	52.5577284
Ballyree	4621806	-5.6434720	54.6423675
Craigboy	4601474	-5.5477886	54.6177351
Deeshart	6163429	-8.7478984	51.9276350
Carey Bay	5993967	151.6047037	-33.0262285
Windella	6058603	151.4783627	-32.6912573
Olivedal	1517300	11.9494101	57.6971806
Tullabeg	2473933	-6.3860586	52.6150941
Lukavica	2264993	19.2118036	48.6442105
Limerick	2518952	-6.3016029	52.7342565
Appletee	4147246	-6.2928765	54.8143248
Monaduff	2324171	-7.7381640	53.8362046
Rosealia	6355894	-9.4065623	52.0127997
Amsinene	6612120	15.0153912	12.1628003
Ebenezer	5563552	150.8834514	-33.5166322
Scarriff	4659924	-8.8633417	52.9881567
Cloonbar	6109282	-8.9997105	53.5406421
Scarriff	6168514	-8.7963499	51.8104620
Ballylig	4627565	-5.6689857	54.2582262
Sleaford	6343289	135.6540223	-34.8766420
Fernside	6069870	153.1719950	-28.7945827
Bendoura	6079474	149.6787569	-35.5374660
Taminick	2557239	146.1075290	-36.3832551
Errinagh	6228530	-8.6716637	52.8963995
Etadunna	6205778	138.5612619	-28.8665391
Killyfad	2220485	-7.9587003	53.8774071
Lukavica	2277709	21.3221701	49.2624191
Cloneska	5363151	-8.0434710	53.0551104
Durra Big	3607143	-6.5934893	52.2842389
Derrigra	6046713	-8.9523086	51.7388300
Ragaskin	5749074	-7.3420370	54.0289604
Kolonica	2323964	22.2540325	48.9482084
Tubalina	5265248	-48.2992233	-18.9350174
Mokrance	2384597	21.0220323	48.6050901
Neuölsburg	4456126	10.2104801	52.2654298
Aughaboy	4235469	-5.9663393	54.8981197
Morchard	6384287	138.4676472	-32.7047394
Ebenezer	6547542	139.0142678	-34.4174023
Nemcovce	2320139	21.3781086	49.0583771
Tarpeena	3798198	140.7851303	-37.6500698
Neringla	6079560	149.7770794	-35.7245705
Killyfad	2319137	-7.7162809	53.7451232
Derrigra	5991389	-8.9389953	51.7378023
Buiucani	1813297	28.7910338	47.0386450
Ardennes	1361394	2.1765142	48.6871460
Teenaght	5143775	-7.1042590	54.8898400
Oldstead	7814125	-1.1819355	54.2219567
Vila Real	6658509	-48.6285987	-27.0082591
Gortnada	5609414	-8.0274535	52.7105891
Ballyine	2209143	-6.8913966	52.5773016
Cloonkee	5149911	-9.2658237	54.1298606
Farnhill	7291075	-1.9921626	53.9155478
Dal Molin	2666581	-52.2883032	-27.6298294
Mimboman	3093762	11.5592399	3.8629880
Lisnabin	4209987	-7.1703740	53.5238957
Ralingen	6650955	6.5217577	49.8202564
Rio Maina	7408942	-49.4195660	-28.6673511
Beighton	933660	1.5260019	52.6163053
Kilquade	4118810	-6.0858756	53.1058208
Aghavrin	6173654	-8.8184087	51.9317998
Long Load	2883231	-2.7753324	51.0088382
San Dimas	5410954	-84.0695252	9.9176161
Lyradane	5735623	-8.6436748	52.0279485
Tullabeg	5987186	-8.3234469	52.5584941
Langarve	4486656	-6.2261778	54.6033691
Clevedon	2962229	-2.8460603	51.4344978
Mickleby	7266145	-0.7545554	54.5120071
Hackness	7281877	-0.4952618	54.3121650
Pickmere	1400939	-2.4575781	53.2952915
Pavenham	5312584	-0.5437225	52.1894440
Drumnaha	5571766	-7.5358208	54.8414360
Loxley CP	3492648	-1.6208884	52.1683585
Ashendon	3793141	-0.9784384	51.8201380
Bucknell	4177319	-1.1936703	51.9196744
Cloghlin	5488428	-7.1599821	54.3845989
Hargrave	1674426	-0.4863258	52.3293149
Rathpeak	4154864	-8.1281066	53.3302123
Veselice	427482	15.1261719	50.3956291
Kovanice	435396	15.0642293	50.1661953
Drumnaha	5610699	-7.5550366	54.7793282
Kotelice	427222	14.2289464	50.5876179
Todenham	6083865	-1.6573061	52.0160129
Kelshall	3632607	-0.0828797	52.0157657
Moanduff	5978764	-8.2463064	52.5825167
Charette	3013572	5.2032063	46.8972515
Hargrave	4522245	0.5797656	52.2062046
Hengrave	4503619	0.6673417	52.2837843
Redgrave	2674289	1.0083973	52.3622131
Framsden	4857727	1.2277852	52.1891233
Fransham	1022381	0.8146592	52.6801262
Shinnagh	6310133	-9.2036401	52.0802539
Shinnagh	5736699	-9.7189204	51.7644113
Libichov	426705	14.9130437	50.3503290
Krasavce	424351	13.3691652	49.5998746
Scarriff	6235761	-10.1653760	51.8567701
Ballylig	4265762	-6.3601418	55.0109135
Cuillard	4677250	-8.0881157	54.0499055
Vila Real	5154364	-52.6068792	-27.0644408
Ardnaboy	4523902	-6.4925217	52.8674330
Moanduff	2319610	-6.9916402	52.7304177
Moanduff	2267302	-7.0037526	52.7309776
Kinnegoe	4540949	-6.3530417	54.4934010
7e Moulin	410914	-72.7473130	19.6516703
Singland	5528507	-8.5963875	52.6593697
Vacovice	433963	13.7842552	49.1410649
Ballyman	2204168	-6.1510365	53.2071355
Milonice	430811	17.0547453	49.1718058
Jílové u Prahy	436370	14.4894059	49.8959577
Druhlice	435351	14.1618421	49.7287403
Coolrake	4768047	-6.7859368	52.9590019
Nechalov	435991	14.2369965	49.7271593
Nemcovce	2277715	21.4283817	49.2173356
Falleeny	5579153	-8.0739430	52.7863988
Bolinree	5249815	-8.1746356	53.5995119
Sezimovo Ústí	432810	14.7151993	49.3842209
Vráž u Berouna	428802	14.1271529	49.9856973
Naas East	5635272	-6.6584174	53.2131217
Bucknell	6811031	-2.9589844	52.3644833
Cooladye	4659978	-8.1499162	53.9902129
Pernarec	424370	13.1082897	49.8397089
Neuslužice	423922	13.9301532	49.1694659
Drumnaha	5617631	-8.1351755	54.8891863
Damsdorf	5715115	13.4317795	51.9669611
Rahoneen	6286131	-9.8129714	52.3192763
Breenaun	3515912	-9.5897848	53.5361822
Kirrlach	5419025	8.5610464	49.2387524
Secteur 5	1192408	5.7461724	45.1777771
Carvalho	5317609	-54.6203765	-20.4756318
Rathleek	4434096	-6.5072506	53.3942633
Keheewin	7820540	-113.5049318	53.4508915
Mautiagh	5617788	-8.1801492	54.3974393
Camps Bay	2034681	18.3822574	-33.9549351
Kildonan	5373961	-6.3193022	53.4040962
Camudmud	1520083	125.6979907	7.1817749
Kilcoona	4059930	-9.0344859	53.4410428
Ballylig	4284427	-6.2808419	55.1717615
Ballylig	4261282	-6.1625780	54.9194989
Rathkeel	4199974	-6.1708910	54.8687376
Limerick	6074569	149.4712454	-34.2052979
Lime Hill	5445145	-6.9328844	54.6097453
Lilydale	2423133	145.3714797	-37.7626200
Killyfad	4203225	-6.3965826	54.7089390
Lilydale	6069974	152.6405356	-29.5442660
Glenugie	6069892	153.0379483	-29.8111744
Clarenza	6069773	153.0001567	-29.6995486
Yessabah	6063916	152.6868855	-31.1102328
Andrivka	3588845	36.6132295	46.8975629
Janowice	6401155	21.2401939	50.8487234
Janowice	6544933	21.5444670	50.6478610
Amazonia	141030	-94.8947023	39.8891199
Krombeke	2241300	2.6729063	50.9045752
Żarczyce Duże	6163149	20.2283751	50.8047505
Thedford	169326	-100.5745457	41.9797653
Cape Horn	1979223	-68.7387849	-55.2631515
New Eucha	183873	-94.8471133	36.3889975
Rożubowice	6801648	22.8527794	49.7329932
Knutbühren	3606480	9.8174290	51.5420162
Janowice	3329958	20.0085253	49.9474669
Abisynia	4029344	17.8339612	53.9287831
Wildberg	1682241	8.8180131	47.4181503
Edinburg	181384	-97.8626874	48.4958239
Rifflsee	2465323	10.8482682	46.9654673
Carvalho	4175620	-8.0712917	41.3794834
Kosocice	3254161	19.9976222	49.9955231
Jasionka	6322534	21.7276244	49.5452656
Merrimac	206541	-80.4182483	37.1898834
Fair Oaks	119387	-84.5490485	33.9198825
Dobrocin	6405978	16.7041470	50.7356081
Kirkland	177385	-77.7970424	34.3177305
Janowice	3499098	20.2062420	50.3833702
Korbetha	2406341	11.9550816	51.3988995
Janowiec	3699026	18.3784228	51.2471348
Jasionka	6897834	22.0635650	50.1181678
Zalesice	3424674	21.1315758	51.2638799
Heindonk	3899301	4.4079047	51.0693675
Janowice	6863149	22.7656959	51.2543726
Janowice	6105895	20.8610818	49.8971556
Richards	141485	-94.5571838	37.9100104
Chauncey	119968	-83.0646296	32.1055105
San Pablo	1900628	-78.7475328	-7.0402794
El M'Ghair	5143582	5.7030199	33.9419155
Janowice	6030494	20.1790908	49.7737028
Izdebnik	3529254	19.7557693	49.8710751
Heseveld	1200997	5.8311687	51.8347222
Fairoaks	2082265	-81.3541839	28.6332246
Nankheri	3547076	76.9846805	28.5198602
Nõo veskijärv	165723	26.5251177	58.2752488
Koskimaa	2574367	23.8233957	62.6455594
Stockach	1490264	10.3753500	47.2590900
Jain Park	3757505	77.0482549	28.6176296
San Pablo	5253641	-64.3830187	-33.1177465
Cambourg	2880706	55.7239468	-21.1156726
Ard Uisce	3327512	-6.4741032	52.3155723
La Elvira	7706178	-75.7092966	4.8108322
Carvalho	6041881	-8.5371949	41.4121980
Palhares	6301560	-8.5198279	41.4589499
Ferreira	5755638	-8.2186107	42.1292923
Fair Park	7346488	-88.0163614	43.0270129
Savannah	7793131	-90.6332720	38.7753027
Carvalho	5763176	-8.3251481	42.0384344
Palhares	5996365	-8.3907739	42.0225037
Leacroft	6964357	-82.4802600	34.8075241
Freiheit	215366	10.2460891	51.7365746
Freiling	7136174	13.1757278	48.4854591
Freiling	7136175	13.1762487	48.4859974
Ehringen	1765212	10.4725087	48.8766556
Blumberg	2958599	8.5331157	47.8395309
Piteccio	7625597	10.8974624	44.0039510
Oberwald	5904638	8.3531333	46.5323602
Osiedle K	5587848	18.9739423	50.1085659
Bell Pond	2251113	-83.7897654	40.4140414
Indinger	6968894	13.2879464	48.4523403
Kaouadir	3224064	-16.5107804	12.8228630
Araville	3818611	76.9755524	28.3591850
Mattaldi	5228906	-64.1688350	-34.4862000
Fish Farm	2544684	120.9261394	14.7525716
Janowiec	6972303	21.1815011	50.1573894
Ainvelle	161017	6.2440903	47.8478825
San Pablo	1328504	-74.2635708	7.3613056
Ainvelle	933138	5.8277771	47.9865473
San Pablo	1309985	-76.9883370	1.6792307
Sandrain	6399875	7.4412665	46.9384350
Norcasia	407427	-74.8327626	5.6397137
Janowice	3642105	21.8462885	51.3180781
Tabernas	344512	-2.3533481	37.0699448
Ompton CP	957154	-0.9696481	53.1822285
Jumbilla	1973506	-77.8022732	-5.9736529
Regulice	3962931	17.3333904	50.5148091
San Pablo	1925287	-71.0681948	-14.1727117
Cochorco	1967997	-77.7050843	-7.8176513
Makowice	4013023	17.3949941	50.5678335
Raizgiai	3670373	23.1782689	55.8887552
Verkšionys	6677418	24.9047322	54.8134990
San Pablo	1994125	-71.3968803	-3.7162678
Inahuaya	1994098	-75.3378110	-7.0514336
Curibaya	1874322	-70.3435711	-17.3973248
Domenjod	2817572	55.5065275	-20.9165088
Caltojar	346083	-2.7520256	41.4030522
Paranday	1968031	-78.6994572	-7.8845029
Talavera	1929597	-73.4515846	-13.6124258
San Pablo	1900646	-78.7789700	-7.0815226
San Pablo	3658083	-57.5783600	-25.3288606
ež. Guostus	2975211	24.3708088	54.6073798
Larraona	342946	-2.2572971	42.7744580
El Ouldja	6559386	1.1066692	35.9346561
Ocongate	1925144	-71.2695947	-13.6836905
Komenského náměstí	372229	15.7813543	50.0383152
Ehringen	4096809	9.1496305	51.3761892
Drapalis	5407512	23.9062531	54.1663108
Öjevettern	3864266	14.2339718	59.5004028
San Pablo	1971726	-76.6002600	-6.8315680
Illescas	2556966	-55.3314117	-33.6088113
Illescas	2556967	-55.3337504	-33.6131433
Artajona	345134	-1.7578774	42.5832133
Sumbilca	1944848	-76.8498819	-11.3938251
Janowice	5760184	16.4011394	51.1337745
Tumbaden	1900651	-78.6652836	-6.9674893
Ghassate	2887628	-6.8729595	31.1558944
Bagripsh	6002846	40.1382492	43.3572953
Illescas	342230	-3.8563570	40.1339380
Varležeris	7013636	24.9911783	55.8445748
Macastre	347615	-0.7920419	39.3553920
El Orjane	2817793	-3.7699306	33.4478487
Oualqadi	2888913	-8.5018860	30.2050458
Oum Rabia	2875668	-5.4495231	33.0704347
