Colorado	161961	-105.5494699	38.9999720
Curitiba	297514	-49.2843328	-25.4950853
Narbonne	54737	3.0035480	43.1494538
Berkeley	2833528	-122.3003079	37.8725480
Kalmykia	108083	45.4429446	46.4955879
Margival	74037	3.4096034	49.4321904
Marconne	1176963	2.0302604	50.3663428
Jancigny	153102	5.4232090	47.3819590
Collegno	44144	7.5939856	45.0947767
Barfleur	216374	-1.2667746	49.6688640
Salagnon	131037	5.3558522	45.6720770
Montsaunès	1469724	0.9287350	43.1082382
Cessales	1239796	1.7451832	43.4569995
Chaulnes	3354238	2.8015593	49.8170843
Barentin	2719041	0.9630469	49.5430049
Teuillac	2919649	-0.5431599	45.1003820
Mardeuil	418182	3.9207027	49.0551715
Ann Arbor	135130	-83.7495714	42.2733320
Landigou	1226707	-0.4808443	48.7429972
Caravino	44855	7.9592620	45.3986402
Chemenot	147910	5.5298240	46.8609499
Cazaubon	74509	-0.0747515	43.9285515
Palinges	2142589	4.2069211	46.5477677
Marsabit	3495552	37.7154891	2.8579582
Doranges	358944	3.6043693	45.3969200
Corbenay	296010	6.3367675	47.8973076
Belverne	295997	6.6488022	47.6292773
Taichung	2921154	120.8176814	24.2200250
Hautaget	166356	0.4562984	43.0587382
Espieilh	2370627	0.2408744	43.0787163
Trévillers	147136	6.8788736	47.2834441
Taganrog	1282148	38.8752673	47.2398676
Mouchard	158789	5.7931776	46.9772593
Neviglie	43490	8.1202479	44.6902524
Jurignac	111356	-0.0446160	45.5304749
Vindelle	107238	0.1089347	45.7193919
Chamilly	2741725	4.6829476	46.8676095
Simandre	1531789	4.9897682	46.6124074
Martigna	140493	5.7011665	46.3892123
Villadin	2031278	3.6895511	48.3156646
Croviana	47123	10.9159230	46.3336415
Clapiers	28913	3.8881669	43.6659080
Jaudrais	2605687	1.1221104	48.5749126
Carlucet	122450	1.6195741	44.7281897
Nasingen	1171886	6.2615396	49.9769168
Giesdorf	1108069	6.4547290	50.1779539
Collorec	1226849	-3.7629330	48.2892036
Sancerre	304118	2.8167769	47.3249703
Faverges	103494	6.2916830	45.7525572
Concesio	45421	10.2101909	45.6112819
Felletin	118592	2.1784865	45.8941068
Castirla	2695002	9.1275533	42.3666922
Paratico	45652	9.9594778	45.6566222
Waukegan	125690	-87.8470670	42.3710675
Canevino	43833	9.2813435	44.9421474
Machilly	105361	6.3338622	46.2501190
Halsdorf	1152667	6.3710828	49.9338466
Ercolano	40788	14.3767985	40.8151340
Jampruca	314860	-41.7192823	-18.4790001
Thianges	1246225	3.5044539	46.9127456
Argirita	315157	-42.8132223	-21.6280001
Gavirate	46241	8.7129714	45.8439537
Bracieux	285659	1.5451099	47.5506981
Jalognes	307863	2.7762120	47.2278285
Bastogne	2426390	5.7391430	50.0120715
Monreale	39366	13.0872868	37.9427346
Vellisca	344289	-2.7986420	40.1249578
Solbiate	46129	8.9258151	45.7932324
Auberive	3094359	5.1099172	47.7838206
Banthelu	661026	1.8123533	49.1260045
Rondinha	242727	-52.9129426	-27.8264882
Wheeling	122060	-87.9292807	42.1250894
Moralina	345874	-6.1368593	41.4893790
Löwenstedt	1415324	9.1768020	54.6333081
Obernhof	540054	7.8619190	50.3200149
Kemmenau	535687	7.7532275	50.3488122
Wadowice	2766024	19.4997268	49.8839552
Andretta	40895	15.3303498	40.9437118
Oelsberg	540469	7.8313390	50.1931938
Gascones	345004	-3.6802531	41.0381720
Wheeling	239989	-80.7050765	40.0843833
Zigliara	2815290	8.9854723	41.8360270
Bernheze	2728416	5.5212428	51.6835328
Masquefa	340791	1.8119981	41.5008778
Olginate	46043	9.3999840	45.7858218
Hemiksem	58376	4.3419535	51.1457612
Dreggers	422765	10.3417176	53.8806571
Bonerath	1256949	6.7745246	49.6912542
Sopelana	348928	-2.9836018	43.3775270
Kiscsehi	1359845	16.6914885	46.5154462
Neukalen	1427275	12.7974739	53.8254715
Letohrad	440375	16.5144150	50.0257914
Rickling	423151	10.1688683	54.0039104
Aureille	73032	4.9432729	43.6983306
Estables	1067624	3.5133948	44.6819228
Marsberg	157381	8.8517527	51.4604164
Limatola	41108	14.4065070	41.1341173
Geetbets	1221158	5.1291804	50.8897983
Itaituba	185625	-55.9689798	-6.0326964
Molinara	41228	14.9177217	41.3084870
Jan Mayen	1337126	-8.4727922	70.9897849
Karlovac	226271	15.4874290	45.3244124
Jenesano	1345036	-73.3886657	5.3728385
Bohutice	437301	16.3498493	48.9901279
Naolinco	6037734	-96.8558671	19.6388457
Coetzala	6037646	-96.9170668	18.7750220
Dufferin	7480377	-80.1989896	44.0282948
Uşak merkez	1609669	29.2369336	38.6792900
Kuta Raja	5978336	95.3141738	5.5679038
Gelibolu	1815220	26.7887445	40.5177489
Dali City	2727734	100.1683030	25.7539111
Rangiroa	6062926	-147.5462090	-15.1224461
Butzbach	385683	8.6553427	50.4266919
Anhausen	444701	7.5452075	50.5032342
Nha Trang	7081538	109.2883165	12.2084694
Hochborn	1248785	8.2015302	49.7250002
Vernasca	43583	9.8351877	44.7843310
Kisfalud	1483472	17.0883511	47.5366166
Netolice	438074	14.1885898	49.0501230
Nadvirna	3704762	24.5822350	48.6304035
Brada-Rybníček	436795	15.3350190	50.4623659
Hamersen	1079013	9.4694656	53.2509529
Subbiano	42508	11.9207005	43.5937290
Chetumal	6333059	-88.2978705	18.5270237
Gschwend	55190	9.7542733	48.9384274
Narayani	4583215	85.0313852	27.3133232
Le Beulay	87572	7.0608386	48.3048362
Vellberg	390785	9.9018464	49.1073909
Obersülzen	1249735	8.2083190	49.5660410
Nevojice	440845	17.0502879	49.1304298
Letonice	441583	16.9698023	49.1812716
Podivice	440771	17.0146957	49.3695460
Zapatoca	1315084	-73.2175584	6.8510075
Asheboro	180331	-79.8580137	35.7166959
Sveta Ana	1676336	15.8418747	46.6541098
Riekofen	966627	12.3328089	48.9179119
Rebollar	339720	-2.5134348	41.9094056
Puchheim	933481	11.3463413	48.1618748
Marklohe	1183265	9.1380986	52.6612158
Lidzbark	1449512	19.8217224	53.2600298
Oberbipp	1682585	7.6736067	47.2528479
Torneträsk	60173	19.2421211	68.3451305
Weerberg	80125	11.7189415	47.2585240
Nissedal	405174	8.5280135	59.0497365
Girijati	5615713	110.3418687	-8.0049557
Rawajati	5802146	106.8558261	-6.2588578
Katongan	5615636	110.6525556	-7.8687998
Tlogoadi	5615413	110.3437299	-7.7307827
Kumejima	4523876	126.7503614	26.4284711
gmina Miłomłyn	2986380	19.8215885	53.7612691
gmina Godów	2828725	18.4728841	49.9376967
Ciganjur	5802133	106.8075365	-6.3334298
Tanagura	4217345	140.3387556	37.0085914
Birkenes	406033	8.2377999	58.4394634
Kamigori	900270	134.3406026	34.8821730
Uenohara	4791941	139.0720245	35.6409445
Scharans	1684156	9.4769343	46.7159783
Besenyszög	1325341	20.2668559	47.2659148
Le Bessat	907280	4.5264590	45.3722584
Újszalonta	1026160	21.4884660	46.8123742
Hayingen	2777735	9.4837559	48.2918145
Erlensee	535896	8.9860347	50.1602008
Dobczyce	2775917	20.0894570	49.8795479
Burgheim	943668	11.0389324	48.6886144
Bensdorf	964589	12.3382909	52.4216004
Alwernia	2552910	19.5343281	50.0562737
Bohoniki	6836946	23.5872510	53.3986423
Hemphill	6603610	-93.8547593	31.3435975
Königsmoos	943730	11.1917255	48.6481805
Randwick	3694935	151.2422612	-33.9186247
Tangmere	2989835	-0.7106907	50.8452038
Speicher	1162788	6.6574214	49.9355746
Le Pallet	337270	-1.3437747	47.1425995
Glen Cove	174480	-73.6629631	40.8969188
Folsgare	2658811	5.6020309	53.0337240
Grefrath	88740	6.3466638	51.3419686
Rekingen	1684400	8.3213962	47.5677944
Schrampe	3677448	11.4462851	52.9001566
Ahlsdorf	2409456	11.4607428	51.5504961
Kumejima	4860910	126.7890529	26.3411390
Lake Orta	2024365	8.3942679	45.8193244
Adyliget	3256786	18.9394584	47.5472224
Shetland	376677	-1.6129051	60.2459302
Bethalto	126625	-90.0463646	38.9010849
Heimburg	4007179	10.9019838	51.8140417
Herznach	1684327	8.0476450	47.4715971
Bellmund	1682373	7.2427100	47.1018297
Fernwald	418621	8.7848831	50.5621010
Boufarik	3823980	2.9193442	36.5738372
Rebollar	346381	-5.9050744	40.1588062
Berkeley	139885	-90.3349792	38.7472025
Livadiya	3059605	34.1407925	44.4675899
Fairborn	182896	-84.0102333	39.8067454
La Morera	347828	-6.6707785	38.5671060
Příbram na Moravě	442069	16.3197036	49.1973622
Prinzhöfte	2012323	8.5447478	52.9479485
Paradiso	1684735	8.9485558	45.9881388
Bastogne	1412583	5.7356143	50.0842749
Berkeley	123125	-87.9081131	41.8865254
Aranitas	1251481	19.7931662	40.6139815
Lac Aubry	932778	-78.9746642	47.0704565
Mayo Lake	911710	-94.3264274	46.5640424
Zola Lake	3601947	-84.3701541	47.9228624
Lac Raoul	7003730	-70.8873483	49.1514268
Lac Marot	3132142	-74.2739002	48.9151475
Lac Water	2569684	-74.4409273	49.8225031
Lac Coucy	3134381	-74.0494212	49.0763681
Lac Jules	3595618	-76.3157285	48.4065331
Lac Yappi	3101031	-73.6441295	48.4667284
Lac Neveu	920177	-78.0758166	47.2226958
Spar Lake	3341356	-80.6408787	46.6686758
Frey Lake	3957083	-81.8922828	48.4464316
Sagevann	1947859	7.9562248	58.2203369
Limingen	4142960	13.5849536	64.7903872
De Winkel	1447884	4.7239406	52.2501579
Colorado	5700871	-83.6876213	10.6113331
Cojimies	2676488	-79.9372504	0.2195616
Tieschen	51016	15.9447850	46.7854219
Carreras	7773748	-61.3095062	-33.5987618
Sallampi	7285038	29.1847781	61.4540056
Rangiroa	6063055	-147.7898628	-15.0898522
Divoký rybník	1742605	17.3907614	49.3048120
Panský rybník	6617604	15.0667454	49.9055926
Gradiste	7186941	21.7591924	43.2751773
Dupljane	1706485	22.4585020	44.3082946
Dupljane	6662768	22.0898405	42.7431002
Goliaten	223948	10.1180458	59.7967807
Skoletjønn	5387398	8.3021598	59.8498036
Søravatnet	4038987	5.3092022	60.7110924
Jasionna	2470490	19.5748471	52.0275769
Zabostów Duży	5780931	20.0288797	52.1319779
Vinoraca	6330867	21.2272539	43.9636479
Trebinje	6949482	21.0474963	43.1339331
Morawica	3225816	19.7442522	50.0730477
Piskalje	7193378	21.4329464	43.1775795
Podlasek	6876395	19.2589194	53.5071755
Valpedre	5928145	-8.3119819	41.1374469
Vila Caiz	5830066	-8.1378730	41.2323433
Carapito	6406855	-7.4530251	40.7675921
Chosendo	6427342	-7.4538446	40.9600764
Lanheses	5714258	-8.6869947	41.7493594
Gradiste	6357746	22.3674792	43.5228984
Gradiste	5364807	22.6935898	43.0679290
Kuusijärvi	124513	24.8860565	61.8226008
Rautujärvi	78380	28.6717251	69.2676234
Medungen	4160523	10.1184690	60.5870789
Kuusijärvi	1782527	23.7585745	61.9490286
Tarjanne	1700591	24.0824394	62.1246239
Boguszówka	3205847	21.8351291	51.4506142
Gradiste	7286179	22.1770838	43.3296653
Gradiste	7222996	22.1501616	42.9192570
Klenovac	6354884	22.4652289	44.1125172
Lakselva	4079290	16.8895908	68.4992962
Tällträsket	393100	20.6997130	65.5170088
Pejkovac	6970323	21.7344477	43.2430222
Kuusijärvi	128336	28.0991718	65.8648749
Shtavica	6416307	21.5665213	41.2596337
Kuusijärvi	88697	30.2237500	63.8871249
Ruvvajávri	7216671	23.5484279	69.6262775
Geađgejávrrit	7207762	23.5882440	69.2333427
Nieiddašjávri	7193569	23.1585990	69.1146371
Miradero	4467792	-67.1746713	18.0903220
Yahuecas	4467856	-66.7913119	18.1986038
Carreras	4468131	-66.6834325	18.3880000
Carreras	4468534	-67.1264938	18.2840694
Duey Bajo	4467980	-67.0820766	18.1330007
Miradero	4467801	-67.1393663	18.2238089
Wold Lake	6904881	-88.3706112	42.3327649
Erlensee	5650266	8.5922445	49.7688702
Erlensee	156516	8.9758685	50.1481797
Yan Barau	3710801	8.5444211	11.8370584
Takakume	3707599	5.8128020	13.5202776
Lac Tracy	1274724	-73.8568867	46.4174910
Griffith	5823815	146.0440530	-34.2762387
Espanola	7569194	-81.7533606	46.2336411
Pero Lake	1043198	-76.6615408	44.4713699
Pansaleo	2648710	-78.5807286	-1.0950146
Afanloum	3822423	12.0473740	4.1268931
Garubula	3721290	11.9668328	10.7056892
Baauzini	3703284	8.5003343	12.7024186
Bauranya	3711541	8.0054571	12.4108207
Amaryawa	3703273	8.3633097	12.5708066
Dogo Tebo	3698631	11.0712927	11.7272263
Mettmach	396612	13.3552478	48.1507793
Paracito	5729260	-84.0262428	10.0021614
Denville	6611956	-74.4930208	40.8842400
The Haven	6840559	-76.2494700	39.1469890
Bomboiza	2661205	-78.4916487	-3.4505977
Colorado	6289989	-85.1180713	10.2131854
Spar Lake	3271241	-65.6616063	43.8757858
Spar Lake	2264650	-62.3699685	44.9930538
Love Lake	1614507	-66.6739218	45.2115977
Lho Lakes	1460014	-123.4434820	54.7157052
Mengueme	3822895	11.3766678	3.2717838
Kungibar	3722427	10.3503649	9.9620858
Pali East	3722476	10.5611232	10.0371719
Dawa Musa	3711593	7.5220936	11.5365044
Narayani	6083685	84.2551156	27.5843995
Majphant	5196034	83.5766149	28.3529236
Lake Mayo	6437711	-81.4420159	30.2613937
Aarubote	6668396	87.6186241	26.9295516
Lac Jogot	1483404	-72.0919041	47.0117061
Lac Weass	196644	-75.6462057	47.7740616
Lac Wasaw	553163	-75.3817893	46.2748244
Lac Troie	899928	-74.7034744	46.6249096
Love Lake	918274	-92.3287991	45.9730195
Love Lake	3457332	-94.9057337	49.5990953
Rope Lake	4128057	-87.3267087	49.0398601
Ozid Lake	5146492	-87.3004876	50.1571679
Stan Lake	6518377	-84.5001280	47.3289675
Erlensee	28543	8.9057004	50.8250450
Podrimce	7247755	21.8634968	43.0559306
Qinglian	2172889	104.6886790	31.6757966
Shuanghe	2172892	104.8920387	31.8662615
Basudevi	5946676	81.0004697	29.1917354
Shichuan	6887830	104.0561332	36.1841035
Darmakot	5849456	82.3206724	28.5757888
Pidariya	6848372	85.5046403	26.9121460
Gajarkot	5876706	83.9781343	27.8822114
Wayaobao	7821632	109.6341354	37.1673424
Tanggula	5904449	91.3292866	33.7631326
Lake Yamo	6150087	99.2688724	30.0293437
Erlensee	2333301	12.1366869	47.9231094
Cetireni	1661034	27.9519620	47.2008261
Ocean Pit	2317564	1.3091065	52.3873129
Lingenau	76327	9.9170292	47.4522130
Robs Lake	5185279	-65.0951214	43.7576844
Lac Moose	3101073	-73.6626484	48.2999710
Lac Moose	3131988	-74.1692593	48.5863700
Lac Payet	3100891	-73.9599921	48.2732132
Tapiales	1750946	-58.4980158	-34.7067751
Lac Levis	1547210	-117.9287695	62.6217955
Vini Lake	2430221	-101.4305037	52.5966857
Osik Lake	6655937	-99.0124926	55.9622499
Guay Lake	3096044	-100.2813828	55.0320418
Foul Lake	1425639	-101.7916415	54.9815622
Love Lake	1418691	-101.1166279	54.9089061
Berlicum	2725245	5.4168084	51.6733913
Imperial	2307074	-115.5700348	32.8436960
Mierucie	6860009	22.4284451	53.6688584
Granschütz	2405169	12.0394309	51.1773274
Zeneggen	1685405	7.8640427	46.2715727
Koszarówka	6860601	22.4876608	53.6262375
Oberdorf	391757	7.3060109	47.5563499
Mauensee	1682895	8.0805191	47.1739417
Hathilet	7098677	85.8547671	26.9511448
Speicher	1683940	9.4446008	47.4124450
Eischoll	1685296	7.7610952	46.2785408
Mondamin	128475	-96.0211157	41.7109544
Litueche	1556895	-71.6992664	-34.1051379
Kulhaken	7091072	18.1986613	57.0168204
Gula skären	2663831	11.2133836	58.5830039
Maslahti	7285132	29.0738973	61.4181796
Psoradia	1462707	29.5964035	36.1520811
Melchior	2987774	-62.9424731	-64.3310786
Île Lavezzu	7449629	9.2532170	41.3408832
Boezinge	1321378	2.8624482	50.8932944
Mahnomen	137106	-95.9683106	47.3144055
Binarowa	4536796	21.2255043	49.7567854
Dzidzantún	5961478	-89.0362855	21.2891931
Griffith	127297	-87.4324833	41.5328795
Kaletnik	6803649	23.0767025	54.1815462
Podlasek	6860608	22.5365334	53.5570278
Highmore	195063	-99.4416108	44.5233892
Garr-Bain	4001294	-8.9145298	7.2190533
Narbonne	2753481	2.8512803	43.1070993
Mantinge	377534	6.6042542	52.7952375
Yoncalla	186525	-123.2893117	43.6026240
Parkside	187628	-75.3782984	39.8680764
Milheeze	1435457	5.7912857	51.5171134
Solec-Zdrój	6488920	20.8940381	50.3654506
Jaczniki	6823174	23.5161460	53.7196070
Drochlin	6797669	22.7105169	52.5674196
Jemielno	6109355	16.5393551	51.5218782
Mezerana	2947376	3.3327868	36.3464805
Mona Vale	5616691	151.3031035	-33.6769587
Barwinek	6321553	21.6776038	49.4281250
Saasveld	1518221	6.7996985	52.3376633
Günterstal	1946362	7.8845313	47.9396570
Las Heras	5738056	-57.6137903	-38.0207466
Dornberg	976440	8.4803055	52.0523839
Quebrado	7313239	-53.2256019	-27.9470939
Dedina Mládeže	2218901	17.9888195	47.9515189
Geetbets	4641364	5.1015810	50.8951919
Rivaguda	7411945	-2.8909221	42.7011302
Lasierra	7412049	-2.8724990	42.7957626
La Sierra	6032032	-74.8036355	10.9558943
Narayani	6079191	84.0172138	27.5720412
Mataripe	6173619	-38.5976773	-12.6841350
Feitoria	6205655	-40.0209717	-7.4850296
Nshambya	6787621	31.8099236	-1.3071541
Renascer	3066706	-34.8573085	-7.0814428
Lasari küla	353436	25.1991148	58.1023678
Separa küla	353973	27.0244534	58.9686531
Raespa küla	351053	23.8117255	58.3508615
Bacuriti	3019185	-49.4556734	-21.5866590
Teilma küla	353504	26.6226512	58.7638258
Leigri küla	353517	22.6172514	58.8988154
Laukna küla	354128	24.1693600	58.9021800
Kalevi küla	351590	24.7807243	59.0219752
Kudina küla	352339	26.6895387	58.6674837
Carneiro	6199623	-37.1484708	-8.4740000
Blesovce	2209695	18.0376563	48.5577271
Peanse küla	6452169	23.7431538	58.6778198
Colorado	6413346	-62.3167930	-38.6989246
Guimarei	5937389	-8.4909683	41.3000839
Rahtla küla	355513	22.1547376	58.4674593
Kirila küla	351282	25.5518378	58.8573733
Ljubinje	6305223	21.4359303	44.6326497
Kolila küla	355319	23.5966761	58.8717827
Garranes	6892067	-9.2059831	51.6725763
Ponceano	90068	-78.4877381	-0.1085587
Lingenau	2263408	12.1981552	51.7333089
Carneiro	5830073	-7.9615420	41.2132892
Itaituba	6277681	-55.9689798	-6.0326964
Ridasi küla	353547	23.2160237	58.5854403
Hodkovce	2384723	21.0946231	48.6811509
Vila Boim	6440239	-7.2850279	38.8579285
Budkovce	2386574	21.9321063	48.6363494
Locherau	2099392	12.0609266	51.7110387
Scheuder	2063020	12.0794883	51.7760309
Ennisnag	6525341	-7.2195882	52.5543258
Miljevic	6304982	21.5238561	44.6365368
Kilcoran	6791814	-8.0422158	52.3368570
Tombrack	6651358	-6.5595407	52.6150101
La Sierra	3902771	-75.5274735	6.2339138
Kilmihil	6794283	-9.3262721	52.7099456
Killucan	6954944	-7.1432993	53.5102539
La Matuna	1643336	-75.5464654	10.4241054
Khirauna	7616925	86.2024406	26.6268052
Võsivere küla	351540	26.4345531	58.3345138
Teilma küla	350935	26.4521104	58.3794630
Offelten	1335640	8.5155936	52.3053700
Vlasikha	2355894	37.1891038	55.6820925
Concrete	237858	-121.7497161	48.5380440
Shelocta	188667	-79.3021214	40.6576780
Mauensee	116691	8.0753421	47.1715362
Feteiras	7540332	-25.7805853	37.8082517
Espanola	171256	-106.0692866	36.0036455
Dzidzantún	6431672	-89.0395121	21.2489383
Bokchito	184329	-96.1428359	34.0174989
Kamionki	7248147	22.3311967	54.2129336
Seerhein	2185061	9.1521924	47.6673915
Papineau	7572164	-75.2285990	45.8753555
Boguszówka	6854767	22.5167155	49.7010477
Vlasikha	1644065	37.1891983	55.6824722
Castelre	2718380	4.7866839	51.4208478
Marinhas	4114440	-8.7777764	41.5528387
Thatcher	110684	-109.7415254	32.8282440
El Achour	544815	2.9781758	36.7259800
Vandling	187514	-75.4705465	41.6285175
Chobotki	6851748	22.9770803	53.3628041
Rijmenam	3004240	4.6046390	51.0129178
Edgemont	195054	-103.8243396	43.2979405
Pidhirne	3942863	38.0651986	47.6838928
Parkside	5469833	-75.2504053	41.1011971
Lamskaya	5880545	38.5836263	52.6907662
Barayong	7720354	124.6712863	11.2742449
Linglhof	7439869	12.1488440	49.1165356
Kanndorf	7352241	11.2472029	49.7769711
Kirpichi	1980434	55.7142102	57.4563305
Smesnica	6953082	21.6238699	41.8396894
Pantelej	6851040	22.3029885	41.9642448
Brezhani	6456703	20.9646542	41.2724997
Stepance	6839601	21.9091558	42.2570153
Kosmatac	6834837	21.8737951	42.0691748
Velebrdo	6890870	20.5790240	41.6017569
Bukalong	6055640	149.2129154	-36.8002693
Agudzera	2632304	41.0996068	42.9286567
Merrigal	5806835	148.2421275	-31.4915449
Freeborn	137586	-93.5651012	43.7657135
Aymaraes	1929526	-73.2276362	-14.3213952
Minneola	117478	-81.7359927	28.5887480
Penalosa	129931	-98.3186100	37.7153825
Anamoose	181374	-100.2429925	47.8835805
Imperial	141813	-90.3770293	38.3653345
Shepherd	134810	-84.6911295	43.5209680
Sieradza	6115877	20.9305668	50.1341455
Jasionna	6152237	20.3965285	50.6194858
Udelnaya	6583498	38.0447903	55.6350535
Griffith	6830643	149.1364966	-35.3265051
Imperial	169458	-101.6357148	40.5160193
Czerniec	6105729	16.2983288	51.3781983
Zofianka	7669239	22.1133808	51.2663910
Alcester	194950	-96.6269469	43.0240154
Kaulille	6067464	5.5172805	51.1939171
Shoal Bay	6059243	152.1738884	-32.7238598
Moneyfad	2551915	-7.7901506	53.5745873
Knockfin	5508864	-7.8446522	54.1083814
Tonlegee	5146107	-9.0345121	52.9416715
Erudgere	6059018	149.4969755	-32.5753359
Cornahaw	5480728	-7.9201098	54.2437507
Mirannie	6059147	151.3789334	-32.3840075
Greenans	3661043	-9.2649961	53.9522961
Berkeley	6076542	150.8429087	-34.4814983
Corraine	5601920	-7.8749903	54.7914127
Lenamore	4478476	-8.0645659	53.2289441
Gortalia	4566488	-8.5634134	54.6212436
Cockatoo	2435973	145.5038806	-37.9263274
Tonlegee	5206264	-8.2421006	53.6737810
Boolaroe	5582757	-8.2810296	52.8624509
Gortacar	3490746	-7.7836363	54.5392861
Mohereen	5855722	-8.7485690	52.1212335
Tullagee	5414170	-6.5463717	53.9894608
Renascer	7401788	-49.3608196	-28.7134126
Tonlegee	4590664	-6.9905715	52.9778443
Coolbaun	2564736	-6.5153239	52.5852950
Aska More	2535035	-6.4726292	52.6722394
Ennisnag	5233774	-7.2319273	52.5529274
Knockfin	4544549	-7.5340580	52.8428420
Glen East	5675590	-7.4554783	52.1683057
Lyraneag	6102090	-9.1241053	52.2882170
Kilmihil	5957293	-8.5624557	52.3681351
Clooneen	5525392	-8.4625031	53.0951638
Brackery	5762945	-8.4062795	53.1443274
Tonlegee	4195031	-7.7921068	53.5196608
Coolbaun	4771653	-8.9069434	52.9875139
Renascer	7291218	-52.9809583	-29.3466422
Shanaghy	5851843	-9.0260617	53.8847481
Rafintan	3509846	-7.3679462	54.3629060
Clooneen	4672624	-9.1553360	52.9878945
Clonbern	4039839	-8.6634657	53.5549954
Bungonia	6074496	149.9581852	-34.8784227
Fintragh	5623265	-8.5033862	54.6606473
Garranes	6386301	-8.2615864	51.9453346
Culladoo	4665174	-7.3713549	54.4846834
Vila Emil	5535149	-43.4205367	-22.7870589
Cavanboy	5465742	-6.8212341	54.3940735
Kereight	2966781	-6.5231106	52.3767840
Clooneen	3210032	-8.5500574	54.1143940
Culineen	4022630	-7.1484495	55.1651454
Tonlegee	4504897	-6.0758577	52.8830065
Prinzhöfte	3900544	8.5212102	52.9314894
Windgate	4217792	-6.0910043	53.1663418
Lisnaree	5604915	-7.7394648	54.8353622
Clooneen	4151320	-7.8806777	53.1642339
Cloghroe	5588039	-7.7827364	55.0099359
Clooneen	5906655	-9.5476788	53.8431273
Clownagh	5340425	-6.4549127	54.4148606
Tonlegee	4443128	-8.0579036	54.2485989
Coolcaum	5479596	-8.7124683	52.3016357
Lenamore	4547424	-7.2133178	54.7029458
Imperial	6176086	-45.4177686	-21.5577322
Lisnaree	4774951	-6.2517641	54.2365030
Coolbaun	5618104	-8.0880795	52.5456752
Malheney	5392679	-6.1790546	53.5587218
Lisnagat	5493387	-8.0947050	53.9572145
Coolbaun	5644287	-8.3312705	53.1699678
Feitoria	7252543	-51.0992469	-29.7521621
Dunbreen	4558595	-7.2940103	54.6757292
Coolbaun	5568338	-7.9458286	52.2827505
Culdaloo	5653160	-6.9076773	54.2523326
Scharlau	7251847	-51.1578067	-29.7181012
Hillsend	4200804	-8.0666769	53.3160249
Larkhill	3503934	-7.9824511	54.5195929
Coomduff	6239677	-10.1419494	51.9590425
Tonlegee	3634900	-6.1818084	53.3931959
Ardacrow	6003896	-8.7130677	51.6648556
Blueford	6091380	-9.0907371	52.2094068
Cloghroe	6167852	-8.6451435	51.9291076
Lisnaree	5604914	-7.7350163	54.8372039
Coolbaun	4748332	-7.1630608	52.8216485
Colorado	7825372	-43.8285242	-16.7363210
Fancroft	4258267	-7.7932046	52.9869616
Anse Vata	1942005	166.4454587	-22.2989598
Coolakay	4520669	-6.1842200	53.1680502
Kilcolta	4832424	-8.2851097	51.7914905
Coolbaun	6293527	-9.5299659	52.1279789
Clooneen	4245738	-8.4611322	54.1267500
Rindifin	5121519	-8.8112402	53.0556591
Keenogue	4617609	-7.5187314	54.4670315
Clooneen	5360074	-7.5067045	54.0357302
Glaskill	4169769	-7.5855323	53.2561846
Clooneen	2192521	-7.4886976	53.8167170
Larkhill	3557709	-8.6146700	54.2058603
Glaskill	4279253	-7.9837530	52.8606183
Renascer	5544076	-45.0765956	-16.3646681
Tonlegee	4022499	-8.8866340	53.5342179
Tonlegee	5703351	-9.1423857	52.7057477
Clothall	3634460	-0.1309206	51.9642913
Clooneen	4013113	-8.7595341	53.6209991
Lisnagat	4453802	-6.3956870	55.1616139
Rathleen	5375465	-7.0384960	52.5063634
Slanduff	4662939	-6.5422314	53.6187357
Corcanon	2519219	-6.2541823	52.7306696
Clooneen	5249540	-8.7329590	53.0888309
Kilmihil	3572195	-9.3274008	52.7211860
Weston CP	1398714	-0.0926726	52.7887814
Clooneen	4297069	-8.1857238	54.3060811
Clooneen	6193279	-8.9185190	52.9487489
Dreemore	5478329	-6.7144401	54.4797338
Clevaghy	2108728	-7.4232131	54.2212503
Shanaghy	2627770	-7.4776801	54.2103021
Cloghore	4088657	-8.1070319	54.4841678
Srahmeen	6095986	-9.5305930	54.2061909
Chowilla	6186586	140.9287835	-33.7740962
Kilmahon	2324217	-7.7041147	53.8259743
Kereight	3001039	-6.6152064	52.4041725
Monallig	6171351	-8.8685475	51.8941124
Tonlegee	6364974	-9.4235916	53.7397268
Aghyarin	4167739	-7.7161016	54.6794094
Akpokoma	6597259	27.6334295	2.7521912
Gortalee	6355890	-9.3324758	51.9584345
Tonlegee	6110151	-8.8292910	52.6331052
Cloghroe	5612092	-7.7749493	54.8514555
Kilmihil	6054297	-8.8464409	52.4591792
Halewood	7599906	-2.8278754	53.3643394
Clooneen	6149008	-9.5630059	53.7882613
Clooneen	5366199	-8.1461769	53.5293218
Kilreash	6129238	-9.0485389	52.4934414
Knockfin	6149853	-9.5484743	53.7828257
Edgemont	7825051	-113.6705316	53.4695482
Tonlegee	5626552	-7.7410201	54.1283848
Lenamore	6226010	-8.6671482	53.3652899
Lisnagat	6168502	-8.8116783	51.8016173
Garranes	6168494	-8.7632017	51.8174926
Lenamore	4785839	-6.9587283	55.1466283
Gum Creek	6584971	138.7742957	-33.7161752
Clooneen	5816735	-9.0351647	53.9048283
Renascer	5418232	-44.0960684	-19.9453858
Ladyhill	4657380	-6.6555104	53.2705355
Yarragal	6059345	149.1001245	-32.6100264
Fernvale	6069871	153.4210335	-28.3655893
Clooneen	2592612	-7.6739534	53.5530076
Garranes	5999268	-8.9263945	51.6890138
Shanaghy	4167748	-7.7406750	54.6456432
Killucan	4217454	-7.1384231	53.5185190
Scrahans	5876790	-7.6745188	52.0068349
Finshoge	3226687	-6.8999396	52.3702021
Berkeley	3202423	-6.8726558	52.4145842
Lenamore	4023084	-8.8373058	53.5758554
Commanes	6261904	-10.0945683	51.8384778
Clogfune	5808302	-10.0881577	51.6117463
Teeronea	6245975	-8.7527637	52.8106868
Budkovce	2386458	21.9321063	48.6363494
Hodkovce	2384570	21.0946231	48.6811509
Schrampe	4722054	11.4403640	52.8950999
Inishnee	3343631	-9.8972116	53.3960018
Shanaghy	5997835	-9.9283956	54.2378894
Tonlegee	4165344	-9.1237483	52.9337507
Peep Hill	6540116	139.1620497	-34.1581518
Bowillia	6603809	138.4157035	-33.9325077
Watchman	6603795	138.4233092	-34.0684604
Clooneen	4291452	-8.9217915	54.2580569
Le Ridrel	4200004	-0.3535652	48.6069234
La Breuse	6812755	2.2465436	48.9720608
Tombrack	2559427	-6.5507637	52.6037066
Hallaton	6725112	-0.8442490	52.5672192
Parkmeen	4230372	-7.0822287	53.2209409
Comiteco	3408751	-43.9215738	-19.9553563
Norton CP	1742753	-1.1216650	52.2686686
Walddorf	7070962	14.6449360	51.0079350
Shanaghy	6015452	-9.3304033	54.3082727
Killy Beg	3861454	-8.0294416	54.4377042
Lickoran	5745757	-7.7520135	52.1843737
Lenamore	4194323	-7.5805205	53.5022083
Glen East	5829355	-9.4863568	51.4338948
Coolcaum	6140153	-9.0654520	51.8716670
Kinteera	6083436	-8.8479946	52.3600660
Shalford	3298354	0.5003317	51.9246465
Coolbaun	6105118	-8.8068906	52.5811949
Climping	2959862	-0.5786083	50.8055245
Pitcombe	2907010	-2.4901502	51.0876733
Aza Horie	6856307	134.1000202	34.3317586
Aghwater	2194056	-6.8148305	52.8143910
Fauleens	5624630	-9.5513288	53.9073021
Clooneen	6000323	-10.0112900	54.2634032
Killybeg	4520869	-6.5946658	52.9587533
Hemingby	1855040	-0.1320291	53.2574663
Shalford	3007692	-0.5704418	51.2054446
Fauleens	5653522	-8.7228631	53.9443437
Clooneen	5803334	-9.0786531	53.6675571
Shobnall	6947357	-1.6562525	52.8061137
Alcester	3557125	-1.8720471	52.2176493
Broadwas	1875158	-2.3468991	52.1997095
Chetwode	3827308	-1.0673437	51.9595488
Sywell CP	1644068	-0.7989074	52.3010261
Norton CP	1272067	-1.1956544	53.6217602
Rainhill	7582984	-2.7633614	53.4133279
Coolbaun	5298827	-7.6903471	52.5196522
Clooneen	4153401	-8.1533458	53.3356427
Lenamore	6184287	-8.5741252	53.3056337
Lismacue	5622575	-8.0459187	52.4447751
Garranes	6344585	-9.5054501	51.8188744
Semonice	431568	15.8818498	50.3349924
Nosocice	7699767	16.1305073	51.6510498
Berkeley	5992538	-2.4575423	51.6956861
Cavriano	6874879	9.2459897	45.4662969
Skarragh	5869185	-8.7379113	52.0955744
Coolbaun	5984963	-8.2747654	52.5811365
Garranes	6078152	-9.1712289	51.6784043
Weybread	4829271	1.2945186	52.3757896
Ringheim	7426248	9.0378677	49.9344656
Faha West	5972318	-9.6918716	51.6814863
Garranes	5811949	-9.9893060	51.6206470
Kilbegly	4154817	-8.1467908	53.3219175
Glencosh	5406910	-7.3447709	54.8803609
Loughane	6180439	-8.0481007	51.8722405
Moneyfad	5568280	-7.5260581	54.9885152
Vojenice	428656	16.1314305	50.2189838
Letohrad	428819	16.5025389	50.0409472
Faha West	6296889	-9.6413176	52.1082134
Sheersha	6293543	-9.6204929	52.1174279
Pribbaun	3664601	-9.2290357	53.3903661
Drimcong	3790988	-9.1950690	53.3495472
Garranes	5736682	-9.7278167	51.7786803
Mbankolo	2759994	11.4867444	3.9020791
Aghalour	4778533	-8.5442101	53.8092284
Serenata	5543315	-42.6400774	-19.5440384
Nova Rússia	3251595	-50.1800990	-25.0822903
Dufferin	1778326	-97.1551571	49.9170569
Realtoge	4672247	-6.5807473	53.6472162
Cunnicar	5409035	-6.5198183	54.0208714
Clooneen	4552449	-8.1292443	54.1777169
Netolice	435468	14.1885898	49.0501230
Garranes	5860340	-9.6212894	51.5152463
Ardgowna	4848398	-8.1648344	53.8494396
Příbram na Moravě	436442	16.3197036	49.1973622
Letonice	430826	16.9698023	49.1812716
Milstead	2428090	0.7274554	51.2943579
Coolbaun	6349129	-8.1277397	52.1289243
Nevojice	430817	17.0502879	49.1304298
Greenans	5618077	-8.1828338	54.7991496
Snodland	2325902	0.4326366	51.3348953
Clooneen	5223666	-8.2448424	53.5770411
Bohutice	426413	16.3498493	48.9901279
Podivice	428160	15.2813355	49.6052828
Coolcaum	6147700	-9.1894743	51.7989341
Agharroo	3583021	-8.3283532	54.4552003
Ilmenita	2017841	-40.8230774	-21.0375185
Bewholme	812625	-0.2339713	53.9460098
Clooneen	5721844	-9.7048801	52.4108723
How Caple	6256424	-2.5729858	51.9736621
Coolbaun	5380146	-8.2510720	52.9840407
Blesovce	2209605	18.0376563	48.5577271
Dedina Mládeže	2218838	17.9888195	47.9515189
Shanaghy	2095207	-7.2376854	54.2209137
Lenamore	5763012	-8.8655669	53.7109322
Clooneen	3629780	-8.4695888	54.3225311
Fauleens	5988307	-9.8433385	54.1734795
Sanderau	396732	9.9378266	49.7762197
Coolbaun	5420967	-8.4020303	52.8522278
Renascer	7198529	-53.6515176	-28.4239420
Imperial	7318788	-44.2951383	-20.0689696
Marklohe	3930013	9.1557131	52.6734770
Kilcoran	4537839	-7.5765787	52.8431366
Donegore	4481357	-6.1337945	54.7215697
Ferihegy	3240218	19.2402687	47.4390579
Altcrock	5661508	-7.8018076	54.1455926
Glen East	3863541	-8.0046412	54.4089674
Clooneen	4685012	-8.4152494	53.9090706
Navodaya	3755103	76.9207208	28.4186490
Lenamore	4868350	-6.8432225	54.9524527
Drumgane	5580941	-8.0863213	54.3778094
Clooneen	4057858	-9.0865228	53.4574378
Felsenau	6401448	7.4548798	46.9765039
Kilcoran	5570414	-8.0284171	52.3568132
Mabrista	4166165	-7.4967006	53.4187807
Kilnacor	4778689	-7.2602972	53.9264534
Tonlegee	5411201	-6.2786311	53.4760394
Tonlegee	3533536	-9.4467324	53.5413701
Kaakkuri	1085835	24.1795806	65.8690241
Sector A-5	3866241	77.0961323	28.8596638
Culnafay	4197200	-6.4314673	54.8163481
Aghavary	4197199	-6.4112810	54.8173520
Killucan	5448424	-6.9399792	54.6607907
Blowhard	6826735	143.7876127	-37.4291693
Lisnaree	4772563	-6.2328671	54.3441673
Aghinure	2633735	-7.4904817	54.2758852
Girgarre	2469717	144.9705794	-36.3915200
Ladyhill	4161259	-6.1798670	54.7544512
Drumgane	5321282	-6.5088523	54.2646342
Nymboida	6063725	152.6637593	-29.9547204
Boolybeg	5691149	-8.5176628	51.9703878
Drumlack	5328042	-6.5305096	54.3127232
Lisnagat	5321264	-6.5287242	54.2740761
Kamionki	6589036	16.9680939	52.2708440
Margaret	110143	-86.4699207	33.6704765
Malinnik	6853339	19.8016819	53.7829150
Colorado	297853	-52.0031126	-22.8174744
Speicher	572810	6.6629742	49.9212149
Podlasek	6501152	20.8944422	50.4390436
Shepherd	142617	-108.3442170	45.9399045
Flintham	956882	-0.9046456	53.0122393
Ostrożanka	3805632	21.1173416	51.1190905
Incirano	6552259	9.1683980	45.5770196
Wólka Złojecka	7424251	23.1422090	50.7878266
El Matmar	6559382	0.4549760	35.7190123
Pump Back	184011	-95.1172016	36.2740930
Gilowice	5648006	19.3125954	49.7160381
Castanet	115819	2.2842265	44.2882223
Colorado	242651	-53.0016640	-28.4612662
Shepherd	6586817	-95.0021514	30.4906504
Falleron	166092	-1.7005622	46.8630206
Light Oak	176772	-81.4764343	35.2850519
Jasionna	3570601	20.9100863	51.6198555
Budziaki	3660082	18.5757275	51.1146546
Minneola	130079	-100.0136642	37.4407464
Podskale	6418848	20.7038886	50.2380386
Czernice	3709992	18.7227934	51.2984605
Annelinn	4572258	26.7657553	58.3678340
Pavištytis	7477824	22.7970644	54.4058809
Smetlede	7796463	3.9336850	50.9691446
Kamionki	6261660	20.8068060	50.9977971
Czerniec	6035642	20.4147779	49.5572897
Oak Level	206777	-79.9354140	36.7907875
Morawica	6291173	20.6127580	50.7398767
Castanet	134262	1.9370280	44.2597192
Wheeling	141129	-93.3859866	39.7842925
Parkside	7309663	-122.0243882	47.6804487
Jenneweg	7531071	6.9744967	49.2446648
Oberdorf	3206351	7.7913918	47.9208040
Ajay Park	3573813	76.9905803	28.6177966
Parkside	2561391	-81.4985466	28.4132511
Serenata	1130862	-81.4654460	28.5156842
Tamatave	1273498	55.2633587	-21.0477093
Copernic	5839421	-86.2978935	12.1621871
Ohlenhof	1125641	8.7544794	53.1244313
Bělohůrecký rybník	3314490	14.2993143	49.1559532
Panský rybník	3020207	15.2983370	49.0536297
Navodaya	3755104	76.9214512	28.4165771
Sector A-5	3866240	77.0996283	28.8614669
Las Heras	4843483	-55.9254007	-27.3899791
Almorode	6300311	-8.6113179	41.4149368
Parkside	4600176	-82.3240990	34.8364843
Oberdorf	4294720	7.9179906	47.6009826
Oberdorf	5802691	8.3552964	47.3436365
La Sierra	6794302	-75.6917657	4.7937903
Marinas H	4443153	-58.6128687	-34.4036132
Tarapaya	6196064	-65.8043471	-19.4788873
Reitland	3513998	8.3277712	53.4342176
Grolland	1137602	8.7621116	53.0601655
The Haven	4621335	-6.3960329	52.2832614
Speicher	3483916	13.5639690	51.2883057
Kemnaten	2993539	9.8555468	48.9003910
Gschwend	3019691	9.7435211	48.9331200
Kolencin	3262472	19.8083579	50.2199076
Podskale	3272725	19.9198859	50.1332071
Carapito	6304076	-8.4697988	41.4173225
Osiedle N	5587851	18.9938718	50.1074073
Dunderbo	3197355	16.0188145	60.1032939
Landskog	6829586	10.9628725	59.7599878
Dak N'Teng	6587747	107.9101322	12.1756511
La Ortiga	5730444	-97.5494523	20.4141035
Pino Suárez	5730457	-97.0901701	20.3864280
Pino Suárez	5730456	-97.0930796	20.3479218
Sector B-4	3866245	77.1095988	28.8318741
Econ Oaks	2061932	-81.2552262	28.5278227
Daireaux	3443610	-61.7470231	-36.5963107
Kankrola	3738345	76.9186117	28.3885615
Walddorf	5905400	14.3179167	46.6657363
Ekholmen	5832426	15.6724512	58.3797524
Oberense	2610593	7.9876188	51.5122180
Mikulice	6778132	22.4282239	50.0069525
Castanet	135611	2.0360085	43.9744902
La Sierra	1473604	-76.7987684	2.1989510
Weston CP	957171	-0.8517017	53.2060540
Gilowice	5616214	19.0925161	49.9988424
Norton CP	6457752	-1.1283475	53.2393945
Imperial	1944742	-76.3646938	-13.0409618
Ukashima	5249840	132.3455436	33.9502255
Cenizate	346058	-1.6529084	39.2954568
Soliedra	340051	-2.3874280	41.4597174
Lancones	1986195	-80.5916730	-4.4252884
East Mall	1750235	-97.7372132	30.2855139
Vinalesa	346241	-0.3678133	39.5336492
El Parral	340667	-4.9917904	40.7959655
Ethiopia	192800	38.9964147	9.1528720
Puchacze	6901799	23.3178728	50.2150125
Ermilate	2812414	-6.1117947	34.4620379
Kamionki	6437750	16.5421620	50.6808185
ež. Ungurys	4488848	24.7433494	54.6033077
