Cameroon	192830	13.6292639	7.3688988
Arkansas	161646	-92.4984828	34.7509514
Barastre	1814337	2.9368443	50.0685523
Brindisi	40545	17.9314017	40.5935675
Méry-Corbon	186981	-0.0747329	49.1367288
Marshall	6690056	-92.6444232	35.9078644
Verberie	1084151	2.7204890	49.3072918
Herzeele	132580	2.5248183	50.8764071
Mastaing	56085	3.2966894	50.3075600
Gergueil	137968	4.8146484	47.2377624
Baudreix	168641	-0.2593709	43.2057355
Balansun	2533822	-0.6918551	43.4890628
Vannaire	148016	4.5691002	47.9152903
Arconcey	132491	4.4610519	47.2177570
Camprond	1107396	-1.3361362	49.0892841
Dalstein	2434875	6.3999743	49.3067730
Vescheim	1395119	7.2269239	48.7941612
Ordonnac	1340513	-0.8371938	45.3088514
Nilvange	1540519	6.0473558	49.3452604
Andezeno	44056	7.8694601	45.0368830
Entrange	1553189	6.1131477	49.4144786
Belluire	152686	-0.5525074	45.5283198
Lasseube	168013	-0.4834106	43.2116985
Melsheim	375404	7.5129564	48.7614304
Létricourt	1815241	6.2891752	48.8771461
Auguaise	3289897	0.5518295	48.6964714
Tartécourt	1276974	5.9746456	47.8409345
Semmadon	1240067	5.8770478	47.7407812
Guaviare	1380540	-72.3761952	1.7897210
Colombes	91738	2.2452006	48.9218983
Hescamps	2032094	1.8751922	49.7300429
Preignan	128186	0.6335866	43.7205699
Cucugnan	2741775	2.6094673	42.8600387
Carnetin	402678	2.7003286	48.9041276
Combiers	1863008	0.4114715	45.5120906
Foisches	1560825	4.7774063	50.1290765
Chaserey	1778563	4.0723749	47.9534412
Heiteren	84376	7.5535666	47.9612412
Broualan	163994	-1.6596827	48.4732506
Pedrengo	45784	9.7391119	45.6960177
Ciserano	45409	9.5961318	45.5838155
Establet	72961	5.4401382	44.4986620
Augirein	2099384	0.9133994	42.9142489
Assignan	163293	2.8903831	43.3995061
Ventenac	2063245	1.7223814	42.9994095
Saint-Péray	127595	4.8184282	44.9393434
Martiago	340093	-6.4719229	40.4358638
Tralonca	2166832	9.1869072	42.3390000
Pianello	1889425	9.3586171	42.3005260
Avapessa	1119966	8.8929591	42.5591794
Agnosine	45555	10.3481317	45.6396870
Copernal	348857	-3.0550212	40.8729930
Sericita	314698	-42.4473890	-20.4970000
Chanteix	120656	1.6251892	45.3130854
Queyrières	3031633	4.1020665	45.0710727
Orcenais	403705	2.4173274	46.7092654
Arnsberg	157396	8.0447453	51.4230139
Saint-Léons	83870	2.9883294	44.2224046
Cerisano	39866	16.1648585	39.2796350
Bruchsal	659820	8.6016303	49.1045405
Fongshan	2106835	120.3531708	22.6161371
Heimborn	453159	7.7621976	50.7120175
Delfzijl	412269	6.9093738	53.3481756
Delfzijl	2469863	6.9310983	53.3809217
Koksijde	1487782	2.6797313	51.1152351
Koksijde	2148465	2.6353426	51.1091101
Glorinha	242484	-50.7617619	-29.8827834
Billings	142497	-108.5437734	45.7903494
Alderney	1973200	-2.1971694	49.7168911
Bellpuig	344262	1.0091660	41.6316074
Herzfeld	1113746	6.2055634	50.1308252
Kotzenbüll	1402693	8.8974653	54.3345611
Haselund	1415325	9.1835378	54.5978357
Richmond	114481	-122.4093200	37.9557616
Frignano	40994	14.1785177	41.0164040
Stoltebüll	1145352	9.8665527	54.6917464
Wangelau	1467718	10.5441362	53.4529806
Saliceto	43127	8.1839222	44.4168706
Viggiano	40450	15.9029417	40.3601263
Secinaro	41807	13.6482947	42.1576955
Grambois	73866	5.5982425	43.7582285
Aguaviva	345064	-0.2042868	40.8289229
Gávavencsellő	1453499	21.5810362	48.1251509
Corbetta	45011	8.9312765	45.4590520
Caltrano	1650898	11.4761650	45.7920293
Brindisi	40485	17.6885157	40.6361855
La Pierre	88593	5.9418357	45.2940127
Bellevue	237868	-122.1597797	47.5978697
Quaregna	45373	8.1622837	45.5854676
Piantedo	46916	9.4228573	46.1222259
Heisdorf	1108059	6.4246805	50.1289356
Lötzbeuren	1261696	7.2260139	49.9350889
Richmond	2221097	-123.1345257	49.1739131
Comillas	344574	-4.2952296	43.3671331
Marshall	6603637	-94.3446118	32.5311184
Brunópolis	296734	-50.8697156	-27.3463650
Magliolo	42940	8.2050446	44.2138847
Kudensee	448013	9.2199651	53.9315870
Bayan-Agt	7302599	102.1072101	49.0845931
Tarialin	7305286	91.9509117	49.7312996
Ulaangom	7305282	92.1313254	50.0888921
Entrerríos	1307265	-75.5627495	6.5928760
Tatatila	6037802	-97.0782968	19.7132563
Alaminos	6490047	121.2436007	14.0408892
Ishikari	4085267	141.5662959	43.3712409
Corcuera	3589475	122.0434972	12.7944614
Mamburao	6517240	120.6479994	13.2314945
Richmond	127380	-84.8798491	39.8350709
Rietberg	78758	8.4126649	51.7964846
Ihringen	70142	7.6612677	48.0564882
Fontaine	90862	5.6763516	45.1939537
Richmond	130839	-84.2756706	37.7089875
Jinghong	5339226	100.9402272	22.0195036
Kondorfa	1131359	16.3938680	46.8954722
Itaueira	302735	-43.1139118	-7.4940000
Gesualdo	40988	15.0620093	41.0112961
Drhovice	438643	14.5489960	49.4396446
Filogaso	39690	16.2273497	38.6815372
Bareilly	1958196	79.3784627	28.4584396
Raubling	2186954	12.0851891	47.7788305
Lautrach	958687	10.1127656	47.8875848
Alaminos	345021	-2.7264125	40.8795084
Doubrava	437919	18.4736902	49.8608584
Kaskinen	2366153	21.1220031	62.3232782
Saboeiro	302585	-39.9116666	-6.4578249
La Creuse	920022	6.3475390	47.6820743
Tarrafas	302465	-39.7537369	-6.7270000
Richmond	6586811	-95.7667321	29.5893135
Timelkam	103045	13.6070929	48.0075715
Roigheim	409708	9.3403927	49.3657949
Le Compas	118822	2.4473139	46.0052997
Eschborn	423062	8.5722696	50.1509005
Tramelan	1682688	7.0969016	47.2272433
La Souche	2574690	4.1551670	44.6256567
Nemotice	440840	17.1228324	49.1287836
Intragna	46661	8.5664697	46.0065111
Marshall	137220	-95.7827869	44.4529495
La Vergne	155877	-0.5733732	45.9713212
Mamadysh	1117473	51.4076273	55.7063430
Bellevue	169681	-95.9088940	41.1475762
Kirzhach	1426427	38.8672214	56.1487461
Huglfing	936932	11.1464395	47.7562705
Bolekhiv	4849434	23.8516528	49.0669791
Steimbke	1183251	9.3470563	52.6782213
Laughlin	170137	-114.7031407	35.1186180
Khash Rod	6593074	62.8779767	31.7871697
Charkint	6573111	67.2301540	36.3668408
Traplice	437491	17.4329574	49.1317420
Wakamiya	4008317	130.6228036	33.7145445
Kikugawa	4674488	138.0929675	34.7356135
Ishikari	4085263	141.2501295	43.5189354
Wadomari	3982792	128.7575599	27.4191868
Martonvásári járás	2375848	18.7872923	47.2892304
Sukagawa	4198913	140.3035011	37.2981084
Levanger	407290	11.2238804	63.6964518
Gjerstad	406038	8.9797420	58.8782545
Saliceto	3229774	9.2640991	42.4125956
Bornheim	168426	6.9556922	50.7619919
Biberist	1683482	7.5555127	47.1813261
Brixlegg	554952	11.9100965	47.4278420
Karijoki	2365310	21.7737367	62.3225514
Püttlingen	1184883	6.8978725	49.2944306
Bornheim	4206767	8.7149324	50.1330557
Aluemeri	190433	25.0218449	60.0028780
Pearsall	113273	-99.0982067	28.8882554
Tannheim	2801212	10.0837389	48.0000787
Shanshan	2747194	90.4309008	42.3763201
Le Mazeau	166773	-0.6709246	46.3321112
Punaauia	6093629	-149.5707639	-17.6180084
Walensee	2616502	9.2197203	47.1255657
Haut-Ogooué	1243580	13.8251717	-1.2284720
Iracoubo	1663793	-53.3285341	5.2405578
Infantas	4112136	-8.2417251	41.4293146
Fair Lawn	170615	-74.1175111	40.9366134
Henniker	357273	-71.8191583	43.1671535
Chexbres	1684903	6.7786006	46.4840759
El Atazar	341637	-3.4663799	40.9377708
Kyegegwa	3498013	31.0006409	0.4831860
Bellevue	182932	-82.8441317	41.2743484
Pielinen	451890	29.8056816	63.2288719
Lora del Río	340563	-5.5134213	37.6692483
Fontaine	81769	6.9970461	47.6565582
Marshall	140858	-93.1925179	39.1085484
Pamandzi	3366534	45.2812137	-12.8009798
Gersheim	1184824	7.2310583	49.1553839
Ermensee	1682831	8.2355356	47.2243502
Bellevue	1685450	6.1375404	46.2570099
Boltigen	1682387	7.3622032	46.5975172
Richmond	140970	-93.9690389	39.2713864
Bellevue	187410	-80.0545377	40.4952870
Marshall	134973	-84.9527422	42.2581845
Bongveen	1390745	6.5933746	53.1228636
Lac Curay	3134382	-74.4007105	49.1922880
Lac Atouk	2465313	-73.9247294	49.4749762
Lac Nelly	3101480	-73.6129236	48.6746215
Lac Houll	196991	-75.7665153	47.8482303
Lac Tsuga	3101568	-73.6181075	48.6239568
Lac Lewis	6434673	-75.7837905	49.6332618
Lac Pitre	3096204	-72.9197211	48.4930777
Lac à la Lune	1568317	-70.6396509	48.1396102
Iglevann	7126002	7.7980087	58.2521706
La Sarthe	1675656	-0.4719923	47.6431252
Lago Moat	7171768	-67.1183858	-54.7450616
Bond Pond	2866015	-58.2575630	48.7450409
Lois Lake	2073575	-54.0503289	48.2926667
Enewetak	3825996	162.2419392	11.5050000
Lac Dolly	2604478	-66.7506386	54.8061193
Soodla jõgi	3582424	25.4659230	59.3838487
Aisjaure	3481044	17.4198961	66.0873796
Store-Nären	254508	12.5799601	57.8420915
Font Lake	6192623	-85.5419392	45.7380578
Birjingo	3707414	5.7817015	13.4312460
Mbankomo	3822961	11.3330103	3.7568438
Otretjørna	6399613	4.6998255	61.0586629
Stilling Sø	7193371	9.9997453	56.0598845
TA-dammen	5381279	13.0916341	57.9918496
Lois Lake	451219	-123.7882553	48.7060985
Hosusjärvi	3472853	26.8012461	61.2541653
Sainovac	7250969	21.8074179	43.1853031
Djurevac	6967638	21.2533227	43.3011025
Palmital	298537	-50.2204861	-22.8210000
Nonstjønna	6378291	11.6002651	64.4904234
Skjørtjenn	5781732	9.3856014	58.9119170
Ertstjønna	5253084	10.6948594	63.3643896
Træsvatnet	5906734	5.0989519	60.4786393
Træsvatnet	6188123	5.0133994	60.6492329
Otertjørna	6188115	4.9658840	60.6991080
Piritiba	362180	-40.6100434	-11.6945741
Jesionka	5344600	20.6848199	52.3815463
Emolinek	5343825	20.5178304	52.4504307
La Creuse	222423	1.3711335	46.6332657
La Creuse	4770557	1.3075500	46.6374560
Pintadas	362206	-39.9043999	-11.8654429
Milagres	362150	-39.8203318	-12.8805145
Grasevci	6959526	20.9973931	43.3459303
Rikacevo	6649239	22.4548933	42.3982481
Milagres	6546914	-8.7715641	39.8058633
Espinhal	6553679	-8.3138868	39.9988486
Tinalhas	5469282	-7.5392543	39.9482854
Silvalde	6021223	-8.6313237	40.9916624
Vermelha	2898713	-9.0904639	39.2748866
Løynfisket	4160514	10.1122238	60.6328416
Starczówek	6407904	17.0543926	50.5460316
Jeżewo Nowe	7091520	22.7152509	53.1367736
Gornjane	6312233	22.0656558	44.2286078
Pettujärvi	2599154	23.7309993	62.4273107
Gołębiew Stary	5399714	19.3360918	52.2588581
Mølnvatnet	7850421	15.1679346	68.4843066
Grønvatnet	7844227	15.6028157	68.3909779
Mølnvatnet	5748930	14.5057420	67.0235343
Sverkesjön	7225002	12.2829915	57.9187103
Zladovac	7193238	21.6507038	43.1171327
La Sarthe	318586	0.1889008	48.1192145
La Sarthe	310362	0.1788791	48.1445437
Prilepec	6434266	21.5889212	41.2962986
Tosåstjern	6561777	6.8248867	58.1902986
Tikao Bay	6725340	172.9197276	-43.7978376
Yargamji	3711865	7.5503058	12.7341930
Minjibir	3710672	8.6588874	12.1779146
Tianjing	6879484	100.2596348	25.5805613
Horn Lake	2210571	-95.7359115	32.0156887
Futh Lake	3408519	-80.7301841	46.8989457
Loom Lake	1190747	-78.4627053	44.7449270
Billings	7558608	-82.2478643	45.9240531
Horn Lake	2990384	-79.4763005	45.6664989
Song Lake	1599403	-76.1464361	42.7683183
Wier Lake	944270	-79.5499446	45.2366456
Lac Wayne	910171	-77.2316641	46.5173205
Lac Pique	910186	-77.1751349	46.5280976
Lac Arnot	910391	-77.7808062	46.9680411
Urdaneta	3651870	-79.1611272	-3.6526236
Beth Pond	1632165	-78.8585552	42.8514834
Dusk Lake	1187947	-78.0764189	45.8853277
Ives Lake	135468	-87.8493347	46.8467033
Gwazange	3708052	4.6502446	12.6691677
Gwazange	3707479	4.3754336	13.3556694
Tambillo	2669242	-78.5604819	-0.4147782
Trap Lake	122176	-90.3623698	48.0282077
Iris Lake	2219664	-90.8418949	47.9987778
Holt Lake	3928374	-80.8756070	47.5538952
Holt Lake	3928375	-80.8726870	47.5588705
Lois Lake	3949646	-80.1250855	48.1533267
Lac Lloyd	553174	-75.3745097	45.8684214
Tambillo	3659940	-78.8800106	1.1981718
Lois Lake	2479004	-124.2583804	49.8339334
Alert Bay	2221298	-126.9243940	50.5857066
Horn Lake	2910604	-124.7050399	51.8012145
Tilepata	5887257	81.4833786	29.0266380
Natsalle	3711773	8.1486021	13.1328505
Fanshanu	3709430	7.7891541	10.6761369
Yanganau	3710804	7.9190243	12.2323358
Kharibot	5326899	84.6636628	28.2505495
Khoplang	6098552	84.5526952	28.0238026
Lake Dorr	6637124	-81.6200032	29.0018085
Limbudin	6666311	87.8909245	27.3245133
Cox Creek	6503871	-76.5314696	39.1734713
Gualo Rai	253859	145.7240441	15.1902069
Pose Lake	400610	-91.3247158	47.8629917
Holt Lake	401865	-91.0641004	48.1189568
Lac Ferru	5174443	-59.1994697	51.2602426
Ferriere	43331	9.5022981	44.6290192
Lac Potel	2607701	-65.3732049	54.8783324
Lac Pitre	1596240	-69.7279408	48.6725508
Horn Lake	3320889	-94.2337990	49.7783595
Pass Lake	1121543	-88.7363292	48.5620747
Wire Lake	1121856	-87.6325084	48.9273274
Wire Lake	4124425	-86.2172363	48.7946149
Horn Lake	3477941	-83.1112491	46.3420506
Trap Lake	3502030	-82.3773591	46.4900610
Kayatepe	3299096	37.4601301	40.9033278
Oraovica	7221664	22.0678536	42.8558448
Sainovac	7211395	21.9427887	42.9082799
Oraovica	7253809	22.0230027	43.1034504
Colverde	46228	9.0015257	45.8047184
Yujiabao	6698278	117.6748719	39.0131931
Sikhauna	6839855	85.4318265	26.8735754
Durchhim	6696631	86.5920958	27.1682778
Chipring	6698680	86.8506035	27.0866993
Mangtewa	6687221	87.1365296	27.4882817
Rangvang	6100374	83.8870818	28.0605755
Ghandruk	5357579	83.8361512	28.4716879
Marbhung	5775625	83.1265300	28.1885427
Nayagaun	5874092	82.7824619	28.0686781
Horn Lake	6550392	-79.6148934	45.3865121
Lint Lake	3172536	-65.6533591	44.4856122
Anguilas	3477582	-58.5200504	-34.4201273
De Vinger	7140420	5.2709979	52.4375975
Pass Lake	1637424	-121.4027522	54.0886315
Kirkjubøur	2098981	-6.7992154	61.9636061
Richmond	1839564	-73.3598658	42.3887425
Holt Lake	1418808	-101.4172879	54.7660767
Cuba City	251514	-90.4318831	42.6056655
Podbagny	6848824	23.2591201	53.6367683
Marshall	251451	-89.0600639	43.1730060
Perkasie	187355	-75.2946372	40.3705286
Česká Kamenice	439576	14.4163520	50.8002765
Zarichne	3075925	26.1036715	51.8067674
Nijeveen	1475810	6.1659462	52.7325973
Richmond	451340	-72.2737828	42.7674980
Weilheim	1240403	8.1917666	47.6732864
Krchleby	439417	16.8405987	49.8260120
Helmetta	170527	-74.4233209	40.3764359
Geesbrug	1380661	6.6203380	52.7375104
El Fehoul	6666563	-1.2832125	35.1379542
Lukavice	440034	15.8338622	49.8789892
Lukavice	440579	16.4890727	50.0569880
Tannheim	37844	10.5100001	47.4866790
Richmond	5498187	150.7736426	-33.6053160
Taghring	5291524	84.3765208	28.3956165
Enoshima	5573357	133.3623385	34.1684876
Gansvika	6774838	11.2104389	59.8586353
Lechousa	965905	23.9990166	39.2303039
Geitvika	7829099	14.2360238	68.1688103
Skibvika	5918617	9.1027844	58.6358640
Isla Nais	6477862	-74.6368269	-52.2105000
Gili Meno	5447624	116.0569626	-8.3505558
Braun Bay	3159578	-71.3802047	43.6736557
Anerveen	1461809	6.6506278	52.6338396
Feerwerd	1468241	6.4712176	53.2965006
Richmond	7707268	-122.6223041	45.5044731
Bornheim	1252802	8.1692163	49.2184560
Richmond	134881	-82.7450454	42.8075319
Uddjaure	66177	17.8734116	65.9526190
Oirsbeek	1422098	5.9125508	50.9513176
Marshall	124771	-87.6975296	39.4034569
Krchleby	442601	15.3386184	49.8790598
Krchleby	441222	15.0249680	50.2399792
Jabłonowo-Kąty	7069776	22.7319507	53.0341482
Lukavice	438311	16.8988832	49.8263517
Bellevue	242801	-87.9499661	44.4617374
Tohatchi	171610	-108.7529393	35.8402385
Frensham	3011832	-0.7774027	51.1598756
Lukavice	440076	16.3039255	50.2056043
Casnovia	134762	-85.7909020	43.2328350
Marshall	185200	-97.6261554	36.1564120
Herscher	125752	-88.0998749	41.0514900
Bornheim	1248571	8.0598639	49.7814091
Paulding	183131	-84.5809848	41.1430969
Richmond	126057	-88.3176002	42.4669189
Krchleby	439894	16.2245915	50.0768354
Zeboudja	5126947	1.4792202	36.3909614
Rakovice	437205	14.0484174	49.4671847
Zucielec	6856452	22.7027249	53.3516030
Pastende	7690257	22.5195754	57.2258117
신정3동 (Sinjeong3-dong)	3880504	126.8419560	37.5127386
Rakovice	2204230	17.7063641	48.5704791
Pueyrredón	5294193	-64.1656251	-31.4022716
Zarichne	3944617	37.9356111	49.0202380
Palmital	5684924	-50.1865281	-22.8210000
Gersheim	5683647	7.2046162	49.1520869
Talachyn	6722347	29.7040271	54.4089985
Heisdorf	1698879	6.1730308	49.6651499
Gotihawa	5984255	83.0249712	27.5065310
Kaimri küla	350732	22.2096510	58.0758171
Loodna küla	354624	24.2428251	58.9039127
Briescht	78521	14.1254588	52.1056227
Oldeburg	915152	7.2956768	53.4813740
Mankovce	2209919	18.3279457	48.4215071
Weilheim	4552258	9.0421169	48.4830611
Wankheim	7597188	9.0995037	48.5013970
Pravenec	2187780	18.6710832	48.8502828
Püttlingen	4536912	6.8910693	49.2809845
Eschborn	3901149	8.5732040	50.1434219
Herzfeld	3500273	8.1560078	51.6880628
Vladovce	6649771	21.9634974	42.3906579
Milagres	6542839	-39.8216714	-12.8790079
Ollepa küla	353881	25.5557038	58.6596432
Mahtra küla	352145	25.0148155	59.1005929
Rahula küla	351342	24.5693979	59.2849420
Perila küla	353980	25.2134732	59.2804457
Viruküla küla	352006	24.2125261	59.0897167
Gantofta	5525157	12.8163937	55.9816311
Rameshki	3573106	36.0431719	57.3411218
Jasionek	7812033	15.7388512	51.1272969
Rio Maria	6325634	-50.1033537	-7.3703442
Palowice	1635658	18.7147668	50.0887776
Kalulako	5752201	27.5463928	-11.6975288
Nayagaun	5963951	81.1573095	28.4578114
Neitla küla	351936	25.7459820	59.1017687
Oraovica	6654052	21.6573853	42.3386860
Schierau	2264761	12.2881063	51.7500937
Sector 12A	3596646	77.0320081	28.4693152
Pintadas	6271060	-39.9043999	-11.8654429
Campelos	2897148	-9.2367080	39.1900534
Flawinne	1701294	4.7981354	50.4624045
Bartniki	5896040	16.1610069	51.1966493
Koimla küla	355057	22.1556196	58.2413528
Chitapol	7714930	85.4762104	27.6534971
Tharmare	5851164	82.2810361	28.4698899
Kyjatice	2274797	20.0076506	48.5376705
Dohndorf	2312991	11.8702713	51.7221869
Senohrad	2266221	19.2028354	48.3635073
Wederath	5986281	7.1657553	49.8665955
Tigase küla	351393	27.0175236	58.3546399
Gesteira	6553753	-8.6682255	40.0736821
Dusmanic	6304967	21.5510368	44.5814616
Altidore	6595794	-6.1738236	53.0901030
Kilmeedy	6833600	-8.9043081	52.4015285
Richmond	7539761	-71.6625994	41.4957803
Prange küla	355584	26.2016299	58.0393979
Kaatsi küla	355125	26.7582495	58.1952586
Richmond	137714	-94.5168062	45.4556869
Robercin	4258233	20.9345246	52.0579097
Faridkot	1948544	74.7853198	30.6030855
Marshall	127446	-87.1858201	39.8474524
Fairlawn	181959	-81.6159031	41.1293523
Bellevue	128836	-90.4297851	42.2725099
Ropocice	6214742	19.8952381	50.7822716
Domaniew	2583740	19.0638222	51.9284860
Apenburg	3694486	11.2046455	52.7156004
Bartniki	6823312	23.5265630	53.7815134
Nij Beets	158291	5.9922631	53.0651618
Granjeno	6587477	-98.3031170	26.1373564
Endeavor	251417	-89.4718216	43.7186770
Hegelsom	1418616	6.0309626	51.4325834
Sokilecj	3167505	25.4006529	48.8843095
Emmering	929918	12.0647717	47.9939054
Richmond	132817	-69.8137818	44.1030334
Richmond	183445	-80.7711810	40.4318694
Emmering	933487	11.2969958	48.1782173
Podhorce	7066002	23.5302718	50.4853902
Bellevue	130504	-84.4770168	39.1014680
Wojeniec	6788537	22.9287600	52.5875729
Painzela	4175406	-8.0265342	41.5263855
Richmond	198797	-111.8064643	41.9255184
Xincheng	3410980	121.6119810	24.0721350
Nijbroek	2712909	6.0555029	52.2979102
Trzebica	6492230	20.9705841	50.3374633
Marshall	179002	-82.6859655	35.8013615
Bellevue	123019	-89.6792663	40.6863839
Baconton	119822	-84.1602709	31.3836585
DeRuyter	175951	-75.8869182	42.7603165
Ait Smail	4112875	5.2297300	36.5536461
Glen Park	174986	-75.9548937	44.0010615
Delanson	175482	-74.1845737	42.7474715
Hausheim	7588328	11.4144444	49.3292234
Tuckahoe	174493	-73.8238005	40.9537979
Medvezha	4640645	23.3930066	49.4079460
Berezhki	3018663	37.5976828	55.3788440
Kuratica	6481970	20.9035236	41.2390326
Memeshli	6875372	22.6293605	41.3344087
Oraovica	6882039	22.5142821	41.6293914
Kazandol	6882551	22.5738685	41.2761938
Gornjane	6961107	21.3581798	42.1423415
Rabetino	6429042	21.0610165	41.5523925
Mogorche	6481652	20.6228530	41.5201952
Vevchani	6479392	20.5737404	41.2440624
Vaksince	6959472	21.6636104	42.2057267
Kosharka	6826233	22.3204223	41.4168886
Gulbahor	7160784	69.0208895	41.0745387
Yathella	5919220	147.4172056	-34.9214490
Zarichne	3622323	35.5808365	47.6919364
Richmond	4546958	-76.5040992	39.9348135
Coviahue	7748170	-71.0535612	-37.8694473
Ironbank	7272648	138.6914343	-35.0453549
Tacuaras	5172193	-57.9819486	-26.8172921
Ridkodub	3939379	38.5212355	48.2678353
Joloapan	4610648	-97.2775947	20.2387007
La Vergne	195986	-86.5639305	36.0211950
Berthold	181353	-101.7363857	48.3155020
Grashoek	2181873	5.9374806	51.3657037
Bartniki	6229247	17.5479201	51.5594467
Ridkodub	3939378	38.5226517	48.2757165
Czajków Północny	6527465	21.3001580	50.5847652
Kostki Duże	6481378	20.6361761	50.4594648
Kholodne	3947104	38.2168390	47.1157585
Bentveld	1373235	4.5715657	52.3646087
Celestynów	3595220	21.6937388	51.3656119
Tuckahoe	175776	-72.4369283	40.9013657
Bolowiec	6425514	20.3454757	50.2705981
Bartniki	6916938	20.2397781	52.0224497
Souaflia	6660582	0.3123304	35.8460195
Minjibir	3710332	8.6142193	12.1936317
Sherando	206802	-78.9334612	37.9917010
Madingou	3224443	13.5866095	-4.1869112
Fromberg	142482	-108.9066036	45.3924014
Narcissa	185315	-94.9290234	36.8012449
Anielpol	6869043	23.3250311	50.9040754
Bellevue	135001	-85.0185716	42.4456019
Shellman	119712	-84.6161610	31.7575549
Ramsgate	5670454	151.1405204	-33.9821593
Fairlawn	206611	-80.5580547	37.1478875
Billings	141226	-93.5557758	37.0576595
Nehrybka	6801647	22.8074169	49.7466961
La Grulla	5615876	-98.6487209	26.2702809
Richmond	130257	-95.2549250	38.4013609
Campeaux	131355	-0.9190504	48.9510894
Pravenec	2225999	18.6710832	48.8502828
Glenpipe	5380701	-7.1139287	52.4137028
Ryefield	4614971	-7.0513583	53.7875280
Box Ridge	6063417	149.5504146	-31.4437846
Marshall	2460751	144.3570263	-38.1963701
Fernhill	6076617	150.8907079	-34.3843565
Rhiwbina	6233821	-3.2177867	51.5351356
Lisgaugh	5978762	-8.2379200	52.6001878
Fassaroe	3908578	-6.1448777	53.1964350
Leaffony	4261947	-9.0238431	54.2480700
Les Mûriers	51726	2.5021577	48.7887645
Richmond	4042959	-8.6206143	53.5380906
Rathduff	5234540	-7.1664630	52.5489618
Rathduff	4718081	-7.3296512	52.7997029
Altoghil	4752722	-8.1020317	54.0975176
Rathduff	5141110	-9.2147849	54.0772860
Corhober	3203962	-8.5001546	54.0804025
Baunoges	6207345	-8.5063618	53.4293607
Kilmacot	2451205	-6.3272104	52.4648530
Derrybeg	5677979	-8.3752020	53.1562252
Rathduff	2598336	-6.7584958	52.5268160
Aghinver	3558732	-7.7202739	54.4930354
Lattigan	5644998	-6.8823250	54.2381765
Derrybeg	5580866	-8.2895263	55.0808821
Derrybeg	4182553	-7.4847948	53.2361205
Ardnahow	5651254	-7.2536239	52.1659476
Lisnafin	5310278	-7.3796749	54.7517386
Carrowea	5415665	-8.0173319	52.8835645
Derrybeg	5527814	-8.0010920	55.0195505
Millfarm	5496207	-7.0597913	53.1584174
Clongill	4706476	-6.7557652	53.7333554
Ballycon	4207563	-7.1926089	53.2915643
Doagheys	5371635	-6.9080217	54.2956886
Rathduff	5984270	-9.1012171	53.7881475
Urdaneta	103686	121.0295224	14.5562093
Richmond	2726730	172.6578059	-43.5173651
Rathduff	5620301	-8.0200199	52.4777629
Broughal	4163963	-7.7703885	53.1963755
Baunoges	6054112	-9.2725055	53.7468159
Foydragh	3583444	-7.4440222	54.3367662
Bellevue	3049999	12.9514530	55.5903003
Svågertorp	3050097	12.9916902	55.5510153
Bornheim	2874562	6.9975353	50.7701641
Derrybeg	5544742	-8.6380315	52.6149232
Kingsbog	4500611	-5.9890534	54.7058304
Rathduff	2264858	-6.9465437	52.7233248
Cregmore	5265767	-8.8178039	53.1786071
Drummack	2633719	-7.4968160	54.2706394
Derrybeg	4249717	-7.7681984	53.0742350
Palmital	3788196	-48.8283798	-26.0427355
Richmond	5141111	-9.3557171	54.0658746
Derry Beg	4850718	-6.9112650	55.0625534
Parkbaun	5379096	-8.7815763	53.1934927
Rathduff	4183952	-7.7884314	53.4218505
Kilmadum	4781474	-7.2215336	52.7355382
Macreary	5499362	-7.4394832	52.3954744
Luhtiala	304199	24.4851810	61.0325204
Rathduff	5562882	-8.5795607	52.0184247
Laghloon	6151392	-9.5825412	53.7605380
Tenambit	6058602	151.6136875	-32.7440856
Doocrock	4625749	-7.5647128	54.5104821
Ryefield	4868459	-8.1997894	53.8710754
Rathduff	5241942	-7.2393242	52.5271162
Lisnabol	4836372	-8.2238642	53.8623437
Lislaird	4168322	-7.6584858	54.6913125
Derry Beg	5646694	-7.7311071	54.1391270
Rakovice	2204204	17.7063641	48.5704791
Kilboght	5885874	-8.5013898	53.2270625
Kilmeedy	6117528	-8.9151105	52.4170594
Mwembeni	6506063	39.2314392	-6.8014753
Rathduff	6185929	-10.0256571	52.1682445
Skilgate	2658716	-3.4504626	51.0366709
Millfarm	4780910	-6.8617860	53.0755652
Richmond	5482074	-6.2457250	53.3677289
Mochovce	2217855	18.4380511	48.2647477
Benolong	6058899	148.6636155	-32.5064489
Balcolyn	6028851	151.5520465	-33.0947568
Kilcorig	4501260	-6.1195462	54.5346657
Kalkaroo	6188940	140.5286212	-31.8010983
2e Roucou	411061	-72.0418040	19.5948998
Koolgera	6217347	134.7364964	-32.3307723
Senohrad	2266175	19.2028354	48.3635073
Kyjatice	2274645	20.0076506	48.5376705
Balwoges	5638893	-8.3597255	54.6827906
Palmital	1918746	-40.0606639	-19.3689201
Balleevy	4772543	-6.2223986	54.3399732
Wyangala	6074663	148.9318286	-33.9805523
Budderoo	6076564	150.6713824	-34.6733287
The Marra	5756025	147.2912241	-30.8104928
Rathduff	4641446	-6.9481750	52.8686080
Rathduff	7347449	-6.9554416	52.8675642
Galwolie	5579704	-8.2743765	54.8784054
La Gasset	4103568	-0.3676450	48.5973468
Shepshed	2399707	-1.3028095	52.7596917
Parkbaun	2522025	-6.2421124	52.7219360
Richmond	7759387	-1.7710274	54.4139877
Floramar	3408801	-43.9348625	-19.8371028
Derry Beg	4198793	-8.3344876	54.0868997
Alipinho	5543205	-42.6370359	-19.4939674
Rathduff	4202685	-7.5419027	53.5549485
Drumcase	5360075	-7.5099182	54.0398193
Thörishaus	6550432	7.3573039	46.8912013
Grafstal	5754727	8.6983944	47.4447303
Vasconia	5410344	-84.0718244	9.9225562
Derrybeg	4011363	-7.2841544	54.1667639
Derry Beg	4632058	-7.4330261	52.9977852
Brundall	933680	1.4426782	52.6211352
Crummagh	6155491	-8.3960141	53.3372740
Nickeres	5626718	-8.3009737	52.4701939
Aylesham	2596017	1.2029026	51.2282409
Durleigh	2706329	-3.0410846	51.1200167
Sharpham	2913325	-2.7587690	51.1471937
Bilbrook	6924887	-2.1490210	52.6315283
Shadwell	4797089	-1.4828311	53.8508977
Ullinagh	5682709	-6.8497969	54.0753739
Corrudda	4470831	-8.2779654	54.2469274
Millfarm	5610687	-7.5656724	54.7817904
Artonagh	5724682	-7.1658743	54.0064126
Volyně u Výsluní	425015	13.2062404	50.4517243
Artonagh	5758112	-7.4946762	54.0583163
Doubrava	432018	15.6566209	50.3673528
Derrybeg	6384065	-8.6796438	52.6979729
Goathill	5685660	-2.4659413	50.9527054
Moyle Beg	5684115	-6.9465456	54.0826607
Wareside	3585607	0.0012810	51.8218259
Childrey	2913747	-1.4820544	51.5809214
Drumcall	5652507	-7.1107329	54.1114235
Traplice	428693	17.4329574	49.1317420
Rathduff	5626719	-8.2726292	52.5116205
Druminda	5616442	-8.1713463	52.5895008
Dromalta	5991688	-8.3608338	52.5937349
Rietberg	5293758	8.4241819	51.7940323
Rathduff	5392278	-6.4627641	54.0389249
Ana Moura	5543211	-42.6849379	-19.5865345
Haylands	4483605	-6.5206396	53.1743859
Posobice	433561	13.4475549	49.2287699
Česká Kamenice	431972	14.4162636	50.7990184
Lalastra	7411839	-3.2176118	42.8775005
Derrybeg	3458880	-9.4808971	53.4668631
Derry Beg	3519682	-7.6665330	54.5373594
Belle Vue	5579254	-8.7889206	7.7564785
Lukavice	428389	15.8416700	49.8872640
Bellevue	7828076	-113.4448892	53.5647859
Štemplovec	433532	17.7847375	49.9774566
Prostřední Suchá	433867	18.4541730	49.8004673
Drhovice	435918	14.5489960	49.4396446
Nemotice	433005	17.1228324	49.1287836
Rakovice	423725	14.0484174	49.4671847
Krchleby	432724	14.4677784	49.7369108
Coosheen	5862890	-9.5228233	51.5242427
Comraghs	5652030	-6.5716774	53.9911883
Newenden	2504254	0.6262828	51.0200288
Drozdice	430570	15.8182028	50.0151849
Pyecombe	2870214	-0.1605508	50.8969893
Ramsgate	2568388	1.4104962	51.3414625
Coxheath	2354678	0.4944421	51.2342126
Butleigh	2910635	-2.6927657	51.1034844
Padochov	432667	16.3628008	49.1382581
Beaudrix	3398036	-60.9052067	-32.8914025
Kloužovice	434864	14.7887476	49.4181716
Frodsham	1440413	-2.7371393	53.2934803
Brookend	5390747	-6.5459290	54.5983691
Palmital	5134758	-52.6175107	-27.1207222
Bedstone	7033991	-2.9415187	52.3757806
Millfarm	5989391	-8.4459365	52.4767270
Natingen	6506358	9.2388557	51.6446840
Richmond	4129942	-8.2292512	52.8784260
Klížske Hradište	2186290	18.4117178	48.5523185
Dinneens	6297141	-9.7959194	52.3498596
Bellevue	5378538	-8.2771483	52.9978059
Parkbaun	4057599	-8.6175024	53.5998470
Derrybeg	3629072	-7.5954950	54.3153003
Penzance	5845647	-5.5563901	50.1058401
Calstock	5758505	-4.2397342	50.5168598
Cregmore	6221249	-8.8747981	53.3460107
Derrybeg	5420106	-8.4159838	52.8499576
Clonbore	4222784	-7.0617538	53.5217982
Parkbaun	4136967	-8.6080333	53.6799044
Ballyhaw	4222806	-7.1163186	53.5028970
Bovolcan	4510659	-6.0999064	54.5655645
Srahbaun	4541287	-7.5547934	52.8155197
Seyyid Ömer	7648809	28.9319828	41.0092998
Maybunga	6314634	121.0894824	14.5773894
Richmond	2039047	18.5733181	-33.9063603
Mankovce	2209853	18.3279457	48.4215071
Cromaghs	4295459	-6.2917074	55.1286066
Ardmoran	5375676	-9.1420186	53.5516032
Lisbreen	4266961	-6.2173272	54.9512929
Derrybeg	3255432	-8.4199853	53.9442616
Glenerin	5297822	-6.9871222	54.8121719
St Helena	2384028	145.1231315	-37.6899472
Derry Beg	5329585	-6.3595450	54.1884609
Vinifera	3108809	143.3813891	-35.2310551
Richmond	5392653	-7.0421479	54.4638002
Richmond	2384434	145.0025440	-37.8223398
Tinalira	5733840	-7.7115157	52.1819521
Pindimar	6059204	152.0915494	-32.6584856
Glen Ward	6063551	151.6499956	-31.8229401
Ridkodub	3944627	37.7964618	49.1871649
Celestynów	4295060	20.0853223	51.4382149
Pai Pedro	314803	-43.2097523	-15.3505000
Bontebok	1418397	6.0363183	52.9609418
Bellevue	121379	-114.2561458	43.4651690
Palmital	297771	-52.2421875	-24.8900001
Bartniki	3965101	19.3409704	53.2700909
Tuckahoe	206848	-77.5803386	37.5945330
Podhorce	7127182	23.7759076	50.7877950
Funakaye	3720427	11.4446812	10.8541990
Le Breuil	117681	3.6683751	46.1753106
Hildreth	169280	-99.0457235	40.3374520
Kolonia Bądków	6626542	20.8437334	51.7427687
Le Breuil	911273	4.4975414	46.7972264
Domaniew	4092717	20.7664659	52.1909761
Meindorf	3084043	7.1391077	50.7782291
Le Blosne	5511312	-1.6588834	48.0843137
Ransberg	4644720	5.0360646	50.8758246
Billings	185267	-97.4429836	36.5292594
Śleszowice	3558982	19.5252709	49.7824908
Half Moon	177316	-77.4605660	34.8207875
Rio Maria	185549	-50.1033537	-7.3703442
Milagres	302455	-38.9399747	-7.2706027
Campeaux	1361995	1.7588445	49.6141300
Le Breuil	252640	4.5885308	45.8907047
Lelowice	5697020	20.2512444	50.2822537
Gisingen	5563837	6.6577169	49.3338464
Mielenko	6614519	16.0174806	54.2446148
Żeleźnikowa Mała	6040168	20.7208200	49.5337586
Broaddus	6603564	-94.2692005	31.3047995
Bellevue	2165237	4.9079450	44.9552433
Villa Eva	2034254	4.9441063	44.9665729
Derby Bis	2994980	21.0597734	52.3199366
Gaisburg	1107779	9.2179923	48.7803887
Assadura	5756319	-8.2527439	42.1189033
Les Aubes	1977950	3.8928574	43.6204802
Šimovský rybník	2728174	14.8071539	49.2071096
Valentia	3182620	-117.2024227	32.8686436
Feuersee	1107933	9.1652943	48.7728112
San Marco	6678221	9.1879435	45.4757342
Armental	6301043	-8.5399483	41.4340056
Amatista	7623050	-75.7166106	4.8075786
Sector A-6	3866242	77.1011743	28.8540565
Rocamora	4833658	-55.9121196	-27.3765821
Pereiral	5762108	-8.2709323	42.0375117
Campelos	6300313	-8.5931614	41.4144461
Wietfeld	4511700	10.6801255	51.7127943
Guarumba	6845932	-58.0005753	-30.7638632
Fairlawn	4647007	-76.9790389	38.8691837
Fernhill	7218372	-6.3260657	53.3081426
De Koppel	2558824	5.3832888	52.1635250
Richmond	3322740	-6.4788447	52.3255476
Millands	2309962	-6.2842482	52.6732170
Tannheim	6953971	10.0798101	47.9993032
Bornheim	1672551	6.9871980	50.7644349
Huglfing	2270151	11.1580891	47.7669038
Langevin	3557970	55.6499483	-21.3814426
Bellevue	4648229	-77.0099438	38.8273530
Samborek	3327342	19.8083430	49.9875993
Milagres	6011945	-8.4714863	42.0468455
Vasconia	7613776	-75.6951814	4.8040601
Jesionka	3206168	21.7128474	51.5450732
Hilfikon	4857675	8.2469544	47.3326801
Katkiškės I tv.	5461983	23.5090908	54.2192330
Tannheim	1447726	10.5219530	47.4951859
Osiedle O	5587570	18.9990723	50.1048287
Confisco	3408753	-44.0194416	-19.8659573
Togrenda	6173510	10.7621138	59.7387591
Pomiarka	6319410	21.5167928	49.4366887
Pueyrredón	3551741	-67.5274208	-45.8773380
Ras Injla	2310094	9.7534627	37.3323302
Cantera V	4051535	-106.1351660	28.6414581
La Fuente	6035728	-86.5794765	12.5402171
Holt Lake	278856	-88.8319989	34.3104263
Migliaro	3424003	-57.0242447	-31.0971511
Cayetano	3372997	-56.7721310	-31.2414579
Gisingen	5419858	9.5898170	47.2682779
Fontaine	2998992	4.7196878	48.2085221
Lavergne	123919	1.7636551	44.8025932
Zarichne	2740218	38.5156469	48.0615222
Richmond	132121	-91.1824247	32.3895544
Le Breuil	1772440	3.6473581	48.9786905
Red Chute	131699	-93.6143610	32.5810060
Januszówka	7609119	22.7978871	51.3508464
Lavergne	1762892	0.4116272	44.5824478
Xincheng	7765375	111.4586769	35.8710470
Le Fresne	3323294	0.9781336	48.9567336
Urdaneta	2032828	-79.9043201	-2.1957492
Zavallia	2788850	30.0338783	48.2005670
Le Fresne	2764817	4.6711079	48.9130799
Ujazd Górny	5856813	16.5079566	51.0850512
Navaleno	344158	-3.0089245	41.8554615
El Ouatia	2890949	-11.3284680	28.4831068
Partaloa	347564	-2.2383564	37.4119425
Cuñumbuqui	1971689	-76.4338016	-6.5884417
Benasque	348023	0.5839399	42.6230990
Grey Lake	7706275	-73.1687929	-51.0498571
Rondocan	1925279	-71.7651289	-13.7836302
Makovského náměstí	2064545	16.5767318	49.2181585
Sinarcas	342741	-1.2143083	39.7560802
Ziemnice	6029659	16.2450780	51.2019767
Pancorbo	345056	-3.1197009	42.6661144
El Ganzra	2808148	-5.9512201	34.0222134
Boudinar	2428503	-3.6432266	35.1998689
Tambillo	1931022	-74.1374648	-13.2069141
Mechouar	4748610	-7.6056855	33.5795289
Marxai Co	6011490	87.4161940	30.9833153
