Tanzania	195270	34.7134388	-6.3723610
Mongolia	161033	105.4252036	46.8656229
Finnmark	406389	24.7685445	69.9698868
Condette	180022	1.6395485	50.6516830
Tournières	131324	-0.9386954	49.2307004
Sept-Frères	133863	-1.0303597	48.8656470
Menneval	3318382	0.6232495	49.1009564
Hanvoile	1420215	1.8859266	49.5081669
Broxeele	121716	2.3198861	50.8285362
Hornaing	56247	3.3336680	50.3694043
Vercelli	1552703	8.3944703	45.3252119
Commarin	138877	4.6500211	47.2499259
Merceuil	129543	4.8613380	46.9548699
Sigalens	89773	-0.0186832	44.4568752
Tirepied	1014017	-1.2713568	48.7247641
Lusignac	145418	0.3139775	45.3246809
Chuignes	3348772	2.7519371	49.8992441
Vanclans	453042	6.3733817	47.0974067
Couquèques	1279412	-0.8521198	45.3457957
Nomaglio	45271	7.8604020	45.5422255
Folkling	115225	6.9018675	49.1512153
Burgille	1028001	5.7816797	47.2610756
Bezannes	108622	3.9936686	49.2222283
Bougneau	152703	-0.5096174	45.5994235
Courpiac	88602	-0.1843360	44.7557363
Lieudieu	1348772	5.1798193	45.4578727
Appenans	111419	6.5707457	47.4546179
Cerville	113022	6.3109850	48.6951364
Nancuise	1265370	5.5284115	46.4738044
Chavelot	157435	6.4309591	48.2291306
Ormoiche	1616777	6.3008799	47.8145872
Salsigne	2149851	2.3557059	43.3242417
Augerans	148706	5.5893210	47.0268030
Varambon	145570	5.3009872	46.0443306
Corbonod	75655	5.7908365	45.9668507
Laurenan	358801	-2.5089870	48.2137668
Saint-Pôtan	363701	-2.2887127	48.5589296
Arthenas	1265392	5.5291947	46.5729728
Migennes	299016	3.5251915	47.9713157
Javrezac	111358	-0.3637920	45.7000250
Passirac	127701	-0.0652454	45.3429962
Bazarnes	3229849	3.6426733	47.6630979
Muespach	391208	7.3715627	47.5509307
Vallarsa	45924	11.1113903	45.7985256
Dourdain	89002	-1.3820946	48.1910413
Mittlach	88575	7.0166951	47.9949008
Lillemer	908154	-1.8551322	48.5712355
Teyssières	415627	5.1370288	44.4579186
Boltiere	45445	9.5794585	45.5988033
Dampmart	403831	2.7489250	48.8935170
Argentat	1016363	1.9238527	45.0985199
Montchal	946244	4.3319498	45.8263169
Maringes	945267	4.3630431	45.6610932
Irvillac	446198	-4.2036036	48.3676283
Valignat	2788612	3.0790481	46.1746941
Fauillet	193492	0.2903306	44.4227927
Laissaud	104431	6.0303307	45.4548879
Aigonnay	146529	-0.2590576	46.3238608
Craponne	252627	4.7282351	45.7455471
Billiers	150547	-2.4793213	47.5250931
Chaussan	309365	4.6323079	45.6387078
Langosco	44452	8.5621726	45.2159454
Brivezac	120558	1.8313493	45.0197147
Pingo-d'Água	314689	-42.4216679	-19.7420394
Calvinet	2967238	2.3624573	44.7203485
Valsolda	46686	9.0439123	46.0290953
Chevenon	157258	3.2323520	46.9124990
Ardentes	1664976	1.8106250	46.7369685
Malleret	119316	2.3177012	45.7637529
Benassay	133938	0.0281550	46.5500103
Lardiers	971010	5.7394239	44.0855429
Jiangjun	2417129	120.1262329	23.2105870
Mkuranga	1600777	39.1158876	-7.2602160
Zaanstad	337720	4.7737835	52.4689235
Malville	148271	-1.8511993	47.3440128
Meillant	402280	2.5013868	46.7894581
Langeron	161113	3.0861682	46.8181479
Weinheim	454175	8.6603424	49.5444869
Gualchos	339938	-3.3899284	36.7382658
Podvelka	1676298	15.3222917	46.5831031
Entre-Ijuís	242447	-54.3597346	-28.4897877
Alessano	40118	18.3223284	39.8921820
Chuvisca	242699	-51.9974437	-30.7664225
Badaroux	287424	3.5520449	44.5476642
Ribennes	1070543	3.3806614	44.6492490
Dausenau	535688	7.7612409	50.3345944
Guadamur	345083	-4.1519014	39.8130601
Lekeitio	339944	-2.5089599	43.3649089
Cantaron	1231624	7.3122767	43.7694071
Schmilau	1471098	10.7648995	53.6597274
Faucigny	109290	6.3706614	46.1149456
Margency	76396	2.2893939	49.0017304
Pourrières	2148158	5.7318810	43.4869587
Bondelum	1406981	9.2843052	54.5561019
Rocbaron	2148023	6.0883560	43.3064904
Sósvertike	575317	17.8626370	45.8320901
Ventania	297742	-50.2691423	-24.1911682
Linhares	1843541	-39.9482897	-19.3410761
Sapopema	297726	-50.6369728	-23.8822103
Quindici	40802	14.6588395	40.8489087
Bellprat	343714	1.4439593	41.5114562
Zagarise	39755	16.6797036	38.9824172
Wijnegem	310363	4.5181753	51.2286097
Nordheim	86669	7.4992283	48.6404995
Tharandt	455470	13.5146219	50.9669487
Bianzone	47038	10.0962743	46.2000453
Relsberg	1246670	7.6677426	49.5977397
Abertura	1901735	-5.8092652	39.2589452
La Groise	55540	3.6795879	50.0791180
Araquari	296537	-48.7623078	-26.4425466
La Gorgue	69156	2.7376979	50.6278725
Eppingen	410520	8.8886395	49.1348410
Oslavice	441727	15.9974831	49.3374733
Bothkamp	310395	10.1439418	54.1788794
Thandorf	1444918	10.8158269	53.7727973
Tribogna	43128	9.1927575	44.4156499
Tateyama	2679947	139.7146582	34.9297820
Los Cabos	5605984	-109.6897684	23.2718480
Awda City	3935881	34.4566980	31.5416683
Suchiate	6000163	-92.2418552	14.6318050
Chinique	377414	-91.0152430	15.0668143
El Paujil	1342099	-75.3743579	1.7736304
Maltrata	6037723	-97.2672878	18.8436005
Shimohei	4125223	141.9009595	39.9210059
Zarflahn	4001391	-9.5488051	5.5560629
Lantawan	3816065	121.8277370	6.6314685
Majayjay	6202149	121.4874228	14.1236816
La Huerta	5605959	-104.8071118	19.4967551
Darai Nur	6607946	70.5805750	34.7078374
Bugasong	3279593	122.1452694	11.0952699
Santiago	5606346	-100.2606522	25.3721093
Rammenau	1307628	14.1308474	51.1586201
Verlaine	1997464	5.2979040	50.6056636
Brugnera	179139	12.5463560	45.9016291
Vercelli	1552705	8.3462836	45.5553826
La Crique	3007507	1.2024870	49.6929361
Jõgeva linn	350650	26.3914062	58.7430701
Schinnen	405920	5.8863482	50.9510908
Barreiro	5401735	-9.0478568	38.6340657
Bertogne	2453835	5.6443577	50.0614332
Parsberg	1028808	11.7048328	49.1627958
Armsheim	1248409	8.0598891	49.8144096
Arneburg	1284740	12.0046866	52.6933822
Ponsacco	42540	10.6322443	43.6176542
Simbario	39668	16.3389420	38.6189264
Gastonia	179733	-81.1830502	35.2503318
Mogliano	42358	13.4819861	43.1900895
Compiano	43216	9.6834049	44.5324078
Trecenta	43977	11.4376097	45.0240324
Ismaning	2168245	11.7104953	48.2397809
Herzlake	1748587	7.6264140	52.6870064
Waidhaus	1059443	12.4903975	49.6475478
Harxheim	1245806	8.2642769	49.9127748
Lakewood	182123	-81.8006467	41.4813214
Sesimbra	5401850	-9.1190974	38.4960567
Pardines	123710	3.1886457	45.5608382
Santiago	242308	-54.8442872	-29.1022238
Krakovec	436135	13.6492905	50.0193854
Gernrode	1332265	11.1201949	51.7053489
Santiago	7380638	-70.6971905	19.5167354
Volendam	302125	5.0778329	52.5005139
Codigoro	43655	12.1180876	44.8565024
Pardines	340872	2.2278485	42.3095063
Itaguari	334535	-49.6098569	-15.9275335
Scansano	42131	11.3611025	42.6964483
Berneuil	138512	-0.6052668	45.6627584
Markdorf	2783888	9.3982182	47.7171782
Riethgen	2410101	11.1116741	51.2385040
Shakhtne	2906256	38.2833563	47.9804980
Ocamonte	1314971	-73.1220458	6.3458933
Hohwacht	288939	10.6341131	54.3087318
Moravice	437678	17.7193100	49.8508250
Milotice	441118	17.1349814	48.9584500
Schinnen	1422099	5.8856835	50.9398126
Lakewood	237683	-122.5294914	47.1579675
Las Vegas	170117	-115.2293837	36.2550495
Qarghayi	6611255	70.1302529	34.5422691
Bar Kunar	6610514	71.3897886	35.0622713
Las Vegas	171237	-105.2260736	35.5944855
Jockgrim	87495	8.2906721	49.0858316
Katovice	438008	13.8234432	49.2741362
Belmonte	344738	-2.7283350	39.5912728
Şəmkir rayonu	3764597	46.0139111	40.8676450
Jonê County	2693952	103.1661564	34.6831381
Guteneck	962090	12.2828469	49.4588122
Onomichi	4090359	133.2187581	34.4086909
gmina Lelów	2419752	19.6541704	50.7068860
Jevnaker	412429	10.4084578	60.2825544
Karasjok	406656	25.0240325	69.3921336
gmina Pokój	2813049	17.8452976	50.9135701
Tateyama	4807828	137.3736894	36.6125194
La Rivera	4607588	-66.9026831	-47.2886911
Hirokawa	4008323	130.5772995	33.2581120
Bad Sulza	2915764	11.6184706	51.0420551
Desa Wula	7236788	120.6251650	-10.2170236
Strelcha	1974022	24.3338945	42.4658685
Provadia	1934663	27.3920100	43.1658820
Musandam	3781315	56.3294895	26.1523215
Guatambu	296647	-52.7808262	-27.1123167
Gallzein	83100	11.7716861	47.3521792
Santiago	164609	-70.6543322	-33.4522516
Millvale	187473	-79.9775558	40.4824361
Aroeiras	301425	-35.6898916	-7.5469203
Linescio	1684696	8.5792872	46.3116667
Schelten	1682650	7.5512387	47.3332360
Bad Sulza	2856440	11.6376229	51.0788535
Pliening	929779	11.8002754	48.2002222
Pohlheim	418620	8.7405202	50.5161669
Mono Lake	60081	-118.9675683	38.0079054
Fujisaki	4107427	140.5156160	40.6815520
Piranhas	303865	-37.7336177	-9.5065001
Dornheim	396564	10.9951783	50.8409372
Seabrook	1560505	-95.0253589	29.5705378
Holtland	2012931	7.5904031	53.2735092
Guaynabo	4467696	-66.1156803	18.3591595
Lake City	118877	-82.6378173	30.2024794
Manistee	134453	-86.3280042	44.2455255
Ukrainka	2271441	30.7415360	50.1467560
Berneuil	942844	1.1048788	46.0650449
Markivka	4660792	39.5561298	49.5255120
Santiago	1382083	-23.6348182	15.1200758
Shirgjan	1250582	20.0495369	41.0661499
Ichemoul	5231289	6.4656632	35.3049145
Fishkill	175937	-73.8892984	41.5333995
Seabrook	71920	-70.8536779	42.8847078
Narberth	188922	-75.2627266	40.0071467
Charmois	117236	6.9394703	47.5795321
Santiago	3412920	-70.9521278	19.3363890
Ferndorf	106144	13.6560487	46.7575128
Plasselb	1683379	7.2383473	46.7110893
Hellikon	1684324	7.9172410	47.5084474
Belmonte	296595	-53.6122064	-26.8521715
Krug Lake	1445409	-100.5542092	54.7224998
Oude Meer	7674135	5.7914240	53.2120646
Kraguman	3815213	110.5556886	-7.7222408
Lakewood	112200	-105.1042926	39.6978860
Wood Lake	907766	-94.0190274	46.8021505
Loch Doon	49398	-4.3646601	55.2469257
Lac Simon	3023092	-74.5840009	49.8238882
Lac Mungo	3132145	-74.1250306	48.7615270
Lac Bruno	3595609	-76.4831124	48.3918557
Lac Jurat	1526525	-76.9094414	47.6541881
Santiago	5996105	-84.5412794	10.0381134
Mud Lakes	6808136	-146.9896024	66.3103700
Mary Lake	2523346	-62.7906560	53.9520775
Side Pond	1915993	-55.9947620	49.9164239
Seal Pond	1926691	-57.7223580	49.2011843
Wood Lake	1933660	-57.7879533	48.1653933
Side Pond	1921377	-56.8602645	49.7049199
Swan Lake	1267678	44.5158300	40.1845236
Doss Lake	4084211	-85.3525273	48.4392043
Wood Lake	401748	-91.5967999	47.9809200
Rose Lake	3603786	-82.4075640	47.0513119
Moon Lake	1936930	-89.2114535	46.1709908
Wood Lake	1864770	-97.5024649	29.4629536
Pepingen	1225361	4.1604010	50.7477078
Swan Lake	548739	-96.0109108	46.2179485
Swan Lake	2188064	-95.2719098	28.9697448
Sauteich	79536	10.6006670	52.3598781
Le Cintre	3187767	5.1437662	46.8961785
Koilampi	7284910	29.0535365	61.5140041
Rose Lake	3980065	-88.7185366	45.2327576
Goto Lake	4027296	-88.9706947	45.1510901
Zabornia	6439727	16.1551376	51.6604026
Mataruge	6370997	19.6311448	43.2753130
Ondarroa	344084	-2.4256012	43.3180469
Norrbosjön	7300679	16.1722015	61.4063402
Miracatu	298243	-47.4228182	-24.1940001
Neristjønn	5387479	8.3152008	59.8343707
Lystjärnet	5953029	12.2339700	59.0857487
Iraquara	362536	-41.5847316	-12.2582474
Popówek Włościański	2470502	19.6430698	51.9971473
Augustówek	5344582	20.6995685	52.3711307
Belmonte	362255	-39.1800542	-15.9437350
Dobrotic	7193417	21.5587243	43.1916491
Obrtnice	7193423	21.5081668	43.1621332
Pomocnia	2776783	20.6527459	52.5313250
Santiago	6334599	-7.7364645	40.4200526
Kolunica	6662887	22.4370977	42.6865088
Bitvrdja	6662943	22.2649068	42.6963071
Ogulinec	5945077	16.1329116	45.6249468
Linhares	5716873	-7.3620038	41.1868426
Sanguedo	6022199	-8.5192296	41.0113348
Santiago	6445170	-9.0994729	38.4454915
Gojin Dol	6665569	22.7074955	43.0189248
Ulviksjøen	4039629	11.5327966	59.9901466
Jagodzin	6062635	15.1602385	51.3632748
Mironice	2776769	15.1798573	52.8014523
Kalinowa	6405922	17.2542646	50.8359037
Suonojärvi	299857	23.3175531	61.3059498
Swan Lake	420760	-94.6672934	43.3592076
Obrshani	4572168	21.3715300	41.2916817
Swan Lake	558087	-94.2437001	44.3104881
Jaksonek	4511385	19.9561678	51.3437144
Petit Lac	1215184	1.0750543	43.6165296
Kétbodonyi-tó	7092355	19.2966113	47.9417112
Syvä-Antias	298727	24.5379596	60.3313758
Mørtetjern	6583036	6.8264370	58.1254968
Norupes dīķis	2880216	24.6373230	56.8300216
Palo Seco	4468542	-66.1449398	18.4604315
Barrazas	4468012	-65.9355778	18.3053125
Palo Seco	4467777	-65.9387408	18.0035384
Santiago	4467833	-66.8351382	18.4002097
Lakewood	112092	-118.0922532	33.8443293
Kaliyari	3698682	11.4367905	12.9252350
Huamboya	3718350	-77.9172329	-1.9206450
Swan Lake	2463732	-93.6862393	32.5931453
Jorn Lake	2541674	-121.8655958	44.5166288
Swan Lake	1441930	-98.4355770	47.9569241
Lake Mary	1355379	-120.3296705	39.3122520
Wink Lake	6461353	-91.7622650	48.3673167
Main Pond	2163116	-123.3582631	48.5021869
Rose Lake	2426916	-123.3637017	48.4127540
Swan Lake	1286960	-121.6177543	42.3208746
Lac Riter	1448575	-74.0801549	46.6806332
Lac Comox	1448527	-74.4852004	46.6164927
Swan Lake	2178625	-79.2521267	43.8969527
Owen Lake	3410663	-80.5537827	46.8806167
Swan Lake	1943714	-86.5759355	46.1657893
Moon Lake	1941206	-85.8699315	46.1325032
Mary Lake	660436	-79.2586110	45.2439904
Wood Lake	660425	-79.0738234	45.0145453
Santiago	3728305	-78.9645998	-1.7234305
Santiago	3651153	-79.2910086	-3.7904837
Santiago	3718212	-78.0265285	-3.0497646
Myra Lake	2163174	-78.3546949	45.6481032
Swan Lake	2412304	-78.7107322	45.4970674
Mid Devon	2183131	-3.5997000	50.8683922
Moon Lake	2650642	-0.2168941	53.1059434
Lake City	111518	-90.4597293	35.8211630
Swan Lake	138070	-88.3949045	46.1629617
Moon Lake	2031927	-134.6058587	59.8302718
Santiago	6282288	-83.8087601	9.8694036
Lac Jimmy	2362574	-74.0075535	45.9589072
Lac Jimmy	900208	-74.0291796	45.9835635
Santiago	5731329	-84.1016260	10.0053464
Moon Lake	122255	-90.5979798	48.0239810
Swan Lake	122086	-90.5283635	47.9541481
Moon Lake	3932032	-81.0600101	47.6711079
Stem Lake	3928500	-80.9532295	47.7009400
Wood Lake	3938447	-81.0389874	47.9089895
Rose Lake	3925964	-80.2788723	47.6625255
Lake Owen	125048	-91.2414631	46.2720326
Lac Simon	2957498	-75.0813664	45.9543868
Santiago	6803780	-84.3070856	9.8294058
Santiago	5654926	-84.4476160	10.0215613
Wood Lake	6454654	-88.7416562	48.0045533
Wood Lake	7322843	-121.8547805	49.4590217
Ness Lake	1465095	-123.1028821	54.0237182
Mud Lakes	2911840	-122.7372053	51.1354970
Swan Lake	2592059	-121.3097773	53.1784948
Booy Lake	3491747	-102.7950811	53.5545007
Mary Lake	3735734	-105.6444585	59.4772132
Tern Lake	2882802	-149.5501170	60.5307546
Sandvlei	75306	18.4696692	-34.0940703
Matiarwa	6651733	84.9629255	26.9660352
Ranchuli	4662806	81.8497577	29.1678398
Swan Lake	238371	-90.1795373	40.1880799
Swan Lake	6704289	-82.4398446	34.9277124
Swan Lake	136772	-84.2035138	33.5843016
Puerto Asís	3488941	-75.1379851	9.4424024
El Laurel	3488932	-75.1797874	9.4381192
Gwalasho	3721318	12.0857738	10.1141219
Swan Lake	1608782	-80.3699898	33.9181233
Lake Mary	6345828	-80.7684553	32.1438943
Werk Lake	407541	-95.7189057	46.9143645
Swan Lake	4597684	-84.5079570	39.1441267
Swan Lake	1255248	-111.7368811	44.6345401
Ness Lake	407551	-96.1945047	46.8050934
Swan Lake	236778	-89.3132485	41.1613798
City Lake	181309	-77.8199491	35.9498265
Pagretar	6756614	85.8540777	27.7430461
Baraipur	5977962	82.9270162	27.5569916
Bessemer	110156	-87.0182700	33.3750410
Kibumbwe	3966163	29.5448044	-2.4010072
Ao paisjärv	3755614	26.2057401	59.0084937
Swan Lake	2317863	103.8160241	1.3080272
Lac Henry	1482643	-71.6452193	47.2263899
Moon Lake	3562783	-90.5015079	34.4308516
Lac Jimmy	1519388	-73.7697461	47.4227767
Lac Simon	1481137	-72.0229306	46.8931262
Lac Whisk	1475543	-75.9486741	47.7750920
Lac Yates	196490	-75.7837849	46.6027490
Lac à Propos	196567	-75.2338172	47.5545043
Wood Lake	933420	-92.5822195	45.7403416
Swan Lake	1323343	121.0946108	14.2823484
Lac Harry	1174561	-67.3543097	49.7811280
Lac Petit	1937216	-67.2948575	49.7186499
Swan Lake	4764502	-94.9053314	50.0589704
Moon Lake	5981238	-90.6395593	49.4517893
Moon Lake	1119645	-84.6658463	47.8866804
Moon Lake	3511850	-82.2997015	46.7483736
Army Lake	3546476	-82.6882173	46.8625293
Mary Lake	3989523	-80.8287342	48.8919318
Swan Lake	7812457	-92.3397858	38.8987000
Tianpeng	6811180	105.4896991	23.3231161
Oruglica	6659262	21.7473949	42.7314722
Cherwell	394565	-1.2262663	51.9747168
Swan Lake	4087982	104.1435133	30.7380772
Swan Lake	2338893	117.2225820	31.8152483
Bhimstan	7692270	86.0469105	27.1563516
Sindrang	6694630	87.0922337	26.9969397
Dewantar	6694538	87.0667444	26.9838954
Phakphok	6669850	87.7626089	26.9847591
Magong Hu	5436841	112.0151453	29.7559577
Bungtang	7719318	85.0980668	27.9962520
Sundhara	6088553	84.0374618	27.8883794
Nagarjun	5917954	80.3788902	29.5173342
Balithum	5756385	83.3275214	28.0864203
Kalsdorf	34885	15.4805607	46.9622820
Maizales	4467660	-65.7628654	18.2374947
Swan Lake	967304	-1.4763502	54.6702542
Lake Mary	1224076	-88.1656160	41.6415588
Wood Lake	1859659	-65.5817491	45.4131868
Mary Lake	2419034	-61.4890374	45.6116195
Main Pond	64447	-1.2186435	52.9050895
Swan Lake	7602313	-77.4734776	37.5423258
Swan Lake	2765188	-128.6548425	55.7844803
Moon Lake	1472324	-99.9118358	49.0128802
Wood Lake	1347230	-100.2981572	49.0806006
Mary Lake	1344733	-100.0934579	49.0612784
Swan Lake	725361	-100.7994015	52.4957720
Woodlake	2882583	-119.0939246	36.4111580
Flat Rock	134468	-83.2728881	42.0958325
Smolanka	6835623	23.3469493	53.3773984
Siem Reap	2200393	103.9926504	13.3719067
Waldwick	170648	-74.1270605	41.0143574
Montanha	1833473	-40.2703631	-18.1213549
Godshill	918009	-1.2638481	50.6270023
Bellmawr	170675	-75.0891602	39.8657470
Belmonte	5380921	-7.3320432	40.3296128
Laskivci	3167145	25.5649272	49.1693501
Wierobie	7009889	23.7947828	53.1053912
Oldehove	1467962	6.3853577	53.2990613
Neuenahr	1066030	7.1311549	50.5252421
Artemisa	2576646	-82.8108042	22.7646279
Koewacht	149823	3.9564392	51.2372974
Sahorawa	7084015	85.8698139	26.6919418
Ferriday	131677	-91.5513196	31.6359239
Cầu Kè District	7151566	106.0813910	9.8554604
Midville	119526	-82.2357137	32.8204940
Souahlia	6666581	-1.8970125	35.0269935
Lake City	137056	-92.2836437	44.4546270
Lake Mary	117435	-81.3388839	28.7566180
Nordheim	410500	9.1143904	49.1111036
Pradines	2941888	1.8995246	45.5078922
Godshill	3926299	-1.7358052	50.9416828
Metamora	182393	-83.9045719	41.7108370
Small Cay	7143105	-88.7291606	16.1602937
Arefousa	531540	26.7122493	37.3315730
Ajnviken	7091059	18.3247934	56.9602323
Doumeira	4143503	43.1471348	12.7164756
Grytskäret	7334983	21.0747948	62.5552676
Isla Luff	4150141	-66.7919803	-55.3126601
Unggi Bay	6648237	130.4206131	42.3140499
Santiago	6520065	-9.1313291	38.7123611
Jajarkot	4586357	82.1685508	28.8698358
Holtheme	1460379	6.7055658	52.6118901
Foosland	126116	-88.4291713	40.3613525
Meerkerk	301864	4.9765416	51.9232466
Bramwell	239902	-81.3108930	37.3272115
Gernrode	2395786	10.4121181	51.3911776
Ukrainka	7717985	29.3678009	50.7667091
Nashotah	247888	-88.4021895	43.0930325
Kurianka	6823354	23.4674842	53.7464920
Hnativka	3937122	37.2085691	48.2629522
Ukrainka	3936871	37.0990139	48.1150959
Triangle	206763	-77.3210913	38.5464244
Ringgold	119549	-85.1154471	34.9106499
Lakewood	174938	-79.3196237	42.1001449
Barraute	7360010	-77.6693054	48.4310920
Bockhorn	1187412	8.0117424	53.3850738
Haultain	6426613	-106.6474853	52.1108326
Republic	237655	-118.7311801	48.6478765
Kazminka	5887696	40.7963419	47.8428910
Mikita küla	351806	26.8722171	57.6611741
Vihkla küla	353808	27.0633080	57.6057184
Sector 23A	3600738	77.0452222	28.5062111
Tuhala küla	353073	24.9785181	59.2313221
Hachiman Chō	5884267	133.8416629	34.3134764
Irvala küla	353004	27.0270966	59.3542370
신정4동 (Sinjeong4-dong)	3880505	126.8578346	37.5243416
Hongshan	3943220	103.1621924	27.3625331
Dongping	3943227	103.0631994	27.3153872
Marksa küla	351215	24.2587281	58.2957714
Hausma küla	354111	22.7943627	58.9924229
Dom Bosco	6159363	-46.3021821	-16.7419370
Piranhas	6186624	-37.7445676	-9.5280001
Pidula küla	351517	22.1570467	58.4232791
Pepingen	4108240	4.1785883	50.7511702
Aroeiras	6214924	-35.7337224	-7.5465188
Miracatu	5349672	-47.4590138	-24.1972337
Eichholz	1437814	9.0715572	51.8444836
Koonga küla	352022	24.1501886	58.5792335
Jenipapo	6199349	-36.5272313	-8.2712694
Santiago	6483247	-8.5079920	39.4989978
Linhares	1918755	-40.0602130	-19.3601426
Arneburg	3641207	12.0046866	52.6933822
Gallants	2844987	-58.2371624	48.7042327
Varkja küla	355177	22.1388272	58.3593187
Kamijevo	6305227	21.4603523	44.6536085
Toangoma	6054634	39.3149126	-6.9323744
Nordheim	3097036	10.4018143	50.4616393
Aroeiras	5357031	-44.1104230	-10.7006571
Alasoo küla	352222	27.1542798	58.6203417
Belmonte	6616238	-38.9459778	-15.9113111
Barreiro	7357129	-53.9382983	-28.4429903
Maungano	5834069	27.4609006	-11.7270085
Triangle	5508367	27.4381937	-11.6996637
Vidriera	4764383	-67.8484079	-38.9688041
Santiago	6431739	-7.6710295	37.1262269
Marzahne	6700901	12.5402461	52.5109719
Montanha	1976603	-40.3609297	-18.1026941
Santiago	6333878	-7.7015220	41.0748019
Linhares	5680674	-8.6131099	41.9339534
Hewa-Bora	5807410	27.5070612	-11.7147525
Santiago	6441583	-8.4005378	38.3415226
Barreiro	6444503	-9.0724991	38.6627058
Santiago	5977693	-8.5794526	41.3245175
Parreira	6458307	-8.3727804	39.1507263
São José do Acácio	6138190	-42.0154777	-19.0515001
Santiago	5830086	-8.1601645	41.3041493
Pedorido	6021200	-8.3832972	41.0275338
Seixo do Côa	6365525	-7.0366779	40.4624807
Tahula küla	353228	22.5947825	58.3170048
Arvila küla	352748	27.2141450	59.2362916
Aroeiras	7594219	-52.3049415	-30.2445305
La Julita	7753441	-75.6849426	4.8008980
Sutton ED	5139749	-6.1372755	53.3883461
Klasdorf	4642394	13.5531477	52.0218153
Figullar	6984697	-6.9355254	54.3709456
Barreiro	2950492	-44.0069506	-20.0072773
Ballynoe	6926337	-8.1020797	52.0445156
Coolhill	6524975	-6.9508176	52.4755398
Shankill	6527665	-7.0669515	52.6796113
Belmonte	7606644	-75.7604853	4.8089986
Mrckovac	6304979	21.5361679	44.6167087
Ballynoe	6833601	-8.8306100	52.4363248
Flatrock	2804922	-52.7346327	47.7057565
Shannon A	7003351	-8.6304345	52.6628181
Kierdorf	3313426	6.7883206	50.8375404
Uderna küla	352371	26.4052340	58.1907446
Tertanga	6879633	-3.0262731	42.9719200
Meyerich	3498308	7.9548299	51.6140813
Turoszów-Wieś	6143286	14.9119242	50.9480849
Lakewood	126053	-88.3837571	42.2242690
Flat Rock	177284	-80.5818603	36.5077635
Republic	189328	-79.8744842	39.9663194
Osetnica	5899232	15.8502994	51.2625376
Bockhorn	934762	11.9958477	48.3083069
Danforth	126689	-87.9797968	40.8192029
Culloden	238659	-82.0759890	38.4161820
Orchards	237530	-122.5268472	45.6878215
Republic	141245	-93.4142922	37.1363213
Ukrainka	7114993	26.4335383	50.0149703
Lake City	6915189	-107.3142237	38.0286060
Opfingen	1955552	7.7341791	48.0042248
Metamora	125964	-89.3574508	40.7955710
Culloden	119645	-84.0938695	32.8631605
Herriman	198775	-112.0195313	40.4895513
Neudorf-Süd	3498025	6.7954279	51.4118692
Lake City	187549	-80.3458018	42.0188757
Oatlands	5505128	151.0258067	-33.7948764
Pikulice	6801652	22.7768533	49.7457867
Karlstad	137355	-96.5182556	48.5770315
Lake City	194140	-79.7530068	33.8701054
Mantador	181426	-96.9773564	46.1647815
Nadolany	6304424	22.0197604	49.5186331
Świniarsko	6085659	20.6580938	49.6103161
Republic	182465	-83.0170816	41.1224145
Lake City	134761	-85.2072750	44.3290134
Hnativka	3942290	37.6624591	48.3359896
Makarove	4714543	39.5150072	48.6786072
Bessemer	188523	-80.4856057	40.9751404
Republic	135251	-87.9918865	46.3907434
Lizdejki	6737502	22.9353054	54.2971097
Metamora	134878	-83.2908384	42.9423059
Busuanga	3631297	119.8798277	12.2800582
Richburg	174965	-78.1532740	42.0892345
Raholmen	6828147	17.4346146	62.3564542
Vincendo	3558400	55.6680824	-21.3745644
Riethgen	3880446	11.1183032	51.2394733
Kremenki	4847720	45.4500507	56.0679571
Aleksino	6219113	42.7893784	57.9942386
Binbrook	5205139	-0.1816339	53.4278458
Birndorf	4560977	8.1337899	47.6229557
Graybill	4546955	-76.8007235	39.9236968
Podaresh	6882057	22.5630282	41.6248744
Sekirani	6496542	21.2508872	41.1112447
Mramorec	6455387	20.8744855	41.3839927
Taranesh	6481656	20.4840394	41.5375548
Bazernik	6885631	21.0284313	41.2724041
Pralenik	6476524	20.5438685	41.4550166
Numbugga	6058462	149.7051464	-36.6227501
Rock Flat	6060950	149.2084808	-36.3801497
Pinbeyan	6024134	148.3957612	-35.7005419
Old Junee	5919219	147.4837264	-34.8159110
Erin Vale	5925938	147.5361178	-34.6862755
Keri Keri	5743422	143.9881367	-34.7555109
Burraboi	5744072	144.3580334	-35.3440892
Book Book	5932491	147.5436829	-35.3232817
Kolppana	1663610	30.0693368	59.5268304
Kolppana	1663622	30.0705933	59.5422472
Barreiro	5753267	-8.1703576	42.0088157
Scurlage	1871320	-4.2177165	51.5669221
Petranka	3655522	24.3007035	48.9034949
Pickrell	169466	-96.7289559	40.3795275
Nieuwaal	2728579	5.1719590	51.8075944
Pakhynja	3167337	25.8998764	49.7741606
Quilcene	238182	-122.9122168	47.8437260
Bessemer	134892	-90.0499028	46.4777945
Oude Meer	1883610	4.7844419	52.2886367
Lake City	129215	-94.7334014	42.2672104
Flat Rock	179006	-82.4595845	35.2692529
Martelle	128851	-91.3583763	42.0206530
Puerto Asís	1342118	-76.2295728	0.4383655
Flat Rock	126076	-87.6727071	38.9022129
Kaniwola	7074467	23.0346203	51.3638747
Lansvale	5541462	150.9510595	-33.9005307
Wezemaal	3082310	4.7683306	50.9482551
Richburg	194014	-81.0191014	34.7156090
Benzonia	134903	-86.0992976	44.6148034
Lake City	111517	-90.4597293	35.8211630
Grasmere	350299	-3.0217520	54.4495333
Ukrainka	3947099	37.0842794	47.2718007
Pagewood	5711565	151.2236747	-33.9368035
Mara Rosa	334394	-49.4749703	-14.0290674
Mroczków Duży	4263851	20.4102452	51.3720632
Wood Lake	137553	-95.5353317	44.6513495
Ordingen	5396906	5.2381902	50.8137715
Paullina	129107	-95.6866583	42.9801965
Cisowiec	6950736	22.2487347	49.3706257
Ringgold	131888	-93.2840827	32.3240260
Pomocnia	2589314	20.9808688	52.6129385
Podborek	6522242	21.1180043	50.4904784
Budgewoi	6034699	151.5535154	-33.2327924
Leaghort	6212191	-8.6560021	52.9539642
Al Atiba'a	2964798	44.3006154	33.2728706
Buckaroo	6058930	149.6607903	-32.5642753
Fordwich	6059033	151.0533910	-32.7121423
Yanderra	6076776	150.5711869	-34.3197219
Seabrook	2425109	144.7581273	-37.8809380
Monellan	5608228	-7.7022546	54.7707954
Meeniyan	2673164	146.0196670	-38.5723951
Pindaroi	6070083	151.2805741	-29.4706649
Speenoge	5567184	-7.4362268	55.0329369
Coldblow	3856370	-6.3669336	52.2233041
Askeaton	6142493	-8.9661588	52.5945826
Altadush	5552826	-7.9571474	54.9328231
Ballynoe	6279570	-8.4435650	51.9474511
Stradeen	5677901	-6.6452745	53.9695728
Shankill	4783064	-7.1429613	54.2234769
Knockloe	4542038	-6.6870473	52.8030782
Assagart	3175978	-6.7274210	52.3551394
Bawnoges	4479586	-6.6216886	53.3168056
Ballynoe	6047826	-8.2909533	52.1208566
Coolhill	5378840	-6.9283787	52.4607068
Rapepark	4452453	-9.4525423	52.6442375
Boherroe	6304441	-9.6768710	52.3494387
Railpark	4547520	-6.5749925	53.3746391
Dughlone	2369332	-6.3221687	52.5240592
Santiago	4126034	-100.4143843	20.5879138
Coolaghy	5578772	-7.5590522	54.8688171
Ballynoe	6187591	-8.4428265	52.2447345
Lunniagh	5580738	-8.2979732	55.0942237
Tireenan	4665176	-7.3766557	54.4766357
Shankill	3856955	-7.7622264	54.4127484
Bawnfune	5648659	-7.1972853	52.2360992
East Hill	3557788	-6.1337774	53.0982682
Bawnoges	4481509	-6.4107489	53.3222597
Doornane	5331493	-7.2551906	52.2838390
Euglaune	5839688	-9.1301175	52.1087242
Ballynoe	5581842	-8.5223210	51.8325830
Keelkyle	3419865	-9.9408961	53.5384711
Boherroe	6004869	-8.4013703	52.5513772
Mortgage	5903462	-7.7950509	51.9596813
Ballynoe	6089951	-8.6932193	52.6201624
Broughan	5326599	-6.6618087	54.2937092
Crawhill	4240254	-8.2260853	54.0889492
Figullar	5352770	-6.9219288	54.3723659
Shankill	3570250	-7.5883427	54.3619358
Eiweiler	4492576	6.9391260	49.3661090
Kilknock	2193655	-6.8121954	52.7479990
Kilknock	2283796	-6.8003349	52.7299392
Glencull	5410964	-7.0857510	54.4726685
Ahalisky	5994609	-8.8484721	51.6791976
Lowfield	4748563	-8.0115740	53.8996149
Keelties	6301187	-9.6293201	52.1457181
Coldblow	4258260	-7.7617447	53.0104936
Ballynoe	4849205	-8.4186712	51.7677459
Shankill	3306116	-7.3740430	53.8196202
Shankill	5641812	-6.8873614	54.0178961
Illanroe	6838882	-9.5672706	53.9129558
Doobally	4144487	-8.1209510	54.5050141
Moneybeg	4208060	-7.3265061	53.7811767
Shankill	4033940	-9.0704616	53.3655082
Racullen	2334961	-7.7765196	53.9370107
Oatlands	5998946	-8.6102175	52.6050149
Mortgage	6044005	-8.6134922	52.5320377
Illanroe	6842815	-9.8495005	54.0010453
Navestad	4247343	16.2240583	58.5577421
Garrycam	2390891	-7.7210462	53.6531737
Santiago	5959050	-48.1914269	-18.6248300
Ballyhay	4621680	-5.5880581	54.6208978
Coolalug	4538316	-6.4068111	52.8061893
Rathgire	6384980	-8.1821502	51.9631281
Coldblow	4277420	-7.9578499	52.9570385
Courhasa	7702128	-50.1329241	-29.9517277
Kuhweide	2865481	7.2825541	52.6767669
Blunnick	3695063	-7.7653989	54.2842250
Shankill	6202135	-8.5230749	53.4626281
Ballynoe	6390121	-8.2681773	52.0265426
Ballynoe	4640791	-5.7188594	54.2889531
El Laurel	4080507	-100.3814004	20.5811026
Boherroe	4805166	-8.2054905	53.8880882
Crockaun	2377231	-7.8055547	53.6982462
Drumheel	4619209	-7.0347855	53.8126709
Mirehill	6133310	-9.0722097	53.4986130
Drumnagh	4107391	-9.1620645	52.8942752
Rathfran	4250601	-9.2377442	54.2426412
Triangle	7685192	-8.1350228	6.0684150
Coolhill	5476329	-6.9149369	54.4775473
Barreiro	5158493	-48.4844228	-1.4144230
Coldblow	3676817	-6.4612100	53.3605925
Barreiro	3115566	-46.9499988	-19.6459345
Shankill	4162697	-6.3892725	53.2017181
Ballynoe	6117507	-8.9517639	52.4437443
Ballynoe	6117508	-8.9616962	52.4359698
Ballynoe	6054271	-8.8284168	52.4389295
Cirurgia	4023048	-37.0629430	-10.9161733
Koliady I	7643764	-12.8386350	10.0636353
Ferndorf	5486495	8.0148618	50.9725958
Illanroe	6780668	-9.5756568	53.7953318
Coolhill	4791509	-6.5955624	55.0001252
Koloniia	6642314	36.8136057	46.7485587
Crockaun	4841880	-6.8412852	53.0964384
Cunghill	3548604	-8.6533085	54.1096946
Nelshaby	6384105	138.1186329	-33.1249229
Llanarth	6044564	149.5506711	-33.3978877
Dom Bosco	1875577	-40.3907818	-20.3344779
Lakewood	6063639	152.7656986	-31.6351412
Coolhill	5477868	-6.7404824	54.4943561
Ballynoe	4152310	-9.2286701	52.8401041
Keelkyle	4174200	-9.2499253	52.9009930
Gemmells	7243739	138.8982627	-35.1768122
Ardlough	5121313	-7.2701342	54.9907886
Glenroan	5306830	-7.1619037	54.7806794
Moonaree	6212424	135.6582032	-31.8194993
Cluntagh	4638474	-5.9897905	54.4144756
Ballynoe	6355327	-8.0943937	52.0538046
Ringbaun	3598650	-6.5146836	52.1897899
Cranally	2284025	-7.5651120	53.8033563
Bawnfune	5639907	-7.7672331	52.2981861
Roeillan	6839653	-9.9470200	53.9815963
Ballynoe	6050688	-8.6653730	52.4206227
Roeillan	6836984	-9.5999661	53.7837053
Ballynoe	6288570	-9.7574725	52.4119662
Magaraty	5248316	-6.5586766	54.4448355
Moygalla	6384081	-8.7653769	52.7585274
Compensa	7223175	-60.0610568	-3.1045921
Doohooma	5966424	-9.9449142	54.0707032
Cumbalum	6069813	153.5320690	-28.8212247
Jamieson	6290266	136.3678414	-33.4192558
Ballyerk	4715988	-7.7162219	52.6599831
Dom Bosco	3408786	-43.9995751	-19.9158582
Toorfiba	5609427	-8.0693434	52.7153343
Shankill	5122578	-7.0297244	52.6962725
Dom Bosco	5418142	-44.1563831	-19.9563022
Kilknock	3370332	-9.2081322	53.8403511
Belmonte	3408712	-43.9012615	-19.8465711
Grünenmoor	1421212	8.3445277	52.7075306
Kilknock	4617137	-7.4321669	54.4397380
Ballyerk	5443479	-7.7297474	52.7514486
Lisbofin	3956956	-7.7252697	54.3144080
Money Beg	5540018	-8.1535173	55.0297770
Kinbally	4197919	-6.2305551	54.8964273
Meireles	5522152	-38.5014113	-3.7274015
Arrizala	6882269	-2.3727974	42.8305207
Piotrkówek	7697071	16.8798022	50.7162010
Motcombe	2603826	-2.2195621	51.0314069
Devenish	2556987	145.8005350	-36.3757350
Frilsham	3970105	-1.2173310	51.4566275
Midville	1845103	0.0424325	53.0986984
Binbrook	1315958	-0.1636256	53.4188835
Puntabeg	5653528	-8.7748342	53.9472805
Fordwich	2554070	1.1259165	51.2914945
Crebilly	4167521	-6.2325125	54.8634194
Bawnoges	4175278	-7.6830287	53.3977523
Coogulla	5442846	-7.7853112	52.7704718
La Suraie	7284122	-0.9102057	48.5328541
Shandrim	5517216	-7.4116049	55.1844546
Dom Bosco	4231641	-56.0666285	-15.5856829
Santiago	5804043	-6.3688091	39.4756965
Drumanan	5661388	-7.1573941	54.1281285
Ballynoe	5876259	-8.8131784	52.0984911
Dunglave	5540927	-7.7038068	54.1612451
Eppingen	5416260	8.9190270	49.1232405
Moanoola	5964323	-8.2609474	52.5349887
La Huerta	153198	120.9977737	14.4937180
Sluggara	5828142	-7.8247409	52.1303912
Triangel	5920602	10.5711917	52.5142916
Listeige	5902844	-7.7629275	51.9581643
Dom Bosco	5547016	-43.3631213	-21.7777326
Rathkeva	4793502	-8.3024312	53.7786430
La Huerta	4266356	-102.2198191	17.9795463
Strážnice u Mělníka	429959	14.4965212	50.4036108
Bražec u Hradiště	425711	13.0717058	50.2212533
Jenichov	426485	14.5855870	50.3647316
Dolní Prysk	430266	14.4673622	50.8014656
Boggauns	5360778	-8.4148679	53.5484363
Boggauns	5205175	-8.4490746	53.5595109
Lombonna	7657168	-12.2438391	11.3852837
Sokoura 2	5579272	-8.8321418	7.7690467
Salamany	7682911	-9.2904496	10.3763314
Ballyhay	5975728	-8.6716622	52.3279914
Argemiro	6618930	-53.1560778	-27.0789418
Dom Bosco	3859070	-48.6794450	-26.9203210
Linhares	5547035	-43.3236199	-21.7346181
Manotick	7052318	-75.7081733	45.2124121
Ballynoe	4621665	-5.5581140	54.6435636
Shankill	4828115	-8.2203944	53.8406466
Trhavice	432684	17.5082198	49.7484511
Moravice	432337	17.7193100	49.8508250
Podobora	435694	18.5888880	49.7815228
Katovice	434605	13.8234432	49.2741362
Ballynoe	4274630	-6.1800603	55.2903123
Oslavice	429156	15.9974831	49.3374733
Nové Dvory u Dobříše	436402	14.3575119	49.8076966
Eichholz	367836	10.7412403	53.8458852
Hernhill	2433360	0.9715887	51.3168376
Milotice	426243	15.2741809	49.5002021
Plevnice	427656	15.2898409	49.4387530
Samechov	428439	14.8472914	49.8758318
Doobally	3581504	-8.3129144	54.4607860
Ellerker	571688	-0.6111686	53.7462746
Vila Lili	7177049	-54.8003799	-22.2231918
Gembrook	2446200	145.6289010	-37.9335700
Dolní Adršpach	423296	16.1113640	50.6220043
Ballynoe	6155493	-8.8495454	52.2038572
Annahuby	5658832	-6.8773662	54.2011774
Molerick	4272012	-7.0019835	53.4699621
Ballynoe	5652547	-8.3168908	51.8596541
Belgrove	5130470	-8.2128384	51.8737285
Inningen	384192	10.8504062	48.3066595
Stereame	5415883	-8.2218379	52.8631825
Bighouse	4277962	-6.1316678	55.2063027
Trevalga	5903946	-4.6947736	50.6693399
Bockholt	3838901	7.1617594	51.6314435
Kilknock	5763011	-8.8883253	53.7061101
Nalyappa	6638050	137.5421937	-34.1653315
Coolmine	4474491	-6.4688954	53.2704137
Shankill	5340133	-6.3449710	54.4644428
Parkbawn	4575449	-7.4001936	52.8826559
Clontail	4723687	-6.6687769	53.8079005
Loughard	4581637	-6.4422073	52.2630577
Las Matas	6656710	-3.9002883	40.5635184
Cloncose	5327982	-7.5040137	53.9467059
Drumheel	5268324	-7.3848145	53.9433791
Ballynoe	5759988	-7.9447630	52.1573283
Mackenny	5401758	-6.8092440	54.6504856
Shankill	4589877	-6.1385641	53.2281748
Coolmine	5373265	-6.3953309	53.3929560
Kilcomin	4269474	-7.9635971	52.9714113
Santiago	7214632	-40.3996468	-20.0221248
Rath-Heal	6051883	-8.2638583	52.1456352
Drumheel	5751534	-7.4455208	54.0339029
Cloncose	5359588	-7.5044263	54.0463500
Coolaghy	5297630	-7.4178864	54.7094941
Moyagall	4836428	-6.5898958	54.8395306
Kilknock	4171802	-6.3710662	54.7937895
Moneybeg	2267329	-6.9700240	52.6984967
Glencull	5463614	-6.9478320	54.4236424
Ballydoo	5280621	-6.7325574	54.3504535
Shankill	4757019	-6.2714334	54.2833203
Jamieson	2599713	146.2329409	-37.4160300
Cluntagh	4658752	-5.7230437	54.3960306
Ballydoo	4678512	-6.2059164	54.1929837
Carnally	5265710	-6.5344887	54.0917633
Bunalong	2582851	146.1476368	-36.0967601
Mingoola	6070013	151.5304790	-29.0070138
Ballynoe	4200208	-6.1538119	54.7442608
Racarbry	5207362	-6.6957771	54.2360410
Bawnfune	6021875	-9.1701441	51.5949468
Monkerai	6059152	151.8512530	-32.2482295
Bronaugh	141499	-94.4688246	37.6934670
Berneuil	127696	-0.0695688	45.3904666
Mareczki	7745427	22.1282247	51.2988253
Ifelodun	3718736	4.6370338	7.9045164
Ukrainka	2033424	33.6278904	47.6085299
Artemisa	2576644	-82.9277717	22.8315337
Las Vegas	2794696	-3.3689004	40.1316124
Lake City	119341	-84.3386000	33.6065773
Lake City	6587486	-97.8839059	28.0818934
Republic	130222	-97.8250247	39.9244874
Kwapinka	3560399	20.1874120	49.8707042
Wrocanka	6964154	21.7455461	49.6305430
Piotrkówek	7599463	22.6801714	51.0317487
Grabów Nowy	3352548	21.2560788	51.7313154
Smolnica	6737594	23.0355953	54.3242124
Lipnica Mała	4585261	19.6260262	49.5210968
Lakewood	192181	-80.3478509	33.8469934
Nowy Garbów	6559041	21.7674967	50.7812415
Serchhip	2029069	92.8760517	23.3190499
Calvillo	5605609	-102.7136021	21.9108321
Zagroble	7429667	22.7263013	50.8079738
Wyaconda	141776	-91.9259776	40.3915675
Borowica	6856480	23.1317631	51.0730777
Pingdong	6498748	104.8520040	25.0893671
Grasmere	5975116	150.6711469	-34.0562641
Pradines	123469	1.4000695	44.4646088
Lüttringen	2623079	7.9476407	51.4864083
Mule Barn	184180	-96.3126339	36.2181665
Wood Lake	169410	-100.2371391	42.6373260
Bukowo Duże	6863753	22.3501974	53.4715699
Eiweiler	6250370	7.0128301	49.5549949
Holliday	140789	-92.1313222	39.4932652
Taczalin	5832607	16.3058347	51.1540887
Wrocanka	6910172	21.5845973	49.7060855
Dartford	2210488	0.2450569	51.4344365
Vahldorf	3974811	11.4980995	52.2576865
East Duke	184929	-99.5681990	34.6617515
Zederman	5652810	19.6589262	50.2453347
Belmonte	5397613	-7.3489442	40.3356658
Lake City	195087	-97.4125740	45.7238025
Gengzhen	7790721	113.5466020	38.7349931
Zambujal	4081481	-8.4616109	40.0554771
Parkvale	4572161	-6.2349162	53.2811361
House Dam	7696573	29.8904803	-29.5475541
Mungigan	6206725	17.9572210	59.2738533
Bardmoor	2048298	-81.5001504	28.5209656
Kringlan	6611148	16.1518042	58.5739365
Barreiro	6594108	-8.6508479	41.9602060
Padreiro	5762747	-8.3025812	42.0954785
Santiago	5997647	-8.4047570	42.0632513
Padreiro	5997644	-8.4141137	42.0653912
Lakewood	2030006	-81.3594842	28.3634571
Belmonte	3737319	77.1010469	28.4398045
City Lake	4595498	-85.4462255	36.1248513
La Rivera	7801581	-75.6640933	4.8028811
Sector G-2	3865989	77.0796764	28.8215722
Barreiro	6303538	-8.4675127	41.4498013
Barreiro	5998796	-8.5130387	42.0689851
Belmonte	7673935	-75.7605829	4.8088865
Sanawari	3635064	36.6983741	-3.3562351
East Hill	6707850	-91.4822598	44.8073367
La Julita	7769022	-75.6844951	4.8018007
Linhares	5763188	-8.3312692	42.0435330
Barreiro	6015517	-8.5087309	42.0186080
Hill Cove	2337958	-60.1417969	-51.5023412
Ringgold	5740374	-87.4233325	36.5953051
Triangle	7346824	-87.9348465	43.0555725
Vila Noal	5722797	-53.8278665	-29.6931241
El Vergel	7740578	-75.6993140	4.8048993
Hill East	4642310	-76.9788924	38.8833954
Danforth	2443568	-80.2811295	27.1557925
Cambulos	7747933	-75.6834699	4.8057513
Kohlwald	6482560	8.3578767	48.5370447
Backtorp	3199658	16.0316780	60.0995545
Lake Rose	2035292	-81.2763979	28.5296871
Moon Lake	1210138	123.8796754	45.7056250
Chapicuy	3310576	-57.8885028	-31.6600737
Nordheim	6587490	-97.6129397	28.9244775
Jockgrim	904760	8.3088134	49.0987023
Eiweiler	5656203	6.9371886	49.3614633
Tharandt	2982890	13.5146219	50.9669487
Wola Gałecka	3897773	20.5637173	51.4542763
Mouillac	110590	-0.3470114	45.0061023
Charmois	1553300	6.3881751	48.5341227
Krokų lanka	2128461	21.3291898	55.3583526
Berneuil	3247606	2.1747143	50.0888943
Piranhas	334580	-51.8474786	-16.3715000
Utenykštis	3801347	26.0181192	55.4471761
Pradines	901491	4.1698556	45.9976888
Mouillac	144970	1.6763420	44.2734739
Canisteo	176168	-77.6041116	42.2706362
Podlipie	6119229	20.8644231	50.2538962
Dom Bosco	315011	-46.3021821	-16.7419370
Lago Hess	7008487	-71.7334776	-41.3567996
Swan Lake	3696566	-113.9079043	47.9655886
Santiago	1455825	-77.0178960	1.0908871
Tirapata	1918571	-70.3933230	-14.9250453
Brokeloh	5290747	9.2074101	52.5485831
Santiago	1423455	-72.7118118	7.8898369
Parinari	1994115	-74.5928576	-4.8395205
Purchena	347560	-2.3518353	37.3420443
Santiago	1925297	-71.9920183	-13.5702931
Chirivel	348075	-2.2779684	37.6049870
Pilluana	1971711	-76.2786150	-6.7609900
Podlipie	5652443	19.4361157	50.2919138
Mimaropa	1552261	121.4064183	13.0152201
DFKI Plaza	3334401	7.7515041	49.4292981
Tiñosillos	348218	-4.7162416	40.9543974
Val Liona	44916	11.4676750	45.4002820
Klooga järv	1441094	24.2367848	59.3054095
Santiago	1899055	-75.4496115	-14.5302335
Ait Bazza	2817716	-4.2228786	33.3964888
Bni Oulid	2755010	-4.4066726	34.5396080
Ait Zineb	2887637	-7.0789237	30.9991002
Ait Ichou	2808315	-6.0416064	33.5317776
Ifelodun	3718095	5.1788776	8.6327047
