Helsinki	34914	24.9966273	60.1151844
Lausanne	1685018	6.6953793	46.5535281
Katowice	2816597	19.0058877	50.2137320
Katowice	1513057	19.0058877	50.2137320
Katowice	332321	19.0058877	50.2137320
Monchiet	2692246	2.6241299	50.2385594
Sangatte	286388	1.7659947	50.9429474
Asnelles	138878	-0.5841259	49.3327404
Montbard	145933	4.3506104	47.6583428
Bazinval	3020471	1.5423968	49.9481195
Liernais	132349	4.2971283	47.2214463
Coarraze	2086237	-0.2043528	43.1671093
Varanges	153824	5.1921204	47.2343012
Barinque	2825421	-0.2682043	43.4033913
Lalongue	2622204	-0.1923459	43.4796105
Tellecey	153366	5.2868304	47.2924975
Esbarres	155952	5.2012739	47.0899332
Parbayse	1016603	-0.5490408	43.3336443
Estadens	391157	0.8371675	43.0333987
Plainval	897529	2.4553861	49.5349495
Choisies	55186	4.0496343	50.2129033
Faleyras	1547390	-0.2274374	44.7645751
Nanthiat	1861591	0.9899343	45.4099269
Bouclans	121856	6.2382487	47.2393357
Tarcenay	453040	6.1060140	47.1636046
Brangues	104362	5.5291260	45.6951780
Joiselle	2742822	3.4913197	48.7620854
Hipsheim	79344	7.6773974	48.4642232
Barbizon	77632	2.6025774	48.4472477
Courtémont	2644342	4.7790445	49.1369182
Londrina	297756	-51.1179014	-23.4761272
Valeyrac	963191	-0.9007076	45.3924396
Gézoncourt	1878378	5.9866354	48.8450155
Brannens	74567	-0.1533131	44.5213061
Wallonia	90348	5.3992106	50.1545546
Ovanches	420467	5.9576880	47.6308112
Mathenay	147945	5.6755247	46.9325594
Servance	306525	6.6731925	47.8241062
Fraisans	161261	5.7538670	47.1289772
Solomiac	127109	0.8890239	43.8035591
Lannepax	131471	0.2443647	43.8101121
Encausse	127027	1.0298618	43.6923433
Cheminot	1162544	6.1426578	48.9572105
Goudelin	387078	-3.0173686	48.6060815
Nattages	146608	5.7485294	45.7230237
Verdille	1845210	-0.1002920	45.8814482
Charnois	1742932	4.8340286	50.0990744
Velaines	2994233	5.2927412	48.6961148
Valgorge	124271	4.1028929	44.5916966
Corconne	76166	3.9390337	43.8740452
Asperjoc	2575607	4.3539150	44.6944532
Bistagno	43421	8.3755589	44.6694459
Freising	30005	11.7097098	48.3898197
Juvignac	28727	3.8012831	43.6172726
Gourbera	75875	-1.0473165	43.8060926
Harville	2978578	5.7198271	49.0945447
Plumelec	145084	-2.6228018	47.8235231
Bornasco	44519	9.2205683	45.2673764
Villegas	342540	-4.0230615	42.4661666
Chevinay	279525	4.5914834	45.7766574
Berbezit	3060460	3.6020987	45.2903808
Sermages	161900	3.8424802	47.0160329
Matillas	342111	-2.8334611	40.9419300
Ocentejo	341088	-2.4024871	40.7693888
Taragudo	340466	-3.0857646	40.8231979
Corleone	39340	13.2944776	37.7947190
Vergiate	45833	8.6999363	45.7326115
Pratinha	315080	-46.3898823	-19.7636991
Vergezac	118588	3.7319193	45.0316000
Herbault	279976	1.1598438	47.6124480
Villabon	191461	2.6726622	47.1080146
Holguera	346292	-6.3494154	39.8886284
Valmorea	46226	8.9316719	45.8180504
Bourdeau	74294	5.8551065	45.6757308
Kisarawe	1600840	38.7039692	-7.1722050
Bounkani	3603817	-3.3086826	9.0808067
Guantian	2236948	120.3549387	23.1897801
Saarburg	1256034	6.5425309	49.6049811
Uppsala län	54220	17.6240658	60.1600560
Altamura	40743	16.5666049	40.8543353
Azpeitia	343232	-2.2582702	43.1656881
Braniewo	2982639	19.8221630	54.3791637
Braniewo	2803825	19.8221630	54.3791637
Beemster	289225	4.9198678	52.5624550
Sandrigo	45531	11.6014539	45.6513561
Arnesano	40434	18.0958042	40.3394766
Kesznyéten	1440872	21.0636869	47.9752891
Eggstedt	939497	9.2624971	54.0541648
Berrueco	346826	-1.4716507	40.9789568
Ciorlano	41297	14.1255167	41.4503674
Tregnago	45187	11.1604446	45.5286490
Marietta	119641	-84.5493640	33.9483855
Susegana	46336	12.2235849	45.8531073
Burdinne	2363329	5.0994484	50.5811696
Pradillo	345667	-2.6436191	42.1845108
Burglahr	415009	7.5010235	50.6156446
Steffeln	1076002	6.5564934	50.2915868
Mislinja	1676308	15.2213680	46.4470276
Fensdorf	421920	7.7835542	50.7398660
Heidmoor	423232	9.8334320	53.8508658
Cerrione	45031	8.0703292	45.4744326
Boldekow	1432539	13.6009423	53.7263670
Brebotte	117199	6.9690615	47.5769010
Komsilga	5675754	-1.6164110	12.1640799
Colorina	46951	9.7220329	46.1416560
Huangshi	3086592	115.0154576	29.9185999
Manassas	206870	-77.4824443	38.7449469
Òsile/Osilo	40703	8.6683454	40.7683135
Bernburg	124297	11.7557041	51.7826239
Hirschau	1028538	11.9440495	49.5521056
Sapa-Sapa	3811046	120.2172385	5.0271231
Pimienta	6057226	-87.9701634	15.2708521
Ceel Buur	1720097	46.8229124	4.6169538
Mawogola	5994233	31.4089655	-0.0526845
Fljótsdalshérað	56137	-15.5639201	65.1718300
Hohenems	75358	9.7063852	47.3654179
Vallorbe	1685174	6.3752881	46.7081429
Kybartai	2659684	22.7688347	54.6403772
Rapotice	442175	16.2556937	49.1914760
Spilinga	39666	15.9254880	38.6145191
Le Manoir	183945	-0.5964359	49.2901830
Silvania	1354793	-74.3686921	4.4319676
Hojovice	441098	14.9234655	49.3357165
Longiano	42824	12.3392017	44.0818825
Montadas	301367	-35.9380316	-7.0887758
Alfstedt	1079020	9.0592782	53.5524863
La Frette	190828	5.3586176	45.3894380
Elsfleth	532790	8.3838879	53.2235103
Eulenbis	1253795	7.6552929	49.5006586
Sunagawa	4085256	141.9447972	43.5064750
Marietta	182968	-81.4548643	39.4287319
Müglitztal	455486	13.8264916	50.9247549
Frasdorf	2186922	12.2775410	47.7923061
Gohrisch	534531	14.1223431	50.8801656
Spearman	115412	-101.1956870	36.1940335
Odivelas	5400891	-9.1878221	38.7953834
Hornberg	453006	8.2493923	48.2029475
Eckstedt	2411290	11.1479259	51.0748518
Immerath	1085820	6.9619452	50.1281560
Dürrenroth	1682426	7.7765622	47.0803939
Gondomar	3383115	-8.4897784	41.1020121
Kaharlyk	3811859	30.8169124	49.8555770
Sparneck	1021687	11.8528986	50.1532952
Dietikon	1682103	8.3888495	47.4013637
Kamsdorf	1273358	11.4532782	50.6366177
Wellheim	943534	11.1047167	48.8182642
Nova Lima	368772	-43.9112977	-20.0720000
Schnifis	75318	9.7327780	47.2219330
Nonoichi	4800249	136.6053987	36.5252554
Murakami	4134928	139.5776240	38.3223344
Madurejo	5615453	110.4843340	-7.7937198
Giripeni	5615479	110.1474813	-7.8891862
Shoreham	2333789	-73.3138982	43.8965784
Agematsu	4759295	137.6886998	35.7643375
Kurihara	3800262	140.9458246	38.7959055
gmina Raków	2908864	21.0020662	50.6934980
Bobov Dol	1978248	22.9830490	42.2995159
Zellberg	80196	11.8560561	47.2405258
Frauenau	959171	13.3366213	48.9835198
Haundorf	1015098	10.7997184	49.1616375
Barnwell	193970	-81.3692437	33.2396455
Guxhagen	452207	9.5089904	51.1992943
Modautal	452424	8.7404312	49.7561818
Habartov	439501	12.5539084	50.1754671
Weissach	722149	8.9215505	48.8417851
Le Tallud	150067	-0.2928924	46.6267511
Buchmany	4733621	28.0383446	51.0707995
Chisholm	136658	-92.8737639	47.4864419
Suklieia	3108353	29.6594782	46.8178934
El Picazo	343295	-2.1090646	39.4437854
Montbard	1685959	4.5384893	47.6316219
Cortland	174991	-76.1791865	42.6000605
Engersen	3685979	11.3496015	52.6208143
Beetzsee	967757	12.5445252	52.4785475
Socastee	192170	-78.9744148	33.6909114
Kraiburg	941066	12.4449895	48.1775465
Kalitnik	7006221	23.7281384	53.0243166
Nedashky	7806023	29.2234860	50.9769279
Danstedt	3997096	10.8898709	51.9139516
Hodgkins	123148	-87.8607833	41.7614468
Le Raincy	162337	2.5197211	48.8958315
Heteborn	3980985	11.3110616	51.8842737
Oakville	140246	-90.3160071	38.4392708
Zapallar	110713	-71.3259119	-32.5898941
Przyjaźnia	7624910	18.0169947	53.8367151
Marietta	188826	-76.5531157	40.0573456
Catskill	174378	-73.8682690	42.2113780
Franquia	3456752	-57.5956956	-30.2172877
Lac Louin	2565662	-74.0148830	49.7585677
Lac Jouet	2504760	-74.2434390	49.5430296
Lac Flynn	1945035	-70.7839265	48.6788785
Lac Curno	931650	-78.7226778	46.9198310
Radstadt	968982	13.4912160	47.3752875
Dans Pond	1823816	-54.9439330	49.1269924
Fazy Lake	2591421	-63.1751958	54.6941509
Bobs Pond	2390422	-55.8755079	52.8838739
Malungen	1777397	16.9535972	62.1569597
Cospicua	7510576	14.5227486	35.8825275
Queiriga	6422558	-7.7438772	40.8023284
Rebolosa	6364292	-6.9035815	40.4183017
Butjenna	7670539	12.1587106	60.1688322
Kita Ward	3939484	133.8639686	34.7838654
Kita Ward	4288111	139.1796635	38.0396563
Laitaure	20484	18.3761858	67.1218140
Lac Minto	1952919	-74.6656531	57.3112126
Grodziec	4847928	18.8788366	49.7950465
Kita Ward	4000502	130.6852227	32.8995835
Kita Ward	900313	135.1823314	34.7881635
Kita Ward	4567635	136.9120266	35.2145505
Lago Nero	3661754	10.1162816	46.1036221
Kita Ward	358761	135.5170242	34.5681505
Kita Ward	4674698	137.6696421	34.8629700
Lac Cornu	2515572	6.8489606	45.9581093
Araioses	332920	-41.9624865	-2.9533421
Eftevann	6186561	8.3803377	58.2734413
Mynterikkö	7299044	29.2070854	61.5562516
Vuorijärvi	7316772	29.2782737	61.6073019
Joutsjärvi	2350851	28.3880682	61.4670626
Vuorijärvi	2578302	27.6303143	61.5450099
Cetereze	6312477	21.2465094	44.3682903
Mokranje	1706496	22.5470940	44.1607031
Fuglsang	2715112	11.0041085	57.2322811
Kita Ward	357805	135.7043987	35.0969085
Cestelin	6656221	21.8328758	42.5744909
Kongstjønn	5400674	8.2558166	60.0749917
Vuorijärvi	296401	22.9156121	62.0411692
Vuorijärvi	1979605	23.4460550	61.8273807
Tuvtjärnen	3860193	14.7319665	59.3637002
Castilho	298376	-51.5366786	-20.8995000
Razbojna	6955675	21.1759465	43.3427128
Masovice	7481444	19.9096836	43.2933176
Lough Rea	4253235	-8.5776067	53.1885806
Kiemiany	6831927	19.5538216	53.8008784
Sandomil	6334597	-7.7767577	40.3557461
Ratoeira	6371568	-7.3486365	40.6426811
Jaresnik	6649237	22.3871760	42.4039128
Sobreira	1732857	-8.4046542	41.1178836
Salzedas	6415012	-7.7211315	41.0651812
Odivelas	6432002	-8.1738620	38.1651794
Odivelas	6522461	-9.1822438	38.7914022
Papratna	6363292	22.4121440	43.4685613
Valnaren	6660038	16.9187627	59.2362361
Huutojärvi	7813013	28.4310156	69.1351249
Sahalkot	5694928	83.9691527	27.8033753
Żubrówka Nowa	6815529	23.1516293	54.0799771
Lipovica	6314819	21.5224367	44.1724273
Tomaszówka	7582890	22.3480790	51.1243232
Lasowice	3200140	21.2543562	51.4073155
Joutsjärvi	1711729	25.8265659	61.5164058
Lipovica	7232959	22.1138307	43.0315279
Cokonjar	6354918	22.3603999	44.0340733
Jothesee	3745620	8.6432652	51.7404548
Altrhein	1649651	8.1477839	48.8930846
Studenac	7193182	21.7197761	43.1659003
Sløkvatnet	5438512	28.0896435	70.8227339
Søyletjenn	6277953	8.4811005	58.5099318
"""De Vest"""	7457087	4.4721685	51.4666772
Sonadora	4468570	-66.1253619	18.2891258
Sonadora	4468569	-66.1185880	18.2693825
Parguera	4468273	-67.0497659	17.9886144
Lily Lake	7493044	-88.3724976	42.2776321
Oakville	2407500	-79.7222663	43.4466768
Ngapudaw	5996771	94.4201941	16.3421920
Ropi Lake	3670069	-120.1327112	38.8397307
Alberton	7657826	-93.5239227	48.5807361
Lily Lake	2402493	-121.3536969	46.8376565
Fox Creek	3236231	-81.7158568	46.1789780
Lily Lake	1701752	-83.0820223	45.8867784
Star Lake	4635253	-79.7583812	45.3290610
Star Lake	3117640	-75.0426476	44.1562980
Ryan Lake	1186190	-78.0945022	45.6858095
Chisholm	7539289	-79.2057338	46.0983276
Star Lake	3853302	-89.4975221	46.0302743
Farm Pond	2915940	-70.5574435	41.4465180
Maikulki	3707547	4.8936465	13.1673987
Viehdorf	131839	14.8952145	48.1481709
Donauarm	4125761	15.3437714	48.2361724
Berounka	1837899	13.5082372	49.8168066
송정동 (Songjeong-dong)	3882067	127.0684521	37.5537482
Lac Usher	193871	-76.0295807	45.7205707
La Sierva	5273135	-76.0451127	5.9432216
Lac Cornu	900216	-74.3889762	45.9704186
Lac Creux	899940	-74.1044438	46.0934508
Star Lake	122251	-90.6497742	47.9067873
Star Lake	125181	-91.2318878	46.3895090
Sue Creek	6005266	-76.4046710	39.2873811
La Aurora	3765069	-79.8959304	-2.0410343
Bermejos	2661221	-78.7395522	-3.2823711
Lily Lake	1412954	-66.0751027	43.8707976
Star Lake	1396715	-114.2727809	53.5109168
Mull Lake	3563723	-150.3409811	60.9116338
Bot-Makak	3823437	10.9345499	4.0400614
Star Lake	2188018	-94.1762123	29.6758829
Magumeri	5421032	12.7744249	12.0780512
Panhauya	3709562	7.5911091	11.1373038
Kibilizi	1729959	29.7976536	-2.6309746
Star Lake	407016	-95.8157684	46.5194036
Star Lake	907439	-94.6680486	46.1821929
Nest Lake	939657	-94.9650306	45.2601963
Khamlung	6662373	87.6196264	27.3827628
Khokling	6664069	87.6473696	27.4011259
Star Lake	1347911	-87.2669841	30.3841321
Kanjongo	3973071	29.1566363	-2.3397198
Lily Lake	226298	-106.6070827	40.3502462
Lac Royal	193809	-76.3663472	46.5733557
Lac Flynn	193900	-76.3168547	46.3572861
Lac Cornu	900177	-74.4190059	46.0839295
Tidy Lake	5345283	-87.6774949	51.6598519
Star Lake	5946933	-91.6910290	50.0561363
Ryan Lake	3499770	-93.2814512	50.3012246
Lily Lake	3464856	-94.6298798	49.6253646
Hump Lake	1733116	-94.0455601	49.6159719
Osse Lake	5130734	-86.7918990	50.0863125
Star Lake	4144543	-86.4970415	49.5387799
Star Lake	4165528	-85.0050103	49.0409741
Ryan Lake	3687963	-82.5921098	46.3276863
Star Lake	3506654	-82.3668776	46.6102779
Lily Lake	4202099	-82.2963514	49.4253641
Star Lake	3957105	-81.7632001	48.3398599
Herraoua	157456	3.3117145	36.7689802
Rochford	3544480	-103.7197174	44.1242078
Lipovica	7251334	21.8895700	43.1270164
Lipovica	6658029	21.7136550	42.7388383
Alberton	2256617	-64.0656002	46.8116510
Chuchure	6720881	86.3452677	27.6459704
Rasanalu	6724859	86.2102101	27.5546353
Radhapur	5993345	81.5311250	28.0683977
Mukamira	3972608	29.5255048	-1.5966099
Klinovac	6655930	21.8648584	42.4123411
Letovica	6655643	21.6718475	42.3980911
Altrhein	3459570	8.2933772	49.0753392
Lac Creux	1157197	-63.1132823	49.5531797
Molengat	1325568	6.0885429	52.7437305
Corcoran	112154	-119.5630866	36.0844165
Farm Pond	5510805	-71.3455795	42.2338801
Ryan Lake	1503739	-114.3716616	62.5883439
Star Lake	1463814	-95.2426251	49.7551818
Nest Lake	1167287	-100.3481171	50.5832858
Star Lake	1476532	-100.8893847	55.1507203
Srinagar	1944968	75.0744927	34.2376327
Herkimer	175811	-74.9922572	43.0307490
Pailitas	1351873	-73.5678375	8.9492148
Borotice	437276	16.2337994	48.8575330
Iwaniska	6581186	21.2798904	50.7259417
Stepnica	5313808	14.6355653	53.6506081
Borotice	441324	14.2889067	49.7397617
Hinckley	136926	-92.9357887	46.0113345
Torralba	344852	-2.2905925	40.3015638
Lawnside	170696	-75.0298250	39.8683760
Dunellen	170525	-74.4648062	40.5901305
Shoreham	175536	-72.9096301	40.9552745
Bouhamza	4069950	4.6409490	36.4391577
Rietheim	1684404	8.2742363	47.6000051
Winslade	3760864	-1.0633857	51.2398405
Kieljany	6861978	22.4615197	53.4694501
Fish Cove	6482134	-71.4370508	43.6425860
Leirvika	7808677	11.6136097	64.5843252
Hemviken	7189954	18.4585146	59.4281630
Krevatia	1545666	27.6192489	36.2143906
Isla Tipa	6316243	-89.5195234	14.2492318
Isla Raby	6489840	-73.9851725	-52.4472201
Crescent	129100	-95.8568666	41.3638489
Woodbine	128478	-95.7056305	41.7342480
Crescent	185197	-97.5953300	35.9511991
Marietta	184821	-97.1210023	33.9340179
Tallulah	132122	-91.1905834	32.4027224
Podlaski	6810916	23.5039662	54.0964033
Tamajori	4610901	85.7704372	27.3436475
Corcoran	3582604	-93.2413547	44.9438460
Uthleben	2399481	10.8278912	51.4441223
Kompocie	6808920	23.2512120	54.2420375
Harskamp	334644	5.7653665	52.1306259
Solistówka	6828411	22.7732086	53.7562489
Mechtras	4293793	3.9933983	36.5536618
Taconite	136755	-93.3840414	47.3297225
Cortland	182639	-80.7226312	41.3373485
Gooimeer	1204456	5.2048265	52.3164879
Pustá Polom	437660	18.0050274	49.8509756
Ditkivci	3166943	25.5161350	49.7449618
Monongah	239917	-80.2216540	39.4585680
Zhabynja	3166945	25.0005651	49.6499422
Stadniki	6797631	22.7136367	52.5300533
Chylonia	2606787	18.4737216	54.5433505
Muggiano	6679860	9.0689703	45.4456957
Noailles	456996	2.1999363	49.3218966
Inisheer	3235264	-9.5253551	53.0569680
Thesinge	163029	6.6552391	53.2725015
Ghelenky	3166827	25.1678203	49.4637905
Woodbine	170910	-74.8079075	39.2314045
Jantra küla	355597	27.3475503	57.8814331
Vagula küla	352715	26.9331096	57.8606522
Kerita küla	353750	25.5612138	58.4904816
Don Bosco	4683205	-71.3282116	-42.9094859
Saardu küla	353931	23.6044290	58.7930083
Don Bosco	5836478	-57.5720342	-37.9918815
Palanque	7340984	-52.1072664	-29.5853129
Cordeiro	7594224	-51.9127341	-31.0133613
Karula küla	353053	26.2298272	59.5305076
Montadas	6232184	-35.9380316	-7.0887758
Ialoveni	5736377	28.7834938	46.9220062
Don Bosco	4773241	-67.9848540	-38.9284708
Glorieta	1282520	-5.6614460	40.9777236
Phulbari	5932617	80.6997848	28.6159041
Araste küla	352265	24.3522225	58.7580325
Liikva küla	354762	24.4336085	59.4108439
Castilho	5349599	-51.5366786	-20.8995000
Tapiraim	6197143	-36.1771671	-8.4244341
Miburani	6024788	39.2733902	-6.8530141
Shannon B	7003352	-8.6263940	52.6615244
Hirschau	4557456	9.0020831	48.5025442
Pflersch	2064012	11.3451160	46.9568226
Asterode	4051894	9.3847516	50.8481280
Don Bosco	6410167	-58.9626533	-27.4583414
Don Bosco	6843517	-64.4261053	-31.6679189
La Aurora	2993177	-87.1560693	14.1014099
Eivere küla	351264	25.5292725	58.9751832
Brusnica	2321206	21.7096336	49.1488542
Makomeno	5825674	27.4744653	-11.6798017
Don Bosco	5837114	27.4825363	-11.6788407
Raukla küla	351986	25.5226722	58.7789360
Don Bosco	4679427	-65.0417149	-42.7606043
Don Bosco	4673976	-65.3073219	-43.2429469
Don Bosco	4023182	-67.4299512	-45.7970356
Don Bosco	4770079	-63.7616193	-35.6463382
Don Bosco	4813373	-72.2168113	-51.5874969
Don Bosco	4813337	-72.3407863	-51.5435206
Don Bosco	6117156	-62.9755633	-40.8218436
Lasowice	4552352	18.8786771	50.4749538
Karula küla	352782	25.6216403	58.4022230
Boljetin	6305051	21.9940603	44.5394073
Nigula küla	351036	23.7754814	58.9676882
Nigula küla	353998	26.8147333	58.5400965
Muraja küla	350632	23.2136376	58.4497245
Buglovce	2275774	20.6957543	48.9847776
Mofreita	5739349	-6.9188132	41.9252110
Don Bosco	4756028	-67.5331739	-39.0373762
Kawanabe Chō	5678146	134.0098183	34.2645187
Nagarkot	7714771	85.4987923	27.7140429
Greenore	6974471	-6.1359702	54.0060422
Choutara	6770108	85.7203968	27.7745115
Lasowice	6146733	14.9870872	51.1146915
Klenovec	2274766	19.8236598	48.6429042
Grodziec	4552467	19.0926882	50.3521103
Moyaliff	6788849	-7.9737514	52.6548426
Luniniec	6722245	26.8087803	52.2531296
Nantinan	6833590	-8.9366495	52.5640901
Moyacomb	6650548	-6.6075030	52.6892256
Horkheim	3318347	9.1626946	49.1062378
Imphrick	6911413	-8.6365614	52.2715747
Don Bosco	5301275	-68.9256378	-46.5450021
Karula küla	352428	26.3015216	57.7557461
Tolikara	7754467	138.4002816	-3.4879768
Claycomo	139814	-94.4706059	39.1960595
Marietta	126186	-90.3930665	40.4992384
Kuleszówka	4258211	20.9081391	52.0626026
Móra la Nova	348136	0.6680964	41.0933241
Chorense	4168839	-8.2906972	41.7017508
Oak Hills	186302	-122.8399646	45.5411330
Villisca	128568	-94.9784832	40.9335639
Rollegem	961238	3.2564730	50.7723297
Latkivci	3167146	26.2801279	48.5548135
Lily Lake	125802	-88.4751830	41.9532145
Cassoday	129761	-96.6368176	38.0376640
Gondomar	4113891	-8.2731776	41.5265465
Liubivka	3943018	37.7515675	47.8238548
Mamounia	1334214	0.1414028	35.4615454
Hinckley	126266	-88.6404051	41.7731795
Cortland	126271	-88.6815689	41.9153435
Cieciory	6896754	21.7750364	53.3479525
Gondomar	346271	-8.7521392	42.1112347
Star Lake	176294	-75.0349834	44.1608000
Corcoran	136691	-93.5840849	45.1092405
Birdseye	127774	-86.6969656	38.3141115
Wapienne	4521392	21.3027276	49.6155600
Taguedit	2971955	3.9556238	35.9532449
Sandborn	127806	-87.1844913	38.8964175
New Miami	181883	-84.5371835	39.4296955
Park Hill	183997	-94.9370604	35.8621725
Samarske	3944084	37.1053866	48.6358813
Gondomar	4165436	-8.3638140	41.7418400
Klitsche	3706766	12.2240878	52.4959163
Glorieta	171662	-105.7544001	35.5776774
Kujbiedy	6880672	23.0572124	53.3687731
Woodbine	129977	-96.9595913	38.7961609
Oued Ghir	4067884	4.9861308	36.7145276
Richthof	7465988	11.6406071	49.2735645
Randvere	2680506	24.9034696	59.5076590
Odivelas	7825068	-8.1479283	38.1680591
Kanarevo	6839334	21.9250962	42.1879720
Karlovce	6839604	21.8713248	42.2658766
Rugjince	6839337	21.9799733	42.1457462
Kutlibeg	6828299	21.9032344	42.0465838
Dragoevo	6791502	22.1304575	41.6699786
Stepanci	6791498	22.2182260	41.6209606
Timjanik	6793091	22.0883064	41.4617683
Stepanci	6806505	21.6494187	41.4774768
Podgorci	6479386	20.5727389	41.2576670
Graishte	6885901	21.2187026	41.2383345
Rastojca	6885641	21.2033369	41.3406591
Yambulla	6031966	149.6030810	-37.2285407
Talmalmo	5967481	147.5692159	-35.9609213
Paso Real	5365042	-97.0393533	20.3861944
Cockburn	6182342	140.9585954	-32.0760916
Moonbria	5828239	145.4411186	-35.1103821
Tagiloni	2645853	41.7612974	42.5396132
Demidovo	5519307	41.5956119	64.1999238
Aygezard	3353423	44.6035228	39.9576293
Tellialp	7384190	7.8179020	46.4286942
Junqiana	3744482	124.8373904	11.9705814
Baungung	6620103	150.0920194	-2.5792676
Shoreham	134670	-86.5129722	42.0599525
Big Piney	252089	-110.1367764	42.5434374
Ghlushka	3166845	25.6702502	48.7383743
Parshall	181471	-102.1349881	47.9545335
Boksycka	3816502	21.3407633	50.9578028
Oakville	238011	-123.2343454	46.8395390
Rockvale	112686	-105.1698463	38.3644919
Cortland	169470	-96.7057272	40.5054185
Saillans	86455	5.1901130	44.6941469
Hartline	237819	-119.1090612	47.6902540
Noailles	120896	1.5212984	45.0985977
Le Raincy	1637469	2.5401350	48.9099005
Saarburg	721777	6.5160791	49.5820903
Woodbine	119847	-81.7215593	30.9572580
Woodbine	5517394	150.8245311	-34.0452617
Tomaszówka	6635946	20.7768242	51.8870697
Oxapampa	1948465	-75.3826071	-10.7100032
Vijoliai	4679733	23.2665445	55.9532656
Wojaszówka	7066607	21.6661938	49.7813413
Chisholm	132537	-70.1917026	44.4930330
Tomaszówka	3783872	21.6526135	51.1181510
Flinders	6076620	150.8469220	-34.5802432
Ourimbah	6039487	151.3525728	-33.3154985
Tuggerah	6037076	151.4289591	-33.3063836
Cooks Gap	6058970	149.7150870	-32.3588769
Mannerim	2455513	144.6079828	-38.2221028
Flinders	2451524	144.9851396	-38.4556401
Shoreham	2451381	145.0536017	-38.4222350
Curclogh	2667952	-6.4184215	52.4494023
Cloghboy	5598169	-8.5166560	54.7798804
Sessiagh	5887473	-9.0389184	53.7053255
Allagour	4480547	-6.3713848	53.2431676
Parkhill	4144674	-8.1678044	54.5213951
Merepark	3557657	-6.1309717	53.0951086
Drumleck	5275187	-6.4093672	53.9036469
Killeens	5379042	-6.9285861	52.4725286
Rockvale	4782198	-8.9179025	53.0303621
Montiagh	3747977	-8.8111132	53.9978457
Oughtagh	5876918	-9.0953924	53.9200568
Buglovce	2275710	20.6957543	48.9847776
Nacozari	4078628	-100.3944399	20.6009330
Killeens	5480962	-8.5190388	51.9218800
Loughrea	5917034	-8.5675957	53.1988841
Imphrick	5477122	-8.6825720	52.2792546
Carnmore	4294599	-6.3137540	54.9519088
Killeens	5966403	-8.6386668	51.6569173
Attiduff	5352984	-6.9828319	54.3662336
Striežovce	2274689	20.0265219	48.5294455
Duke Park	3776328	-78.8888319	36.0125852
Beal West	6268536	-9.6528605	52.5631211
Oughaval	4638872	-7.1239732	53.0036931
Redhills	5498143	-6.9470792	53.1778061
Clonavoe	4207573	-7.1529388	53.2534605
Clonbrin	4230343	-7.0561209	53.1986529
Nantinan	6294342	-9.7055270	52.1129710
Lismenan	5645018	-6.8785541	54.2387409
Cranmore	4628218	-8.6978226	53.9448286
Gulladoo	4025918	-7.0486214	55.2107906
Saarburg	5862413	6.5366804	49.6099057
Fawnaboy	5540176	-8.1430081	55.0645181
Moanteen	5620298	-8.0065774	52.4987796
Cranmore	6054114	-9.2994908	53.7322169
Rathgill	4651360	-5.6817219	54.6428578
Rathgran	3541979	-8.5982994	54.1478249
Cloneens	4556402	-6.7964722	53.5660411
Rockvale	5593833	-8.3873552	52.7181356
Camderry	4439288	-8.0510603	54.2705729
Oughtagh	5143715	-7.1720075	54.9442733
Rathbawn	4554947	-6.7146672	53.0474532
Clonacur	2190961	-6.8590921	52.6875661
Killaloo	5148394	-7.1929943	54.9286391
Ingelsta	4249058	16.1586982	58.6150101
Glencrew	5463613	-6.9454483	54.4148207
Crosheen	4717995	-8.9090943	53.1900871
Killylea	5270006	-6.7679165	54.3477226
Dovehill	4170300	-7.7794365	53.1548394
Attiduff	5636383	-7.1071459	54.0972291
Mauteoge	5141105	-9.3645370	54.0849856
Garreens	5910111	-9.0710799	53.6747089
Pluckeen	6323510	-9.7172637	52.2747424
Cloghers	6345477	-9.7015020	52.2594212
Don Bosco	3395231	-60.8087962	-32.9094426
Moyaliff	5475627	-7.9364449	52.6514072
Kilcrone	6158562	-8.1139583	51.8513192
Clonmona	5342314	-7.9742918	53.0950648
Ballylin	4136881	-7.8120148	53.2870385
Pitangas	7748313	-50.2565566	-29.8987753
Carnmore	6087849	-8.8687257	53.3077468
Mihanboy	5330601	-8.0203416	53.4084026
Hillpark	4248058	-8.8830399	53.2317733
Chisholm	6058586	151.6350736	-32.7528970
Learmore	4603224	-7.6129901	54.6893347
Killylea	5659140	-7.4038399	54.1268277
Moncucco	7065949	9.1670077	45.4399419
Lacktify	6143537	-9.0313744	51.9489240
Klastava	2257749	18.8640655	48.3215322
Dromduff	5984253	-8.9413898	51.9266978
Graigues	6142528	-8.8941908	52.6293640
Galwolle	5611678	-7.9457016	54.8612560
Ballylin	6088040	-8.8710596	52.5126690
Cordeiro	4275084	-34.9288792	-8.0511641
Graigues	6136039	-8.9308170	52.5761967
Nantinan	6136043	-8.9568507	52.5631564
Ballylin	6149950	-9.0343722	52.5700441
Ballylin	6149949	-9.0354430	52.5431769
Ballylin	6129210	-9.0822863	52.4989602
Lisingle	3558746	-7.7268542	54.5102219
Sessiagh	2232088	-7.5983054	53.9581142
Gulladoo	2190261	-7.6175247	53.9463681
Aza Sanjo	6649760	134.0402463	34.3105321
Alberton	2693242	146.6619872	-38.6130050
Cunnaker	3357164	-9.3098084	53.7928608
Koongawa	6249828	135.8321382	-33.1932204
Jaslovce	2203937	17.6522455	48.4681484
Moorilda	6074589	149.3248722	-33.6277416
Mersheen	3347360	-6.9395292	52.2363900
Slatinka	2265006	19.2217891	48.5344990
Pipeclay	6063744	152.5837838	-31.4402894
Long Flat	6063649	152.4820971	-31.4353561
Killeens	3321193	-6.4913679	52.3233586
Parkhill	3561739	-7.6425162	54.5136734
Killylea	3558881	-7.7083830	54.5160523
Drumatee	5328036	-6.5406504	54.3134338
Plumbago	6352306	139.9084126	-31.9950529
Tirmegan	5297934	-7.4131207	54.7368968
Coobowie	6649321	137.7255327	-35.0420266
Krindges	7206948	-51.2707772	-29.4107076
Camderry	4661302	-7.4697147	54.5381652
Wanstead	7701140	-59.6283517	13.1393414
Graigues	6262064	-10.0517089	51.8141686
Drumcree	2206510	-7.9578717	53.9171671
Brusnica	2321120	21.7096336	49.1488542
Klenovec	2274638	19.8236598	48.6429042
Cornagon	5475469	-7.8870535	54.0027279
Cutsdean	6085228	-1.8323454	51.9803742
Rosdoagh	5610506	-9.7834222	54.2773259
Garroman	3367530	-9.7519019	53.4560426
Wall Flat	6814341	139.3110916	-34.9844554
Murdinga	7125469	135.7500645	-33.7348250
Kilmacow	6054296	-8.8009732	52.4871650
Kilmacow	5326970	-7.1728598	52.3031358
Crescent	6691859	140.7435843	-34.2070905
Kingarve	5477441	-6.7431062	54.5162585
Xodô-Marize	3409179	-43.9401748	-19.8218017
Dungaghy	3365184	-7.6294321	53.4745790
Kilnalug	3366992	-7.5658010	53.4406480
Don Mateo	3388850	-60.8559511	-32.9279542
Paracuri	5283443	-48.4779607	-1.3169448
Canteeny	6221834	-8.8426231	53.3699103
Sessiagh	5401535	-6.7200570	54.5840528
Altaskin	5571788	-7.4716624	54.9311332
Kirstead	1022373	1.3890522	52.5260988
Seething	1022356	1.4091864	52.5221796
Cankilly	4478698	-8.0603666	53.2143803
Wickmere	1022582	1.2021271	52.8491596
Coolrain	4504040	-7.5843982	52.9759021
Redhills	4577120	-7.3114164	52.9281771
Lydlinch	5646394	-2.3768775	50.9103098
Forillan	6838877	-9.5794113	53.8913619
Pamphill	5618569	-2.0260326	50.8185636
Fadil Pur	3738363	77.0311309	28.4060211
Faughary	5607096	-8.1364528	54.3367548
Betchton	1408191	-2.3214492	53.1247640
Cranmore	2926849	-2.4656051	51.1899785
Rochford	1875288	-2.5368503	52.3025762
Clonaboy	4202432	-7.5420402	53.6477865
Kylatlea	5494345	-7.5118295	52.4662467
Dona Rosa	7113995	-44.8548514	-20.1685598
Burlando	6683513	-68.2397997	-38.9608312
Drumchoe	5727348	-7.1700394	54.0266803
Oughtagh	5148368	-8.3655315	53.6023547
Miserden	5995075	-2.1131439	51.7840871
Camderry	5360771	-8.4327890	53.5648366
2e des Pas	410014	-74.0375187	18.2346988
Wernfeld	7432159	9.7288015	50.0236078
Haughley	4868204	0.9682196	52.2238044
Don Bosco	1016376	121.0237267	14.4829086
Tombolia	5574474	-13.5514150	9.6443751
Habartov	433369	12.5663592	50.1777585
Noailles	6581591	5.3796481	43.2950039
Nový Drahov	424458	12.3915650	50.1425655
Ballylin	5499237	-7.5757318	55.0478691
Sessiagh	5611383	-7.5952833	54.8242958
Lišany u Žatce	425124	13.6437132	50.3471340
Knapovec	426136	16.4473856	49.9607775
Coolrain	4641434	-6.9938472	52.8687777
Cunnigar	5830754	-7.6091458	52.0783898
Oughtagh	4055793	-8.4819050	53.6477552
Carn More	5390904	-6.4084557	54.0352168
Cronakip	4501824	-6.0992452	52.8748285
Karlovec	434604	17.4908094	49.9200073
Oughaval	4285299	-8.9403141	54.0356702
Pustá Polom	432118	18.0050274	49.8509756
Slatinka	428307	16.5656867	49.5777788
Borotice	435282	14.2598968	49.7448072
Rapotice	436361	16.2556937	49.1914760
Eastling	2429757	0.8179600	51.2716155
Lindsell	3341949	0.3860727	51.9204848
Greenore	5224282	-6.1364258	54.0266756
Kilmacow	5510427	-8.0313142	52.0901815
Rochford	3095994	0.6787130	51.5840602
Shoreham	2277982	0.1858520	51.3387662
Portanab	4431040	-6.9081774	53.5535561
Domaslav	423250	12.9029533	49.8770830
Lavendon	5345426	-0.6541512	52.1777752
Hojovice	427547	14.9234655	49.3357165
Domanín u Třeboně	436037	14.7483144	48.9736666
Killylea	5829156	-8.8546185	53.7817242
Kochánov III	423763	13.3696917	49.1821859
Beckbury	7058102	-2.3414707	52.6118280
Fangfoss	917391	-0.8404436	53.9641383
Carn More	5555638	-8.7884296	53.8161335
Clophill	4070480	-0.4090772	52.0348126
Aughnish	5499957	-7.6080639	55.0391530
Sessiagh	5384979	-7.7511829	55.2390497
Cloonree	4779543	-8.5084591	53.7963375
Lehurick	4043462	-8.5858652	53.5790010
Attiduff	3225983	-8.5934668	54.3693942
Ardattin	2247219	-6.7042051	52.7580181
Billises	5370973	-6.9739590	54.2720502
Ardcolum	5492372	-8.0625772	54.0414861
Graigues	4135881	-6.8082150	53.2844771
Pratinha	5278970	-48.4748826	-1.3664278
Uffculme	3280496	-3.3000123	50.8958126
Nova Lima	5312583	-54.5672995	-20.3894579
Ballybro	4547078	-6.3821764	52.2596026
Lisnacon	5763964	-8.9656278	52.1378432
Sardemir	7648832	28.9649645	41.0201433
Drumcree	5259210	-6.4611230	54.4437040
Gruchacz	6881002	19.7776509	53.3771760
Killeens	6343137	-9.5975594	52.2121644
Drumcree	4203206	-7.1749589	53.6431759
Gortilea	5146613	-7.1207440	54.9400851
Long Flat	7077731	139.3109574	-35.1315071
Mobilong	7084842	139.2753253	-35.1021729
Cloghboy	5298165	-7.4387667	54.9219776
Mingbool	6723581	140.8850696	-37.6978582
Sessiagh	4665633	-7.3114217	54.5285065
Gleneeny	4555298	-7.0254978	54.5571001
Viewbank	2379758	145.0918863	-37.7406350
Kingarve	5340773	-6.4948153	54.4276687
Humevale	2421490	145.1921740	-37.5061301
Ward Hill	6612882	137.8637058	-33.6639212
Altawark	3511356	-7.2613530	54.2995376
Carnmore	2098049	-7.2659906	54.2672068
Clonagun	2104437	-7.2704731	54.1669395
Killealy	4196943	-6.1806871	54.6721380
Iniscarn	4869716	-6.7138027	54.7517765
Shelford	3122723	143.9174543	-37.9606441
Koolkhan	6069951	152.9312787	-29.6195939
Marietta	179881	-79.1262940	34.3679195
Marietta	136947	-96.4198374	45.0098580
Rozebeke	3402443	3.7546964	50.8516484
Janczyce	6585873	21.2372045	50.7620500
Langdorp	4478893	4.8856989	51.0118664
Noailles	1550563	1.9854137	44.0113556
Hinckley	198834	-112.6733396	39.3316455
Beetzsee	2328700	12.5699825	52.4519573
Baryczka	3641170	21.8184559	51.3156452
Alberton	142473	-114.4806330	47.0041600
Don Bosco	6794317	10.2053883	45.5281593
Magumeri	3721187	12.6629371	12.1432355
Schwelle	5501953	8.5277591	51.7034625
Barnwell	6597167	-0.4402635	52.4458552
Kajetany	4100752	20.8191497	52.0847792
Tomaszówka	6856047	23.4959981	51.3404795
Tomaszówka	7152332	23.5405334	50.6755614
Artesian	194994	-97.9236974	44.0076125
Grodziec	5900282	15.7757387	51.1783804
Oakville	128623	-91.0420213	41.0969465
Sarrazac	146133	1.0306779	45.4386561
Aba South	3713503	7.3497135	5.0876591
La Frette	1531744	5.0529803	46.6406285
Lasowice	6105754	16.4229897	51.4391460
Dubysche	3794958	25.3104757	50.9257841
Marietta	6603636	-94.5425237	33.1737194
Ilkowice	3503444	20.2369153	50.3838151
Chisholm	6838174	149.1228512	-35.4219020
Ilkowice	6115802	20.9003565	50.0902694
Ettelgem	2247782	3.0384504	51.1976547
Oxapampa	1948454	-74.9933159	-10.1704009
Chemilly	122646	3.3154282	46.4766128
Stadniki	3552983	20.1600380	49.8835408
Lippesee	308408	8.6765137	51.7564127
Wólka Olbięcka	7473171	22.1346604	50.9100954
Shelford	956716	-1.0150558	52.9704588
Beetzsee	967747	12.5090719	52.4864204
Saillans	102560	-0.2768701	44.9550120
Le Manoir	536208	1.2016156	49.3219903
Sarrazac	124326	1.5896615	45.0143667
St Isable	7190840	-81.6152699	30.3716293
Rudas tv.	2269745	23.6230724	54.7782967
Palm Cove	2074339	-81.3542945	28.6385367
Lime Tree	2031477	-81.4453770	28.4156956
Park Hill	2330933	-95.2394118	38.9392261
Don Bosco	5300525	-64.2720838	-31.3881434
Castello	6658252	9.1805617	45.4705122
Sector A-9	3866244	77.0969441	28.8524201
Rietheim	1183953	8.4549339	48.0324566
Uckerath	3835902	7.3812352	50.7255434
Arroteia	6299688	-8.5564336	41.4182349
Sobreira	5998890	-8.4977872	42.0638069
Sobreira	5998647	-8.4548156	42.0722047
Ratoeira	6594912	-8.7304065	41.9578950
Liendert	2558829	5.4071140	52.1647231
King Park	7346826	-87.9320289	43.0484766
Eddy Pond	1280648	-71.8432456	42.1782128
Kulatý rybník	2354223	17.3175996	48.9070016
The Garth	572143	-123.6597614	48.7902253
Oak Hills	2051215	-81.5062484	28.6337844
Arroteia	5755424	-8.1998672	42.1311634
Tulip Ace	3818614	76.9442995	28.4256896
Mislinja	3688003	15.1975252	46.4443990
La Aurora	7747938	-75.6775579	4.8076539
Osiedle R	5587619	18.9666851	50.1135997
Oak Hills	312481	-83.1870232	39.8438788
Lily Lake	548248	-120.3082657	47.2946752
Dovehill	2070345	-81.4876684	28.6752222
Tule Lake	3838389	-109.0555880	48.6862406
Lily Lake	5609252	-105.5399218	40.3073277
Kachipur	3906188	77.3092141	28.6950895
Podgorci	3418280	16.0602082	46.4277265
Cheveste	6640276	-56.4874080	-30.4047606
Manassas	119994	-82.0199413	32.1603550
Chemilly	395193	6.0185183	47.6421967
Baryczka	6937194	21.9148287	49.8859592
Don Bosco	2067564	-58.2890000	-34.6949974
Oakville	5573041	150.8719875	-33.6244577
Ado-Ekiti	3717155	5.2843043	7.6051276
Salt Lick	130645	-83.6155676	38.1196324
El Ghomri	6668172	0.2109339	35.6769749
Burkheim	70163	7.5982950	48.1009455
Daryevka	5932293	39.6850757	47.6837985
Taguasco	5884867	-79.2986465	22.0536183
Lago Nero	317681	9.8746359	45.9997185
Grodziec	5617123	17.6917421	50.6354500
Milanino	6551952	9.1916267	45.5537550
Skroblai	7521176	23.0050892	54.4515278
Lasowice	3965348	17.0966168	50.5160692
Polobaya	1887809	-71.3551428	-16.6235428
Lankupka	7484400	22.8400971	54.4412219
Sparneck	2219742	11.8560236	50.1720616
Kybartai	6908880	22.7685350	54.6537813
Cajaruro	1973478	-78.1643418	-5.6123575
Lasowice	5768365	16.4387413	51.1978945
Neviedis	2183465	23.7154383	53.9855129
Yanatile	1925319	-72.1355720	-12.7656632
Maranura	1923763	-72.6144485	-12.9344868
Ulughbek	5885671	69.4646830	41.4066135
Bouhouda	2754982	-4.5078258	34.6360193
Rubiales	341221	-1.2733283	40.2706594
Dos Aguas	348156	-0.7583386	39.2741762
Cordeiro	2215547	-42.3548985	-22.0601124
Rochford	76490	0.7703367	51.5837007
Douirane	2830933	-8.7340725	31.1954915
Kiogelis	7001053	26.3221718	55.2286574
Lounasda	2881875	-7.4036832	32.1914883
Tomaszówka	7639562	22.2644753	51.2253546
Askaouen	2888821	-7.7710010	30.6942424
Tanougha	2882618	-6.0907911	32.4411086
