Scotland	58446	-4.8111563	57.7475000
Budapest	1244004	19.1460728	47.4813895
Budapest	37244	19.1460728	47.4813895
Maryland	162112	-76.3706788	38.8061569
Xinjiang	153310	87.1685009	41.7564676
Deuillet	152295	3.3637281	49.6273665
Laventie	179480	2.7810957	50.6093278
Ghyvelde	5815685	2.5312217	51.0329377
Ghyvelde	139672	2.5014303	51.0446524
Mons-en-Pévèle	57818	3.1033186	50.4826025
Malaunay	113624	1.0596417	49.5252325
Fauville	550086	1.2009208	49.0262931
Guingamp	387146	-3.1525238	48.5606107
Havernas	1352398	2.2265694	50.0353392
Cavillon	2596658	2.0723081	49.9171915
Douchapt	2989340	0.4458832	45.2298233
Anzeling	2436914	6.4614702	49.2708816
Buriasco	43744	7.4216069	44.8754492
L'Écouvotte	1359683	6.2519184	47.3446247
Lavannes	2599362	4.1892088	49.3094551
Anthenay	417462	3.7341990	49.1410905
Allamont	1140182	5.7664720	49.1263592
Geneslay	1785630	-0.4827226	48.5156423
Ronchamp	152372	6.6315402	47.7161404
Quenoche	932429	6.1110442	47.4671723
Ogooué-Lolo	1243588	12.5279914	-0.7984426
Arpenans	295989	6.4139840	47.6228509
Cordesse	3347168	4.3366085	47.0455542
Vladimir	1991003	40.3493384	56.1218704
Chauffry	954532	3.1828334	48.8231595
Vandeuil	2618682	3.7945889	49.2822511
Vandeins	140122	5.0797928	46.2155085
Tardajos	343709	-3.8180469	42.3535780
Lassales	2545893	0.4856610	43.2089284
Cornille	3251428	0.7757697	45.2443329
Riaville	2982051	5.6645249	49.0957631
Malandry	3259396	5.1814605	49.5745264
Clavette	117885	-1.0382921	46.1442956
Vaucogne	2998657	4.3506089	48.5347240
Lavarone	46505	11.2886381	45.9412893
Laviolle	2574336	4.3334441	44.7610099
Pitiegua	343100	-5.4507078	41.0498485
Palluaud	1842512	0.2437937	45.3463410
Saillant	358824	3.9342339	45.4488120
Creissan	164092	2.9990245	43.3756784
Grondona	43460	8.9567074	44.6906561
Angresse	75974	-1.3562561	43.6587954
Novaledo	46720	11.3679998	46.0346952
Clefmont	3081068	5.4770512	48.1122467
Fleuriel	2812978	3.1557436	46.2896256
Fongrave	2120331	0.5356013	44.4053217
Daumeray	167628	-0.3564346	47.6885516
Piobetta	3245160	9.3666194	42.3409478
Petrópolis	2219094	-43.1753429	-22.3868549
Lathuile	102568	6.1972198	45.7727736
Chevrier	92481	5.9114141	46.1100258
Bosnasco	44090	9.3694536	45.0568346
Bas-Mauco	75953	-0.5541245	43.7962160
Lamarque	103236	-0.7193875	45.0942323
Lavenone	45921	10.4363386	45.7617475
Ciruelas	346553	-3.1022076	40.7470729
Escopete	342466	-3.0033830	40.4107917
Germenay	2066793	3.5976969	47.2888636
Fournoulès	2073369	2.2942133	44.6722419
Omignano	40374	15.1060787	40.2506237
Rubelita	315352	-42.1889118	-16.3620000
Pintópolis	314756	-45.2196943	-16.0541091
Sichamps	161898	3.2748977	47.1565881
Giungano	40476	15.0948559	40.3902832
Cebu City	6497602	123.8642829	10.4745160
Briantes	124216	2.0228007	46.5517017
Ambrault	1999122	1.9497595	46.7860075
Jublains	1001400	-0.4961617	48.2442127
Escurial	1864435	-5.9044084	39.1928475
Pinarejo	343296	-2.4126975	39.6152612
Marracos	348009	-0.7843341	42.0816952
Grantola	46552	8.7770974	45.9454661
Kroppach	453162	7.7375265	50.6971784
Owschlag	556667	9.6054679	54.3934407
Videlles	89125	2.4226495	48.4669771
Pasewalk	1410795	14.0073059	53.5127604
Losacino	339861	-6.0721019	41.6751161
Siegburg	173121	7.2308980	50.8038974
La Buisse	87331	5.6245134	45.3316350
Tribiano	44890	9.3732034	45.4048033
Castuera	341972	-5.5046827	38.7889309
Lohrheim	538925	8.0434904	50.3137406
Ratingen	56682	6.8776804	51.3181279
San Mateo	2835017	-122.3070252	37.5571840
Maschito	40894	15.8532569	40.9227629
Sudanell	342729	0.5642915	41.5574176
Penelles	346987	0.9413224	41.7385190
Preixana	342838	1.0438791	41.6018280
Aywaille	2426389	5.6985980	50.4585869
Courthézon	148169	4.8831176	44.0876553
Palotina	297509	-53.8308010	-24.2928955
Galisteo	347908	-6.2762366	39.9939201
Kirrberg	252772	7.0628563	48.8306158
Somberek	575390	18.6654349	46.0716160
Nagypall	575301	18.4593380	46.1371611
Martonfa	575151	18.3727067	46.1156493
Hormilla	344880	-2.7766465	42.4507641
Guarcino	41539	13.3051875	41.8057184
Pórszombat	1315859	16.5772162	46.7296310
Tuscania	41988	11.8225608	42.3929517
Limanowa	2893588	20.4230742	49.7149917
Limanowa	2547477	20.4230742	49.7149917
Olivella	345996	1.8006115	41.2986424
Viladrau	342991	2.3753315	41.8453160
Rivenich	1259134	6.8504852	49.8792242
La Clotte	124638	-0.1399606	45.1177044
Roncador	297825	-52.2840176	-24.5714688
Piratuba	296637	-51.7676706	-27.4604691
Medeiros	315402	-46.2653096	-20.0216206
Eemsmond	404755	6.6301013	53.4540286
Dubliany	4615760	24.0865981	49.9002233
Teopisca	6000177	-92.5234713	16.5525849
Javhlant	7302710	106.3286039	49.7382349
San Mateo	4476295	-91.5845740	14.8401743
Remedios	1316184	-74.5488050	6.9840428
Yecuatla	6037874	-96.7777224	19.8465589
Las Minas	6037717	-97.1559738	19.7039064
Atlautla	5605554	-98.7055367	19.0161833
Pamplona	1513456	121.3416331	18.5082960
Osmaneli	1238963	29.9941449	40.4165673
Emirgazi	1250953	33.7585063	37.9512698
Seongnam	2409180	127.1088230	37.4046196
Adjohoun	2945935	2.5164110	6.6981375
Sanoyeah	4001362	-9.9156526	7.0349015
Yakakent	1837373	35.3977706	41.5770625
Higueras	5605850	-100.0073883	26.0355173
Iturbide	5605892	-99.8479607	24.6417298
Reggiolo	43780	10.8117674	44.9128711
Saulheim	1248412	8.1330574	49.8722046
Creixell	346231	1.4248371	41.1836485
Doudleby	437820	14.4981292	48.8890325
Coivaras	302784	-42.2840287	-5.1145001
Le Lonzac	2946117	1.7235759	45.4706143
Hohndorf	536014	12.6755976	50.7422787
Shigatse	2744623	86.5282410	29.5577359
Rock Hill	194082	-81.0237956	34.9428275
Pisticci	40436	16.6506399	40.3649886
Hrodivka	3562650	37.3812142	48.2616312
El Sahugo	339748	-6.5401782	40.4040879
Beaufort	1404467	1.1080708	43.4547131
Angleton	115374	-95.4218700	29.1460555
Beaufort	194054	-80.6789644	32.4400139
Úmyslovice	437085	15.1731035	50.1988966
Antonina	297714	-48.7214376	-25.2945000
Ilshofen	389473	9.8529379	49.1998766
Laconnex	1685501	6.0332811	46.1595169
Halenkov	437100	18.1296866	49.3336306
Matureia	301480	-37.3591339	-7.2920667
Beaufort	179938	-76.6566048	34.7226640
Arequipa	1879287	-72.4443550	-15.9593816
Schongau	936750	10.8950109	47.8125115
Les Aires	167413	3.0661808	43.5688239
Woodland	112607	-121.7561822	38.6749780
Ichstedt	2387423	11.1912924	51.3889174
Hillerse	1374674	10.3984735	52.4205988
Honrubia	346838	-2.2705522	39.6118687
Tsamkani	6600375	69.8160304	33.7948171
Aubstadt	387526	10.4339081	50.3339352
Lockhart	6586499	-97.6895353	29.8825619
Higueras	346297	-0.5064141	39.9875535
Randolph	2388232	-71.0477118	42.1711703
Pudahuel	168269	-70.8633561	-33.4193729
Teningen	1124271	7.7956113	48.1278767
Argosari	5615708	110.2430588	-7.8131836
Pandowan	5615377	110.2097850	-7.9383382
Takamori	3994401	131.2001973	32.8310809
Takamori	4759233	137.8661798	35.5729099
Tatabányai járás	2376120	18.4114771	47.5665380
Betsukai	4069639	145.2326065	43.4686385
gmina Górno	2908857	20.7967037	50.8609585
gmina Cyców	3107050	23.1562718	51.3097549
Beloslav	1934783	27.6849365	43.1859204
Beaufort	163390	2.7654159	43.3030818
Oak Brook	125412	-87.9455561	41.8371265
Freihung	1028559	11.8874972	49.6025439
Lakeview	5892052	-120.3461535	42.1893514
Leinburg	65151	11.3309522	49.4457257
Schipkau	1314219	13.9144406	51.5311918
Le Bastit	123993	1.6729947	44.7103845
Shanklin	911503	-1.1922910	50.6262540
Penedono	3981771	-7.4108559	40.9873598
Zoundwéogo	2868363	-1.0308938	11.5525894
Sonsbeck	58616	6.3699054	51.6169469
Waldburg	2808304	9.7233630	47.7624280
Alguazas	345085	-1.2743835	38.0571555
Arnbruck	959155	12.9775937	49.1344957
Wendling	421150	13.6601611	48.2438918
Tamamura	1867896	139.1236650	36.3041255
Selfkant	158040	5.9217594	51.0206899
La Thuile	45585	6.9182886	45.6971463
Lamentin	274267	-61.6557623	16.2443110
La Turbie	174958	7.3971286	43.7462275
Trafford	187167	-79.7625396	40.3826605
Schwoich	1016890	12.1522506	47.5364897
Chorente	4056536	-8.6118725	41.4545686
Isenthal	1683085	8.5256395	46.8843516
Merouana	4864533	5.9074776	35.6397534
Gasselte	1464990	6.7782501	52.9755376
La Marque	6586790	-94.9902072	29.3696234
Edgerton	251949	-89.0749181	42.8412240
Dubliany	4585086	23.4234625	49.4989141
Richlawn	130684	-85.6410313	38.2552760
Alderson	239921	-80.6446436	37.7273240
Lufingen	1682161	8.5947062	47.4818288
Davidson	179858	-80.8427499	35.4956619
Spanyolrét	2713840	18.9816653	47.4665870
Dulliken	1683496	7.9484206	47.3455594
Luckenau	2404907	12.0692294	51.0844814
Burgwald	443592	8.7781983	51.0077500
Bellwood	123124	-87.8713451	41.8818005
Kemmerer	252094	-110.5603986	41.7836870
Bukovice	438142	16.4879441	49.4074474
Beaufort	55101	3.9661257	50.2190320
Oberburg	1682586	7.6088551	47.0212004
Milovice	441533	14.8794500	50.2345279
Neuhofen	418403	8.4237606	49.4104892
La Martre	2144172	6.5854522	43.7606922
City Bell	3264196	-58.0710309	-34.8923486
Lago Fvet	3992721	-58.4820426	-34.5945269
Lac Moyen	2622792	-63.7116179	55.1848786
Nett Lake	404788	-93.1294426	48.1137006
Lac Ferry	1369872	-68.6014201	48.2748430
Lac Moray	1516234	-76.4241151	48.1105138
Lac Swamp	3101552	-73.5935415	48.5910298
Lac Swamp	932890	-78.4619886	46.9062885
Lac Pikou	3098097	-73.3322077	48.5263856
Lac Betty	3559263	-76.0187222	48.9233731
Lac Brown	920304	-78.7135727	47.0195624
Crow Lake	1141233	-76.3105848	44.5308631
Lac Brown	1563701	-73.1754652	46.9273284
San Mateo	5723007	-84.5268396	9.9676691
Waterdel	1399648	4.3882441	52.1790289
Duck Pond	1633797	-52.7461074	47.5284402
Duck Pond	1754369	-53.2134198	47.8527998
Duck Pond	1767586	-53.9548182	47.1430839
Duck Pond	1768404	-53.7304986	47.2360030
Pick Pond	1851247	-58.0155446	49.3396730
Mile Pond	1786414	-53.9381590	49.3054226
Flat Pond	1786410	-53.9607371	49.3831545
Duck Pond	3681930	-52.8114011	47.6998549
Duck Pond	1877279	-55.5743391	51.5790709
Flat Pond	1904978	-56.2112350	50.7971593
Duck Pond	1781022	-53.8495981	48.5309678
Duck Pond	1766022	-53.4712594	48.2918188
Duck Pond	1766240	-53.4586837	48.4523786
Meta Pond	1819985	-54.8315906	48.0829647
De Meuwel	1210395	5.5667180	51.6873282
Bonte Kof	349512	3.4665112	51.3005045
Rongelap	3825991	166.9173974	11.2990000
Gharghur	7510592	14.4546708	35.9228626
Rook Lake	4070809	-85.4030520	48.0457926
Keskinen	2677085	26.0999603	62.1613733
Duck Pond	5881354	-4.6173086	55.4781427
Midtlona	6399609	4.9836070	61.1522318
Carrizal	4468464	-67.1754425	18.3966566
Inselsee	2323134	10.4882101	53.3034839
Carrizal	6924912	-97.5044880	21.4561199
Rejowiec	2712027	23.2892394	51.0895563
Leinonen	6880786	29.5585944	62.6361663
Keskinen	7035645	26.5027640	61.5414985
Oreovica	6312435	21.1848779	44.4242366
Duartina	298268	-49.4093334	-22.3980000
Eidsvann	5754588	9.3159419	58.8154804
Steintjønn	5708426	8.0632644	59.7716591
Steintjønn	5677282	9.1072938	59.9516730
Trollsjøen	5685304	8.2083422	61.3306850
Itaquara	362431	-39.9258943	-13.4445649
Lehesten	1273252	11.4530851	50.4671434
Muxagata	6409542	-7.4585353	40.6527660
Freixiel	5731119	-7.2428198	41.3234875
Dornelas	6406857	-7.5570087	40.7311163
Zibreira	6483237	-8.6114269	39.4857441
Oreovica	7273525	22.5697060	43.2466720
Slavinja	6665822	22.8548792	43.1486578
Turvejärvi	6336653	27.8923363	69.2408859
Muxagata	6393405	-7.1464915	41.0288911
Salselas	5728037	-6.8575437	41.5393422
Inselsee	384464	14.9389483	51.2794329
Lizawice	6373289	17.2216819	50.9743987
Keskinen	6790522	23.9556552	60.8808246
Leskovac	6314312	21.4450555	44.3626438
Leskovac	6352793	22.2007812	43.8162334
Kozianka	6817817	19.6354917	53.5664574
Erekovci	6181282	21.4839060	41.2295844
Lentiira	302415	29.7987679	64.4093505
Venču ezers	1835081	24.3784761	57.0472377
Jaguitas	4468370	-67.1078261	18.1486388
Dausinas	5847779	22.7167303	55.6077570
Cialitos	4468502	-66.5383426	18.2621946
Roncador	4468165	-66.7473445	18.2609208
Asomante	4467962	-66.3016972	18.1324822
Asomante	4468469	-67.1743340	18.3825600
Valeplas	911971	6.0686015	52.0065303
Duck Pond	6855320	-118.5259775	34.2366466
Lamisula	3721379	13.1369153	11.8472518
Dandutse	3711572	7.3157642	11.5161000
Peni Peni	3708127	5.0741633	11.3539534
Ljugaren	301579	15.3403760	60.9663551
Guanghui	6819309	107.5183230	26.2777975
Duck Pond	313316	-120.9373081	37.2634605
Duck Pond	313307	-120.9404357	37.2613660
Duck Pond	6703763	-121.4977184	38.5424373
Bows Lake	5245918	-84.7791399	45.1496024
View Lake	3869155	-82.2395065	47.3635654
Crow Lake	1807361	-80.2258097	45.7813620
Burr Lake	1798808	-79.7286544	45.2674228
Crow Lake	1146741	-76.6177716	44.7051256
Lac Harty	910141	-77.1425886	46.1281684
Lago Gris	6608680	-71.9198675	-40.5254258
San Mateo	3659286	-79.6086952	0.8401328
Roko Lake	3909371	-80.0477987	47.1194913
Nasagudu	3707558	4.3967746	11.7127227
La Virgen	5673091	-84.0836583	10.4312656
Tent Lake	2114294	-90.8363332	47.9559348
Duck Pond	2402507	-73.9692742	43.8664167
Duck Pond	3250752	-63.5555893	45.7376452
Carrizal	5642157	-84.1720424	10.0877744
Turrúcares	5459912	-84.3248646	9.9421372
Duck Pond	1675961	-63.7982469	44.8289095
Duck Pond	5336955	-63.4902864	44.6859449
Burr Lake	3085817	-98.1727575	55.5572034
Teo Lakes	3418611	-109.3568393	51.5064199
Logumane	3721387	14.0199634	12.2621835
Mujigine	3721419	13.8468045	12.0942985
Beaufort	569734	6.2948927	49.8400380
Inselsee	542850	6.4540805	50.9132713
Nayinawa	3698725	11.9335329	11.7281749
Tsangaya	3710752	9.2112897	11.6331651
Terahota	7574412	86.7461733	26.6473630
Duck Pond	1250848	-81.7072055	28.2083704
Duck Pond	1394394	-112.0534891	46.6185973
Choukati	6759650	85.9657645	27.7602653
Shivaraj	5978522	82.8686440	27.6819978
Duck Pond	315682	-80.4285878	37.2261280
Leinburg	2618987	11.3141929	49.4361423
Lac Rocky	3537216	-57.3892280	51.5657622
Lac Jarry	1482186	-71.5082820	47.3248340
Lac Lucky	196569	-75.6324609	47.5059213
Lac Holly	193799	-76.5015547	46.5493983
Val-David	7692497	-74.2013721	46.0313479
Inky Lake	903566	-93.4476307	47.3948910
Duck Pond	446131	-112.0014388	41.2484233
Feur Loch	2633539	-4.9339975	58.0768859
Loch Insh	1924250	-3.9302481	57.1179776
Zarn Lake	5947789	-91.5628602	50.0453483
Wish Lake	5953683	-91.0454014	49.7850831
Tent Lake	5806437	-94.0392848	49.9154636
Crow Lake	3481293	-82.7698033	46.2615600
Tent Lake	4104855	-85.1038208	48.6506561
Scotland	114604	-98.4691619	33.6488019
Leskovac	7247369	21.9446754	42.9971067
Teke Koli	2284273	72.9253067	53.8346003
Qiujiang	6830425	117.8661270	26.3591828
Tikhatar	5946693	81.0053371	29.1533243
Jhirubas	5694926	83.9697383	27.7773063
Duipipal	7728992	85.0552756	27.8181815
Madanpur	7728852	85.1922784	27.8538891
Inselsee	7697710	11.8558254	52.0559497
Hartlsee	4633575	14.9925580	47.6469011
Gashenyi	1755870	29.8571186	-1.6380025
Mooie Nel	1493395	4.6751089	52.3997496
Pragarinės ež.	3683564	24.8705968	54.8881889
Krsevica	6655933	21.8611757	42.4384743
St Albans	2683265	-0.3484250	51.7685776
Trafford	146675	-2.3594696	53.4189014
Duck Pond	6244816	-2.3136234	53.4967223
Duck Pond	5579969	0.4283547	51.7302378
Duck Pond	4820146	-6.1678909	53.3715023
Woodland	2254377	-2.3328697	50.9915729
Duck Pond	5291178	0.5801256	50.8637869
Valbirse	4449080	7.2724594	47.2386586
Quinchao	3078364	-73.2744747	-42.5326884
Durbinas	6786629	22.1683035	55.9826595
Leirutjörn	6302931	-18.0829151	65.6676700
Lac Untel	3131909	-74.0037778	48.6306781
Lac Tonin	196929	-74.6689805	48.0309799
Lac Swamp	1472949	-74.2589069	47.6829688
Lago Gris	6594774	-71.8561891	-40.5447909
Kings Bay	4039394	148.1323291	-42.0684360
Duck Pond	2674537	-71.5161346	42.5918319
Duck Pond	5611088	-71.1856194	42.4725162
Duck Pond	1431651	-97.1426421	49.8294771
Dott Lake	1463940	-95.4398023	49.8917664
Neuenhof	1684379	8.3233222	47.4439393
Randolph	2051764	-71.3157383	44.3792446
Bukovice	440661	16.2296419	50.5548812
Randolph	251801	-89.0031326	43.5399646
Scharten	88532	14.0229876	48.2578328
Lithonia	119558	-84.1058550	33.7133714
Dobromil	6923010	23.1376547	52.7172870
Crawford	113855	-97.4336617	31.5386719
Curslack	404615	10.2346487	53.4544101
Dulsberg	284864	10.0630083	53.5833283
Håbo kommun	308558	17.4521863	59.6250312
Fall City	238168	-121.8999392	47.5658784
Coal City	126881	-88.2841157	41.2774084
Manville	170926	-74.5869011	40.5422024
Chamoson	1685286	7.1966265	46.2111609
Novo Gama	334462	-48.0769339	-16.1241432
Roseland	170481	-74.3107831	40.8225634
Rock Hill	139999	-90.3689729	38.6096960
Lehesten	2778384	11.5885191	50.9831953
Eidsbotn	7784346	11.2623921	63.7351740
Calnovat	7759119	24.7463331	43.7021746
Isla Hose	6475135	-73.5828047	-52.4760500
Isla Guar	5758822	-72.9489190	-41.6912511
Corio Bay	1221209	144.3989810	-38.1075746
Kelvenne	2786174	25.4546937	61.3625069
Pellinki	2418419	25.8402262	60.2129195
Mukhavka	3167253	25.7219341	48.9046871
Kelvedon	3292558	0.6852534	51.8391962
Chumayel	5961468	-89.2780078	20.4695274
Rachowik	6845386	23.7295586	53.2550913
Guingamp	1652299	-3.1932903	48.4815894
Langrish	3336704	-0.9918166	50.9984687
Hyde Park	187214	-79.5892102	40.6308466
Švėkšnos seniūnija	3417358	21.6780131	55.4966548
Zaleskie	7106407	23.1283351	52.9231109
Vysoké Pole	440802	17.9353173	49.1798295
Antelope	186647	-120.7232700	44.9115203
Coal City	239847	-81.2197329	37.6775045
Qilu Lake	1950320	102.7783133	24.1706374
Malczyce	5793366	16.4899027	51.2194785
Keewatin	136756	-93.0800183	47.3989134
Bayville	174488	-73.5605360	40.9239672
Lake Sils	4112376	9.7384367	46.4204717
Pamplona	1343414	-72.6464137	7.3677187
Chariton	128674	-93.3107227	41.0174335
Petrópolis	5320185	-51.1838165	-30.0400872
Neerkant	1480366	5.8716912	51.3724892
Ashville	188663	-78.5475167	40.5604594
Cowlinge	4537677	0.4998819	52.1603443
Hinatuan	4657023	126.4066299	8.4691882
Baozhong	6748671	120.3131121	23.7157385
Randolph	136893	-93.0196024	44.5245635
Lakeview	175626	-73.6510125	40.6766004
Solbjerg	7188234	10.0925332	56.0403117
Harchoun	2792071	1.4849154	36.1185746
Woodland	237693	-122.7539582	45.9134444
Shamrock	6595941	-100.2456833	35.2144874
Waldburg	105578	14.4485539	48.5116985
Pannivka	3947057	37.2466164	47.1956932
Hlohovec	441571	16.7589738	48.7720564
Terkaple	300181	5.7865069	53.0123133
Mikowice	6418657	16.6064852	50.4452398
Rumianka	4103902	20.6664439	52.0148201
Pampulha	2947167	-43.9784602	-19.8678376
Sakudi küla	355592	27.2770568	57.5498244
Sector 52A	3586435	77.0907002	28.4394331
Sector 25A	3583062	77.0910188	28.4957545
Dubinino	3363967	89.0805744	55.6226872
Veibri küla	354553	26.7986219	58.3465385
Hlohovec	2205354	17.7985183	48.4243801
Lockhart	5878781	146.7456657	-35.1733739
Rio Telha	7599978	-51.8487398	-28.1261420
Higueras	3324139	-73.0383541	5.8056429
Morangas	4108081	-52.0183662	-19.3735741
Duartina	5684877	-49.4093334	-22.3980000
L'Agulhas	3501371	20.0167141	-34.8161650
Batovira	7843295	-52.2372428	-29.2436573
Joandu küla	352902	25.8332030	59.5215606
Guanumbi	6199625	-37.0127776	-8.7269816
Berganzo	7760324	-2.7793375	42.6512511
Itaquara	6542813	-39.9258943	-13.4445649
Matureia	6227320	-37.3591339	-7.2920667
Coolamon	5919128	147.2051022	-34.7942022
Aaviku küla	355586	26.2992003	59.4990365
Aaviku küla	354232	23.0051572	58.4206686
Sinima küla	351547	22.5224491	58.7580632
Muraka küla	351428	24.8614266	58.5108608
Leetva küla	354742	25.1355919	58.5403262
Fontajau	5368855	2.8161185	41.9930956
Vodava küla	353013	28.0318652	59.3989685
Rinealon	6794281	-9.1675966	52.6327921
Killofin	6794280	-9.2710876	52.6129835
Carrizal	6038830	-74.8063085	10.9380959
Zladovce	6649413	22.1158170	42.3995005
Thovalai	3401624	77.4673468	8.3346123
Taikse küla	353241	25.4710115	58.7671239
Predmier	1857555	18.5396952	49.1969281
Woodland	6958401	-7.3827512	53.5927610
Kookla küla	352650	25.5468667	58.4430910
Aaviku küla	354175	24.9005873	59.3354971
Toruküla küla	353324	27.1637813	58.5957373
Trafford	110197	-86.7445749	33.8206255
Hohndorf	422395	13.0851387	50.7207832
Pitingal	7444678	-52.9037562	-29.4948445
Bhimapur	5963948	81.0934791	28.3949389
Bom Plano	7287049	-53.7141050	-27.2375526
Hajtovka	2276210	20.7638416	49.3026308
Kleinern	537830	9.0426003	51.1394884
Coentral	6546602	-8.1923370	40.0605053
Malinowa	5587435	18.9591198	50.1246371
Dornelas	6022249	-8.3819971	40.7871628
Espiunca	6020712	-8.2204789	40.9896272
Espinhel	6017820	-8.4946881	40.5611648
Markovce	2386581	21.8390647	48.5963383
Valipe küla	355124	22.9616001	58.8595358
Saatse küla	351091	27.7855229	57.8841132
Kilcowan	6645353	-6.5962891	52.2436615
Rockhill	6810841	-8.7090921	52.4298572
El Pueblo	6060185	-74.8405253	10.9610330
Bourkika	2308420	2.4967377	36.4787306
Stargard	2619468	15.0316459	53.3089774
Stargard	2619469	15.0316459	53.3089774
Tarnavka	3167552	26.0012835	48.9119349
Kobyllja	3167047	25.6112549	49.7739460
Milovice	442520	16.6977244	48.8531597
Alteveer	2681142	6.4795553	52.6814372
Sochonie	7097907	23.1711262	53.2163873
Sandoval	126222	-89.1200474	38.6091090
Huancayo	1948262	-75.1608323	-12.1722106
Verdigre	169401	-98.0360653	42.5973405
Sinderen	2716552	6.4554186	51.9139354
Ahuimanu	119220	-157.8321452	21.4406125
Woodland	132587	-67.4081335	45.1619170
Alteveer	274110	7.0048720	53.0424260
Galisteo	171660	-105.9604566	35.3944590
Czmoniec	6594781	17.0167153	52.1781238
Pidlisne	3167405	25.7944803	50.0612327
Carleton	134911	-83.3898421	42.0573065
Medrissa	6545432	1.2357442	34.8317138
Rockhill	188940	-77.9001210	40.2408955
Holiadyn	6061847	23.8212724	51.4044935
Brohltal	571658	7.1941902	50.4480827
Bricelyn	137288	-93.8134266	43.5598624
Zhabynci	3166944	25.9703554	49.0438649
Scribner	169355	-96.6653129	41.6636409
Stammham	943538	11.4523363	48.8675119
Pereshpa	6066378	23.6472802	51.5971214
Ashville	182605	-82.9488243	39.7248949
Pidlisne	3167406	24.9239942	49.5185766
Lytjachi	3167153	25.4844537	48.8276864
Davidson	5627171	151.1895721	-33.7397328
Randolph	174919	-78.9791863	42.1616690
Hardtner	130235	-98.6493387	37.0158155
Schongau	1682918	8.2705817	47.2674924
Zaleskie	6432214	16.7666727	54.5387901
Woodland	126671	-87.7294077	40.7184810
Huerfano	171689	-108.0275030	36.5268515
Woodland	136694	-93.5160928	44.9521365
Cherniiv	3763387	24.7119327	48.8558975
Doeveren	2767086	5.0955745	51.7249135
Crawford	169412	-103.4131236	42.6857125
Foxridge	1165190	-80.4481624	37.2151429
Oberwall	7606385	11.4757498	49.3453178
Kamenets	1619151	39.8628915	54.5129793
Carrizal	4613181	-97.2566964	20.5965113
Rosendal	5167231	6.0149266	59.9891090
Vratnica	6936384	21.1142830	42.1515530
Moshtica	6851834	22.5838422	42.0762469
Drevenik	6498824	21.2981689	41.2024737
Strajane	6445685	21.0130230	41.7246655
Osolnica	6476523	20.5675146	41.4465810
Hillevik	6606330	17.2450402	60.8041908
Winifred	6058696	149.3673411	-36.4857715
San Mateo	7720348	124.6958614	11.3011042
Quambone	5761504	147.8952723	-30.9018520
Boothbay	4112005	-69.5949209	43.8205789
Pawlawka	7589641	32.4455190	53.4087328
Verkhnia	3688487	24.3043025	49.1021335
Mikowice	4631544	17.5548647	51.0307074
Elkville	125866	-89.2367612	37.9092600
Zaleskie	6812050	23.3809853	54.1148372
Cot Girek	5461559	97.3572067	4.8546456
Bellwood	188253	-78.3327498	40.6010940
Campigny	152415	-0.8047388	49.2457808
Jakėnų seniūnija	3440689	24.6335919	54.3607092
Lakeview	182402	-83.9291193	40.4864350
Stammham	942039	12.8749153	48.2489380
Arequipa	1887794	-71.5646499	-16.3609123
Haralson	119698	-84.5668115	33.2288520
Randolph	132535	-69.7472540	44.2351340
Edgerton	182826	-84.7536780	41.4492519
Hezingen	1458871	6.8848516	52.4393678
Pidlisne	3167404	24.8981290	49.1703976
Hoevenen	60976	4.3829168	51.3140741
Lakeview	134740	-85.2758618	43.4434535
Ashville	110142	-86.2678240	33.8386705
Rock Hill	176310	-74.5804824	41.6175749
Tielrode	3876339	4.1736810	51.1220277
Winifred	142455	-109.3777842	47.5620455
Randolph	198972	-111.1819268	41.6628730
Roseland	127645	-86.2504354	41.7165599
Cave City	130761	-85.9699653	37.1382711
Bellwood	169617	-97.2394385	41.3421865
Mortdale	5672546	151.0723102	-33.9689839
Geluveld	1273547	2.9962568	50.8340552
Bela Cruz	302615	-40.2867614	-3.0700000
Lakeview	110564	-85.9760125	34.3907064
Hyde Park	198787	-111.8139814	41.7970000
Beaufort	152507	5.4204890	46.5854290
Harkabuz	4870831	19.8202702	49.5411379
Kasinka Mała	5121175	20.0587839	49.7143313
Hlohovec	2205319	17.8199776	48.4323283
Derreens	5575122	-9.1852839	54.1765588
Rockhill	5636454	-8.0972529	54.5643596
Lateever	5398184	-7.2749714	53.9778657
Meenmore	5596018	-8.3744008	54.9591096
Drysdale	2455511	144.5983255	-38.1757567
Corbally	5331476	-9.1003721	52.5367277
Coolmona	6163176	-8.7250390	52.0082639
Lisnaran	3607693	-9.2339563	53.8557613
Aughmore	2667785	-6.4182509	52.4534436
Corbally	6188379	-8.4059700	52.1887265
Fintawan	4648596	-7.1489678	53.8814458
Corbally	4160831	-7.2995787	53.4764911
Corbally	4639010	-7.0917189	52.9451286
Cooleens	4622019	-7.7138762	52.3582429
Ballyhug	4145564	-7.4850105	53.5778963
Corbally	4495361	-6.5873485	53.3482832
Corbally	4474999	-6.6188120	55.1849428
Coneygar	4833043	-7.1662227	52.6500730
Corbally	4631902	-6.7306706	53.1592406
Dunishal	2364280	-6.5138316	52.6834575
Corbally	2363495	-6.2877786	52.5522521
Derreens	3209453	-8.7730429	54.1203384
Parkarer	6044007	-8.6529925	52.5386206
Corbally	5194277	-7.3566899	52.5515015
Derrylea	5483958	-7.0999953	53.1782670
Derreens	6067410	-9.2337017	53.9645337
Corbally	6300275	-9.5926811	52.1659123
Hyde Park	2726648	172.5494583	-43.5129201
Inshamph	4294464	-6.2699968	54.9395995
Lisnenan	5587872	-7.7091964	54.9719002
Corbally	4665173	-7.3699055	54.4712635
Derryhee	5373197	-6.9745234	54.3224120
Drudgeon	4767016	-7.3577641	54.5601943
Kilnavar	5391139	-7.2835385	53.9688017
Beaufort	5860030	-8.6003669	52.0686213
Rockhill	5589068	-7.7736306	54.9304493
Corbally	6236320	-8.6188373	52.6812847
Corbally	4179771	-6.3462516	54.8652918
Killonan	5998936	-8.5193483	52.6441821
Farlough	4149047	-6.3035226	54.7864916
Derrylea	4751526	-7.2382554	53.8544502
Corbally	5504945	-8.0541730	53.9355353
Corbally	4475412	-7.5070109	53.1517957
Drumlane	5707193	-7.2219742	54.0178278
Derrylea	5375209	-7.1401750	54.2746473
Lismakin	5337104	-7.8020583	52.8977010
Petrópolis	5543293	-42.6835649	-19.5650740
Creewood	4644153	-6.5924767	53.7563541
Corbally	6169239	-8.5893913	51.8437222
Petrópolis	7251470	-51.1548899	-29.6744407
Corbally	6294356	-9.7248343	52.1127931
Markovce	2386488	21.8390647	48.5963383
Derrylea	5368617	-6.9215554	54.3419470
Straghan	5370988	-6.9440621	54.2785254
Schollen	3560353	13.7321763	51.8884997
Drumlara	5373332	-7.0110659	54.2886255
Meenmore	3271022	-8.4097353	54.0005811
Bocullin	5967377	-9.5279972	53.8277796
Corbally	6095896	-8.9039762	53.3969609
Lakeview	6090406	-8.9364853	53.3365133
Killetra	5947026	-8.6781098	52.1352381
Pinyahan	556085	121.0429374	14.6425191
Del Monte	1552389	121.0148580	14.6433272
Doughill	6333320	-9.4941380	51.8694023
Kinknock	6171205	-9.7436181	53.7602423
Nova Vida	4601829	-37.7950195	-6.7747354
Cauteens	6262055	-10.0196627	51.8219759
Corbally	5429086	-8.3625945	52.8584359
Bonndorf	3127481	10.3652836	50.6791738
Cooleens	5913132	-8.4382546	51.7382293
Fairtahy	5682568	-6.9004479	54.0287261
Petrópolis	5262462	-48.8687257	-18.8638212
Beaufort	5511621	-9.6376603	52.0713938
Petrópolis	401797	-35.7571452	-9.6034026
Corbally	4203812	-7.2675633	53.7065233
Killavil	3394340	-8.5535144	54.0339229
Corbally	4282298	-9.0789360	54.1644278
Crinkill	4247744	-7.9090640	53.0717252
Derreens	5749890	-8.7890285	53.7431736
Derrylea	3363640	-9.9375333	53.4821252
Knockerk	4644122	-6.5606925	53.7355510
Stalleen	4562429	-6.4305938	53.6914741
Crossbeg	4763412	-8.7684097	53.8166787
Lobinish	3668613	-9.5570019	53.2860904
Corbally	6229118	-8.8464495	52.8466219
Coolfinn	5645385	-7.2976616	52.2793117
Corbally	5443489	-7.7658908	52.6763038
Corbally	6353325	-8.3695655	52.0450504
Corbally	6361156	-8.0122945	51.9874786
Corbally	5475608	-7.9546246	52.6152153
Cross Beg	4185074	-9.3136101	52.6891651
Woodland	4511681	-6.5686292	53.4718735
Rath Hill	4516812	-6.5413374	53.4987177
Maryland	4562587	-6.3938997	53.6148406
Coorduff	2569200	-6.6350306	52.6199461
Kilmaley	6171532	-9.1062292	52.8160145
Hydepark	2907470	-6.2081178	52.7307894
Corbally	4641334	-5.7759497	54.2811817
Lisbrine	5205219	-8.7286476	53.0655170
Derrylea	6161746	-9.1138115	52.6954150
Derrylea	2919758	-7.5717874	54.1750344
Littfeld	5486500	7.9785101	51.0051405
Guarapes	1757122	-35.2719005	-5.8347139
Cronavan	6390113	-8.2597686	52.0347558
Petrópolis	1757117	-35.1990646	-5.7842651
Albourne	2870159	-0.2128667	50.9319136
Derrylea	2108653	-7.4534932	54.1978118
Maryland	6026850	151.6631084	-32.8808865
Petrópolis	7177844	-59.9935637	-3.1088329
Corkhill	4617602	-7.5471035	54.4439195
Aughmore	3950974	-6.3911475	52.2251828
Derrylea	5517325	-9.3438388	53.8252173
Milshoge	2473579	-6.4206190	52.6042326
Corkhill	4666003	-7.2254470	54.4811944
Carsrock	4555363	-6.6955365	52.9437558
Kylebwee	6275342	-9.4213520	52.4604830
Woodland	5587809	-7.6964164	54.9825194
Corlacky	5611708	-7.8896796	54.8281452
Hardwood	5946583	-8.3348661	53.2806635
Rockhill	4681105	-8.1518968	54.0668089
Leiterra	4666749	-8.1561728	54.0416888
Killandy	3299283	-8.6144119	54.0587328
Coolaboy	5317736	-8.9139995	52.3472840
Petrópolis	7303847	-51.1509092	-29.1660902
Scotland	5607404	-7.6334402	54.8153312
Bullhill	4784947	-6.8233747	53.0695360
Meerlieu	2612449	147.3169654	-38.0102100
Carwoola	6068236	149.3133687	-35.3804955
Haystack	6069914	152.5442030	-28.6562295
Hajtovka	2276156	20.7638416	49.3026308
St Albans	6056448	151.0148950	-33.2565134
Ballycor	4240185	-5.9827358	54.7702354
Jaburuna	1864840	-40.3053986	-20.3319861
Ashville	4308246	139.3786323	-35.5189727
Duneight	4540873	-6.0205403	54.4843248
Corkhill	5446495	-6.8409251	54.5649653
Meenmore	3561709	-7.5686495	54.5268967
Bungwahl	6058937	152.4252127	-32.3670207
Corbally	4217476	-7.1569372	53.5406654
Puntabie	6223865	134.1145280	-32.2350468
Perlubie	6217750	134.3594628	-32.6067663
Mweeling	5876784	-7.6955373	52.0110790
Derrylea	6175349	-9.6041660	53.6697561
Corbally	4205184	-9.6367833	52.7017536
Husbands	7701139	-59.6243728	13.1458668
Corbally	6301741	-9.6812151	52.4296955
Sheemore	5499234	-8.0171212	53.9917830
Hardwood	4240785	-7.0783019	53.4556961
Pampulha	6262636	-48.2398266	-18.9338989
Predmier	2226102	18.5396952	49.1969281
Wüllmersen	4727239	10.9406084	52.7239158
Boonerdo	6325759	135.9762038	-33.5650406
Lake View	6612918	138.2607726	-33.6437746
Condowie	6603955	138.3312473	-33.7815753
Beaufort	6604363	138.1909210	-34.0811170
Corbally	6363555	-8.1175690	51.9908988
Derrylea	6227882	-9.6471740	51.9539539
Caltowie	6384332	138.4930710	-33.2031822
Derrylea	5967378	-9.5274424	53.8225331
Ironbark	6063594	150.8052323	-30.2858317
Yarrabin	6059344	149.3371667	-32.6297078
Forekill	4767941	-7.5267471	52.7030355
Meeltran	5831818	-8.8877938	53.8315868
Derrylea	2925101	-7.6924049	54.2140195
Den Oever	2726781	5.0206764	52.9652771
Larrinoa	6983664	-2.7270739	42.9732645
Fimbrune	4085662	-0.3747473	48.5966169
Corbally	4626490	-7.5150518	54.5239670
Taquara I	1855387	-40.2633307	-20.1832242
Leathley	7678264	-1.6314520	53.9171534
Corbally	2580075	-6.5044553	52.5084894
Carleton	7293209	-2.0529777	53.9378012
Farlough	5393204	-6.7350303	54.5408072
Scotland	3999629	-7.1620695	52.9267680
Clonkill	4147895	-7.2539283	53.5751949
Rathcore	4151709	-7.4921615	53.4757443
Ciruelas	6497391	-84.2037956	10.0135573
Tonreagh	6345493	-9.6815238	52.1857126
Glasnant	5504337	-7.7185420	55.0931766
Corbally	4577110	-7.3512624	52.9459928
Medeiros	7337655	-54.3158872	-30.3221323
Taverham	933676	1.1935933	52.6813393
Thornage	1022524	1.0477435	52.8938549
Scotland	2203045	-6.5446496	52.8640553
El Ranero	7231038	-1.1484351	37.9994251
Corbally	5308975	-7.2671734	52.3816743
Kinreask	6215934	-8.5338481	53.3728815
Trawalla	3143516	143.5460396	-37.4353700
Rockhill	4119829	-7.9276379	55.1764331
Moyle Big	2202795	-6.8531694	52.8018887
Murifeld	6410289	7.4805318	46.9409216
Derreens	6075654	-9.1141548	51.7366142
Vida Nova	2195693	-47.1676604	-22.7398231
Withcall	1863946	-0.0839641	53.3337656
Corlacky	3511491	-7.3143433	54.3397924
Drumlane	5667340	-6.8082385	54.0919217
Woodland	5383965	-6.4026915	53.8239334
Edington	2716729	-2.8770102	51.1576641
Anglesey	6947223	-1.6408055	52.7951926
Eathorpe	3070349	-1.4181471	52.3171656
Lisnoble	5578982	-7.6135935	54.8708391
Edington	5563624	-2.0979198	51.2658328
Corbally	5514869	-7.6055390	52.5223424
Bunuanan	4675041	124.8919686	11.7528227
Lisdonan	5731108	-7.0116301	53.9841943
Woodland	3499225	-3.7154324	50.5071577
Úmyslovice	425985	15.1798870	50.2069695
Bukovice	426033	16.2296419	50.5548812
Boleslav	430551	15.0241171	51.0024104
Drumlane	5758113	-7.4835062	54.0600856
Woodland	2195325	-6.1985968	53.2928518
Upleadon	5987003	-2.3542160	51.9374629
Corbally	6104274	-8.7154252	52.6415432
Frilford	78440	-1.3762342	51.6751996
Corbally	5959024	-8.3639397	52.4367088
Drumlara	2308207	-7.9373147	53.9337360
Dundooan	4522212	-6.6578734	55.1607017
Lawshall	4629554	0.7175807	52.1625744
Wendling	1022454	0.8594642	52.6860447
Boolatin	5595345	-8.3009250	52.7407446
Samuel Ruíz	4266363	-102.2225631	17.9822440
Glennaun	3365584	-9.7815681	53.3548898
Petrópolis	3408907	-44.0310655	-20.0135263
Aughmore	5642029	-7.5002438	52.3185982
Corbally	4602164	-5.6017309	54.3156994
Sarnaght	3619345	-9.3126389	53.8900670
Kilkeany	5639934	-7.6683851	52.2539574
Knockans	4283329	-6.2936400	55.1496443
Petrópolis	6308049	-52.0468298	-27.2213897
Corbally	5839510	-8.9592986	53.7597214
Derrylea	4617134	-7.4696027	54.4413584
Petrópolis	3479879	-48.8323062	-26.3490193
Cloonfin	2297226	-7.5871359	53.7723815
San Bosco	5409115	-84.0914533	9.9328142
Chloumek	429663	15.7567664	49.7730298
Carnkirn	4455247	-6.3787714	55.1464307
Derreens	5559837	-8.1456314	54.1611658
Knockans	4274657	-6.2265727	55.3006864
Doudleby	435270	14.4981292	48.8890325
Halenkov	430697	18.1296866	49.3336306
Turkhead	5863904	-9.4078676	51.4993624
Errybane	5649046	-6.7310203	54.1501161
Ruckinge	2517362	0.8821437	51.0694603
Schonsee	7825541	-113.4551323	53.6324150
Derrylea	4201987	-8.2857450	54.0603393
Wangford	5588793	0.5934431	52.4119387
Knockdoo	4540311	-6.7674370	53.0168220
Killeisk	5573272	-8.0758723	52.8658454
Kesgrave	4658847	1.2420755	52.0606151
Vysoké Pole	429757	17.9353173	49.1798295
Milovice	426223	17.3527482	49.2252219
Pernolec	423959	12.6720648	49.7747897
Corbally	5163707	-8.2366658	53.7718179
Hlohovec	426786	16.7589738	48.7720564
Harthill	1474325	-2.7437421	53.0912179
Derreens	4137836	-6.7699535	53.2340228
Petrópolis	5321784	-50.3460763	-27.8083885
Glennaun	3422027	-9.4493523	53.2752639
Mullafin	5579296	-7.6407273	54.8969860
Toneragh	4192152	-8.3249916	53.7628704
Swanland	593601	-0.4929240	53.7414166
Crinkill	5682871	-6.8362459	54.1194578
Corbally	6155488	-8.8657365	52.2002027
Gortahar	4433561	-6.4710506	54.9684669
Scotland	4055585	-8.5712552	53.6032729
Sradrine	5586387	-8.0297327	54.2975305
Lisbrien	5586459	-8.2388201	52.8257222
Lisnamoe	5573280	-8.0811739	52.8835062
Derrylea	5740186	-8.7457495	53.7259863
Tintagel	5818328	-4.7306534	50.6507101
Landulph	5758374	-4.2306092	50.4468971
Palingon	6295813	121.1859384	14.2150713
Cortaher	2098181	-7.2427941	54.2486780
San Mateo	6336781	121.2993076	14.1105897
Killofin	5135909	-9.2720820	52.6169817
Derreens	5982716	-9.8157311	54.1985480
Killonan	5998937	-8.5360044	52.6473017
Hydepark	4222817	-7.0963829	53.4913861
Rathcore	4288404	-6.8502512	53.4489962
Vida Nova	7355882	-35.2777258	-5.8948332
Crediton	3331813	-3.6542692	50.7879937
Corbally	4603638	-7.4271279	53.1311630
Sashalom	3238558	19.1731513	47.5099900
Doohulla	3370269	-10.0330948	53.4208037
Roseland	4147061	-6.5189253	52.2658266
Corbally	3776861	-9.2073748	53.3620429
Drumlane	4831259	-6.5656306	54.8988759
Doughill	5568344	-7.9509696	52.2994596
Vanguard	2043688	18.5428448	-33.9651117
Crawford	2046883	18.5065310	-33.9796974
Dunglady	4828903	-6.6005013	54.8799707
Corlacky	5121544	-6.7223463	54.9114344
Ballylaw	5407986	-7.3868824	54.8679800
Del Monte	1520222	125.7412116	7.0421100
Rockhill	3887356	-8.9117490	53.2588743
Woodland	3859668	-7.5772341	53.9155262
Ballycor	4209384	-7.2015195	53.5453683
Corbally	4513487	-6.4174160	53.2693011
Dunbrock	5139818	-7.0575119	55.0068004
Knockans	4457627	-6.4976798	55.0124155
Dunlogan	4835731	-6.8885863	54.8161951
Yinkanie	6691782	140.2741200	-34.3386524
Glenfyne	3152388	143.0190638	-38.3946651
Corbally	4745636	-6.1232271	54.3345706
Ironbark	3079197	144.2638398	-36.7549851
Corbally	4201724	-6.2454938	54.6779617
Corbally	4575336	-5.6761156	54.3896850
Talgarno	2592882	147.1820738	-36.0973300
Harkaway	2427457	145.3561416	-37.9926026
St Albans	2421481	144.8095929	-37.7477498
Beaufort	3146733	143.3372697	-37.4403801
Maryland	6070002	152.0463284	-28.5334660
La Thuile	76188	6.0545361	45.5398244
Edgerton	137312	-96.1304401	43.8780660
Alteveer	1429418	6.4349230	53.1123118
Landerum	2649004	5.3032523	53.3831458
Edgerton	130189	-95.0015632	38.7513159
Edgerton	252229	-106.2477592	43.4152540
Woodland	134980	-85.1366912	42.7269545
Packwood	128424	-92.0825143	41.1308615
Copemish	134833	-85.9238023	44.4799445
Randolph	141015	-94.4916199	39.1567360
Granitne	2033361	34.0385137	47.6163007
Crawford	113144	-107.6087374	38.7055960
Woodland	198804	-111.2332348	40.5809890
Lockhart	6524472	-86.3500576	31.0132830
Lockhart	194173	-81.4606134	34.7919540
Roseland	132177	-90.5130279	30.7646225
Lakeview	119285	-85.2555895	34.9743565
Roseland	169643	-98.5582040	40.4707885
Lake View	128874	-95.0421931	42.3022235
Nowy Rachów	7449733	21.8818276	50.8950858
Pamplona	344401	-1.6523433	42.8159218
Sedielos	4203797	-7.8691054	41.2053031
Dalny Las	6822725	23.1906618	53.9342957
Bell City	140879	-89.8199158	37.0243940
Sand Fork	240085	-80.7495962	38.9153995
Edgerton	141425	-94.6307426	39.5031889
Roseland	129525	-94.8440914	37.2788470
Dubliany	4048933	25.3420989	50.4403350
Scotland	194862	-97.7217164	43.1482970
Berneray	2789916	-7.1904880	57.7196957
Lewellen	169460	-102.1444354	41.3302360
Oakbrook	130908	-84.6798893	38.9993149
Shamrock	184335	-96.5770266	35.9120115
Lakeview	237313	-119.5044550	47.3763220
Dobrynia	6915010	21.4205635	49.6335534
Alderson	184300	-95.6879205	34.9011210
Hyde Park	199100	-72.6150275	44.5972595
Hiltonia	119713	-81.6613117	32.8837345
Ogea Levu	3291354	-178.4050041	-19.1451217
Dornelas	4169368	-8.3284383	41.6427923
Lipowica	6321898	21.6853664	49.5331112
Beaufort	167794	5.1165664	45.3294036
Lake View	192214	-79.1686003	34.3387689
Dornelas	4179936	-7.8602753	41.6297786
Randolph	169728	-97.3584659	42.3754545
Lipowica	6242056	20.5004976	50.7725301
Davidson	185209	-99.0770367	34.2409024
Penelope	6584723	-96.9282540	31.8586720
Fair Play	141802	-93.5757171	37.6347469
Randolph	128829	-95.5636479	40.8733645
Czyżów Plebański	6562012	21.8011229	50.8293566
Dixie Inn	131599	-93.3318701	32.5977745
Hawk Cove	6603608	-96.0802334	32.8830660
Randolph	129862	-96.7596320	39.4288493
Bellwood	206805	-77.4388296	37.4091985
Pisklaki	7082074	22.8828072	50.4121440
Carleton	169449	-97.6824040	40.3026725
Sfissifa	6544125	-1.0150328	32.7879643
Woodland	179918	-77.2116002	36.3326215
Kirrberg	5683716	7.3684254	49.2997904
Remedios	5884800	-79.5235099	22.4370712
Scotland	119756	-82.8147108	32.0468673
Lakeview	115353	-100.6965888	34.6729265
Crawford	119905	-83.1560076	33.8821830
Rejowiec	6156205	20.0854677	50.6905194
Eilsdorf	3992552	10.9844281	52.0022319
Antelope	142670	-104.4573939	48.6897950
Lake Piso	1982553	-11.2627628	6.7366998
Gąsawy Rządowe	3441362	20.9425934	51.2118394
Courland	1775676	22.3673120	56.9139880
Antelope	194817	-100.6265972	43.3061700
Woodland	119653	-84.5606296	32.7876924
Le Temple	109384	-0.9599955	44.8671489
Bou Salem	4742640	8.9844828	36.5580126
Vedmezhe	3939515	38.1992671	48.0373506
Rockhill	4082222	-9.0789155	53.2610656
Tuscania	2094795	-81.3376911	28.6169873
Heron Bay	2025365	-81.3472549	28.3619090
Hemmings	3679467	15.6669398	60.1486709
Cortinha	5997639	-8.4055446	42.0649038
Hauts-Pavés	4654953	-1.5649592	47.2244655
Las Rocas	5327133	-66.1112782	-17.4743035
Cois Na Ri	3311510	-6.4933126	52.3344862
Inderlok	3891193	77.1656707	28.6726794
Nash Park	7350000	-88.0124077	43.0836662
Woodland	4648060	-76.9735505	38.8566752
Heron Bay	2045963	-81.2210152	28.5520849
Arpoador	5521196	-44.0368852	-19.8870003
Nilwella	6605974	80.7124005	5.9703604
Steppach	3683597	10.8240799	48.3741822
Steppach	4638587	10.8064604	49.7740713
Siegburg	3838897	7.1982866	50.8017005
Pontagna	1346871	10.4808851	46.2512012
Schliern	4434099	7.4148690	46.9101283
Cazuelas	4606908	-97.2620501	20.4358461
La Virgen	6094515	-85.8499146	12.1349002
Jangpura	3893996	77.2415000	28.5824570
Jangpura	3895112	77.2524892	28.5829532
Lamarque	4446184	-65.6977951	-39.4226507
Manville	252214	-104.6171126	42.7788535
Chumayel	6430966	-89.3007661	20.4326271
Ruginiai	7299603	21.3899156	55.9560228
Le Temple	278901	0.9301503	47.9291865
Geranium	6697470	140.1631491	-35.4649452
Campigny	533927	0.5617969	49.3161890
Inselsee	9154	12.1964257	53.7659735
Huancayo	1948303	-75.0309429	-11.9945815
Beaufort	128054	6.6042072	45.6871256
Bou Henni	6668169	-0.0442125	35.5305126
San Mateo	1315424	-72.5768212	6.4167219
Kayakent	2673043	47.9055840	42.3962202
Arequipa	1887796	-71.5343384	-16.4034238
Waldring	7181777	7.2267790	51.4640507
San Mateo	1944823	-76.2392624	-11.8020526
Villamar	5606628	-102.5793790	19.9917677
Grand Est	3792876	5.7592762	48.7947827
Frydrychów	4033826	17.1406822	50.4476823
Matacoto	1953294	-77.7652177	-9.1614449
Ein Kinya	1375245	35.7332224	33.2372132
Taghramt	2752876	-5.4506118	35.8048844
Alteveer	377214	6.5023465	52.6833440
Vilavila	1916272	-70.6444932	-15.1793162
Almoines	344731	-0.1764856	38.9472032
Donvidas	348038	-4.8001877	41.0831457
Kishuara	1929567	-73.1632160	-13.6623623
Harre Vig	7670346	8.9009457	56.7016491
Fatu Hiva	6081648	-138.6457574	-10.4862582
Ighzrane	2816261	-4.2868041	33.7666713
Pakhnino	1953118	56.3544263	58.4472238
Lamnizla	2835858	-9.0805242	30.6438181
Trjoelga	1518479	56.5327009	57.4640018
Cibao Sur	3448693	-70.4166194	19.0179222
Sector 70A	5810556	77.0228341	28.3838023
Ksar Bjir	2563440	-5.8491263	34.9905563
