Botswana	1889339	24.4818352	-22.3418179
Zaragoza	345740	-0.9101268	41.6915847
Boyelles	1145172	2.8262765	50.1955434
Fourches	134093	-0.0699542	48.8560986
Gerberoy	1362003	1.8418717	49.5390075
Parville	69712	1.0931415	49.0319713
Annequin	1120885	2.7224590	50.5030385
Bennetot	3012245	0.5564767	49.6772746
Valognes	76465	-1.4773122	49.5121636
Solingen	62699	7.0582767	51.1670193
Nanterre	85799	2.2019553	48.8972920
Biriatou	166739	-1.7279758	43.3227864
Ugny-l'Équipée	910727	3.0651167	49.8152089
Bistroff	1376760	6.6989317	49.0074786
Favresse	2618800	4.7146933	48.7197669
Croignon	88812	-0.3430174	44.8209756
Germinon	2755979	4.1812923	48.8869464
Somme-Yèvre	2765513	4.7410905	48.9441268
Harbouey	2962051	6.8935362	48.5708988
Commeaux	418675	-0.0974824	48.7879123
Borville	1707903	6.3967671	48.4462275
Malleloy	113085	6.1667268	48.7909307
Battrans	721682	5.6409546	47.4271057
Tanville	2906358	0.0111515	48.5658665
Lavigney	1230779	5.8016135	47.7138720
Panjshir	1675032	69.8867971	35.4894014
Ben Arous	1435836	10.2100826	36.6306482
Orincles	2427128	0.0413500	43.1235362
Campuzan	2554130	0.4356311	43.2794809
Malauzat	110644	3.0612700	45.8648073
Commercy	2714754	5.5639026	48.7489041
Thoraise	122842	5.9028278	47.1710981
Évaux-et-Ménil	153880	6.3008331	48.3252227
Vicherey	935791	5.9401298	48.3819109
Ausseing	1385652	1.0319815	43.1560031
Vigevano	44586	8.8652412	45.3078538
Louargat	395862	-3.3450197	48.5629885
Estrebay	3280494	4.3491843	49.8263361
Trésauvaux	2983140	5.6127146	49.0799200
Estissac	1610516	3.8188710	48.2506550
Sausheim	38262	7.4046015	47.7839541
Roncenay	1348961	4.0450376	48.1961943
Chiuduno	45580	9.8488881	45.6513264
Valleret	3110951	5.0106782	48.4883151
Couflens	2120271	1.1812933	42.7699771
Scurelle	46802	11.5072858	46.1160357
Longueil	1612906	0.9455486	49.8803651
Morancez	233334	1.5005682	48.4001448
Ticineto	44176	8.5556847	45.1020164
Renaison	127188	3.9165968	46.0451018
Charpont	71192	1.4324973	48.6946517
Priaires	150542	-0.6065608	46.1506190
Mazerier	2786612	3.1816339	46.1347639
Poudenas	1721144	0.2114814	44.0394811
Brandivy	140425	-2.9263197	47.7828556
Combleux	148213	1.9892396	47.9002546
Arenthon	109790	6.3388293	46.0960779
Zaorejas	347899	-2.1949506	40.7608884
Merlines	1257798	2.4551078	45.6268588
Sanvensa	1389026	2.0414975	44.2809917
Codroipo	179099	12.9963590	45.9545895
Molineuf	279978	1.2296128	47.5838994
Colosimi	39807	16.3888053	39.1238704
Moncalvo	44072	8.2604784	45.0470646
Guanzate	45845	9.0104878	45.7252099
Villarta	348171	-1.6443365	39.4462982
Rosalejo	1864746	-5.4625431	39.9808195
Alpartir	347306	-1.3899860	41.4089312
Palomero	346104	-6.2777366	40.2484519
Tchologo	3604146	-4.7853968	9.5466023
Serdinya	2897486	2.3270073	42.5733558
Zagarolo	41596	12.7971798	41.8559349
Cobreros	340512	-6.7066531	42.0671024
Breiholz	548605	9.5472468	54.2033753
Marzales	341511	-5.1411356	41.5798344
Parolise	40913	14.8869813	40.9341280
Alforque	342963	-0.3887920	41.3510884
Agramunt	348147	1.0844953	41.7874191
Zaragoza	349030	-1.1695091	41.8400469
Titulcia	343612	-3.5578336	40.1466219
Duvensee	1465815	10.5713169	53.6956874
Soumagne	2437277	5.7372535	50.6323198
Coquimbo	1588926	-71.3297216	-30.2212872
Conselve	44462	11.8795560	45.2288092
Estepona	345409	-5.1224046	36.4609412
Palkonya	575250	18.3861858	45.9021684
Han River	152336	126.8889812	37.5528833
Han River	3769491	126.6675248	37.6843219
Han River	3769500	127.2278356	37.5559623
Crispano	40941	14.2875984	40.9572927
Diepholz	1379354	8.3648165	52.6109990
Grimburg	1257086	6.8802614	49.6288866
Frumales	339755	-4.1959881	41.3715185
Faverois	116974	7.0378694	47.5292827
Salteras	347040	-6.1143090	37.4485827
Zaratamo	344692	-2.8662410	43.2078496
Les Gonds	138505	-0.6091307	45.7069670
Neerpelt	1225888	5.4707939	51.2291861
Queralbs	347515	2.1697942	42.3794728
Matanzas	5875983	-81.6259657	23.0524268
Xinguara	185617	-49.2544255	-6.8483899
Igarassu	303682	-34.9797587	-7.7964620
Merxheim	69049	7.3007591	47.9087800
Paliseul	2248105	5.1192528	49.9093010
Languyan	3811044	120.1290165	5.3525379
Zaragoza	1324938	-74.9307177	7.4949425
Soltepec	4040297	-97.7536342	19.1228994
Zaragoza	6037881	-97.5733028	19.7462268
Cruillas	5605713	-98.4938638	24.6528242
Zaragoza	6037880	-94.6351063	17.9475156
Zaragoza	4487289	-90.8829006	14.6773403
Zaragoza	5606669	-100.6715543	22.0378893
El Molino	1314630	-72.8730933	10.6284107
Tin-Akoff	6193130	-0.4269523	14.9252364
Cumayeri	1393949	30.9357265	40.9139823
Shikhany	1746091	47.2123753	52.1241723
Neerpelt	4215937	5.4428096	51.2291861
Rietavas	6705045	21.9322800	55.7271736
Tossicia	42070	13.6317375	42.5526011
Rockwall	952395	-96.4447418	32.9229445
Arnsdorf	1307625	13.9782578	51.0933899
Flomborn	1248577	8.1363063	49.6921647
Lonsheim	1248580	8.0855503	49.7862284
Drahobuz	439681	14.3187332	50.5396393
Issaquah	237874	-122.0414496	47.5433110
okres Tábor	441914	14.6867531	49.3653042
Merxheim	1244161	7.5432531	49.7777981
Três Passos	242715	-53.9341067	-27.4271427
Loch Ness	4023212	-4.4849364	57.2740766
La Quarte	1225514	5.6986893	47.7716902
San Ramon	3704256	-121.9598489	37.7580570
Leinzell	915436	9.8722493	48.8501019
Chaumont	904595	5.1199800	48.0880370
Le Valtin	86314	7.0291099	48.0852621
La Clusaz	75233	6.4512669	45.8980792
Egestorf	309521	10.0491282	53.1789121
Frohburg	422238	12.6224577	51.0793809
Moringen	1397836	9.8635603	51.7008329
Maulburg	1130300	7.7816887	47.6473051
Drestedt	280541	9.7729373	53.3280850
Vitacura	162990	-70.5657855	-33.3801503
Zeewolde	271269	5.4580775	52.3451193
Zeewolde	409828	5.4580775	52.3451193
Stoneham	1842128	-71.0947957	42.4705389
Stallehr	76727	9.8565663	47.1377226
Vilaflor	341044	-16.6472812	28.1587759
Bojanowo	2690052	16.7581171	51.7030183
Cuarnens	1684934	6.4369284	46.6312246
Suthfeld	1169363	9.4011672	52.3632116
Nordsehl	1169367	9.1832678	52.3570988
Újlőrincfalva	1325130	20.6657766	47.5878228
Sidorejo	3814506	110.4689425	-7.5772880
Shibushi	3962386	131.0725123	31.5029684
Moriyama	812285	135.9640141	35.0922245
Sidorejo	5615674	110.2770970	-7.7555601
Miyazaki	3989984	131.4809785	31.8809340
Nordkapp	406647	25.9406143	71.0471288
Sidorejo	5615223	110.6981918	-7.9988699
Rejosari	5615525	110.7778176	-7.8438413
gmina Łękawica	2811426	19.3001108	49.7447835
Takatori	3238697	135.7894914	34.4419865
La Quinta	4607556	-67.3668788	-47.4253919
La Rosita	5487890	-67.9011934	-46.2640570
Sasaguri	4008331	130.5413121	33.6305725
Parvomai	1955799	25.1931638	42.0188920
Aksakovo	1933146	27.8749394	43.3427830
Kunisaki	4004838	131.7469787	33.5974995
Narsdorf	422240	12.6863006	51.0143013
Crockett	6603583	-95.4561448	31.3186405
Elk Grove	2319802	-121.3904418	38.4072895
Trokavec	438888	13.6988047	49.6514727
Glen Rose	6571638	-97.7494251	32.2435910
Dumfries	206608	-77.3227157	38.5669210
La Quinta	2561346	-116.2603395	33.6610409
La Quinta	2647900	-116.2777025	33.6636542
Morschen	452212	9.6055493	51.0600653
Lovelock	170119	-118.4783052	40.1776644
Onekotan	2144850	154.7512982	49.4465027
Sierning	373785	14.3010631	48.0479747
Sveti Tomaž	1676357	16.0722196	46.4765638
Vellerat	1685633	7.3685728	47.3160668
Rankoshi	4087829	140.5040522	42.8086350
Olovnice	437583	14.2448396	50.2429073
Studnice	442629	16.0279761	49.2943399
Bostonia	2294407	-116.9331444	32.8188141
Matanzas	1854616	-81.5200222	22.4462838
Dunsfold	3010289	-0.5674724	51.1063880
Sequeira	4135209	-8.4716199	41.5311286
Fatehpur	1959789	80.8992468	25.8390145
Uchtdorf	3651766	11.7254505	52.4336421
Shoufeng	3397597	121.5191474	23.8398600
Buchholz	1593428	12.6492763	53.2696802
Markurdi	3716090	8.5182825	7.7354805
Glenwood	126588	-87.5919947	41.5406165
Whitaker	187483	-79.8847552	40.4011574
Emmetten	1683066	8.5234218	46.9521612
Chaumont	3210935	5.2457991	48.1289622
Woldmeer	5924692	6.6566605	53.2263536
Sandvatn	399152	-17.0909349	65.6448186
Lamotrek	3819441	146.3994792	7.4889999
Lac Fritz	1516496	-76.3270749	48.1587716
Lac Oxbow	932882	-78.5390195	47.3274719
Lac Gysmo	932820	-78.6359353	47.2684713
Pump Lake	3357255	-81.0911993	46.5087341
Le Verdon	1246801	5.7577619	43.7233981
Moss Lake	2607538	-65.9193379	54.8669266
Dowd Pond	1866722	-55.1733387	48.9415230
Mill Pond	2856772	-55.3990540	49.2865600
Twin Lake	2860387	-54.7188742	48.9633217
Twin Lake	2860386	-54.7144779	48.9646617
Mill Pond	1870642	-55.4725737	49.4143249
Mill Pond	1872903	-55.9086532	49.9566455
Surnujärvi	301504	29.1067500	69.3933750
Volkerak	1408308	4.2607753	51.6396739
Volkerak	1460634	4.3737726	51.6825326
Rush Lake	289563	-98.6834605	48.9049172
Arcozelo	6313310	-7.6236756	40.5415608
Lost Lake	3933392	-81.7903590	47.7223329
Siemiany	6818326	19.5940613	53.7178958
Lost Lake	7291421	-89.8065319	44.3394268
Storedam	3308723	12.4017373	55.8957023
Sorte Dam	7189770	12.3437986	55.9062138
Długa Grobla	3887357	17.7489902	51.3664643
Garancsi-tó	6355509	18.8073282	47.6239243
Drogomin	6439762	15.9933507	51.5477750
Simicevo	6312444	21.1767823	44.3914286
Waschven	1279205	5.6160500	51.4008368
Lill-Rösten	6156940	16.0999062	61.4457499
Sandvatn	5400265	8.5411281	59.9153373
Vitjenna	4801366	11.3207855	63.2404200
Stary Dybów	6988883	21.2181782	52.4281845
Lago Azul	7521933	-38.5662856	-3.8390562
Siokovac	6325695	21.1710926	43.9769614
Perunika	6948945	21.2094100	43.1763159
Arcozelo	5713273	-8.5942271	41.7949074
Silveira	2897162	-9.3601474	39.1112835
Herman Ottó-tó	7136715	18.1292255	46.1732717
Arcozelo	5991739	-8.6407084	41.0555086
Atouguia	6461801	-8.6326121	39.6460906
Cieszyce	6374737	16.8938194	50.9372840
Walentynów	3436976	21.2411315	51.2168968
Manastir	7288555	22.0659360	43.3157642
Sandvatn	6450082	7.0583333	59.6588749
Laseczno	6817796	19.4367464	53.6014447
Retkocer	7204814	21.5179861	42.8561762
Manastir	6434323	21.7220102	41.1819137
Petrilje	7204661	21.5327725	42.7965175
Kupču ezers	7395685	25.8907390	56.7777060
Quemados	4468023	-65.9892900	18.1761946
Mill Pond	1723745	-69.3833480	44.7858262
Zaragoza	1391339	-98.2608293	19.3200927
Zookanal	4033385	7.5927935	51.9476122
Lost Lake	1116249	-76.9126912	44.0505189
Wassaram	3721477	12.3373352	11.6358267
Burdugau	3711555	7.5130507	11.8804354
Gudi Dozi	3698657	11.0217875	11.3660202
Lost Lake	2168513	-94.7855941	29.8575967
Lago Azul	4813460	-72.1922730	-45.9296288
Oka Ponds	5738238	-121.9555451	37.2607891
Lost Lake	1165051	-119.7374147	36.9665430
Frog Pond	5853555	-123.5314177	48.7589352
Lost Lake	5389276	-123.2492955	47.1604835
Mill Pond	7160106	-122.7827324	45.5371010
Twin Lake	3234096	-81.0005641	46.0111496
Lost Lake	3312344	-80.4179796	46.6566335
Ruby Lake	4020024	-83.8829067	48.2815188
Rush Lake	6517865	-82.1952999	47.7929455
Lost Lake	3867752	-82.0831932	47.3724708
Lost Lake	3869215	-82.0831932	47.3724708
Ruby Lake	3219614	-80.7467217	46.0686914
Lost Lake	3217266	-80.5833974	46.1851235
Mill Pond	1452990	-77.7596038	45.3706906
Lost Lake	6534495	-77.8533124	44.5578937
Twin Lake	1162148	-76.6944663	44.7906997
Mill Pond	2962733	-76.1918547	44.7759131
Moss Lake	195686	-81.4537414	35.3010809
Lost Lake	1942729	-86.6574142	46.2968893
Moss Lake	6655931	-83.5378061	42.5717046
Lost Lake	2893219	-86.4947277	44.0421369
Lago Azul	6568256	-71.8444509	-41.9513790
Rush Lake	451453	-83.8825744	42.4720937
Slot Lake	1154753	-78.3336939	45.7692369
Twin Lake	1765547	-86.1726797	43.3682228
Moss Lake	1951348	-86.6504920	45.9031065
Mill Pond	4057912	-88.6062858	42.9779577
Lost Lake	411870	-89.3623903	41.9129648
Njinikom	3837969	10.2270063	6.2160943
Ennsdorf	907902	14.5028666	48.2162533
Waldzell	442823	13.4096757	48.1012304
Ricaurte	3774289	-79.3594491	-1.5639124
Rush Lake	122177	-90.6093025	48.0436981
Mill Pond	2616248	-72.3566206	40.9133279
Karpovka	3930692	43.8079625	48.6846173
Desmonte	5722840	-84.4742391	9.9645540
Zaragoza	5657009	-84.4574542	10.0338373
Lost Lake	2253134	-62.8815266	44.9587710
Tunk Lake	331167	-68.0710174	44.5870126
Lost Lake	7287258	-122.5938005	49.3140589
Mill Pond	6204781	-122.3215292	49.1998927
Moss Lake	1479993	-121.6814814	49.3472982
Ruby Lake	2507706	-123.9905932	49.7243939
Lost Lake	2312610	-122.9372695	50.1289004
Twin Lake	5823013	-149.7820357	61.5728019
Twin Lake	2065459	-125.5082369	50.1773929
Rush Lake	3230068	-109.0666731	53.0704203
Lost Lake	1697949	-119.1925718	50.0828895
Angossas	3820308	12.9486847	4.0925133
Evodoula	3822995	11.2318421	4.1271475
Gruhlsee	4053998	6.8738105	50.8405992
Wuciciri	3709618	7.7711759	10.9875005
Pandrung	6095814	84.7139180	28.0609900
Jalpapur	7467487	87.1347663	26.5501980
Simariya	7466052	87.2385258	26.5728345
Mill Pond	190016	-76.8010526	34.7944456
Mugombwa	1729924	29.8392374	-2.7057908
Lake Rush	4051039	-98.6095883	34.7411149
Thoksila	6797626	87.0699855	26.7971604
Lisankhu	6747021	85.8452491	27.6535864
Lost Lake	1342573	-115.0162871	48.8225758
Rush Lake	933329	-93.0548267	45.6891175
Lac Vison	1519466	-73.7490439	47.4028993
Lost Lake	170889	-110.7967929	40.6336924
Lost Lake	362724	-106.4149511	38.8035708
Twin Lake	903571	-93.1584577	47.2412840
Rush Lake	134358	-92.1767796	47.1512888
Rush Lake	400266	-91.9656122	48.2033965
Lost Lake	918328	-92.2480661	45.9382406
Lost Lake	900624	-94.3896992	46.9453304
Rush Lake	907787	-94.1251786	46.6935475
Lost Lake	6077699	-109.5008384	45.0800003
Tetu Lake	2268508	-95.0637787	50.2247973
Tetu Lake	2268510	-95.0730702	50.2031325
Tetu Lake	2268506	-95.0445937	50.1573188
Tetu Lake	4764551	-95.0458269	50.1898553
Tetu Lake	2268509	-95.0587969	50.2231211
Sum Creek	4770121	-94.5440777	50.1592150
Moss Lake	5953660	-91.2802755	49.8053757
Rush Lake	5950387	-91.5390343	49.7954350
Wynd Lake	5970369	-90.9779497	49.5025424
Ruby Lake	6462275	-93.2298243	50.3188783
Lost Lake	3499769	-93.0916934	50.3268346
Lost Lake	3910796	-92.1406289	50.1365610
Twin Lake	1728449	-94.0238791	49.8283770
Moss Lake	3420900	-94.9731488	49.7020929
Moss Lake	1121053	-88.2123356	48.6455601
Bury Lake	5248423	-86.7621399	50.7357340
Lost Lake	4103678	-85.4308204	48.5737530
Lost Lake	1117913	-84.5207637	47.2951992
Ruby Lake	1118212	-84.7416022	47.5454091
Lost Lake	3746598	-83.3229940	47.1977401
Lost Lake	2725900	-99.3089531	33.7504315
Tatlarin	1773563	34.4856136	38.6299320
Mill Pond	3470453	-92.9709725	43.6719294
Mill Pond	4070975	-0.3563300	54.0422902
Volkerak	1408100	4.3235027	51.6504495
Wensheng	2172895	104.9488022	32.0752603
Haoxi Hui	2170016	105.0824954	32.5882781
Mill Pond	2661539	-2.1366549	55.8006517
Mill Pond	1976807	-2.3228141	55.5730714
Mill Pond	2006045	-2.4600385	55.6677115
Mill Pond	2084066	-2.6130324	55.6080982
Tole Gaun	4828108	82.0715560	28.8496766
Lakhouri	7671577	86.0108255	26.6820802
Tinkanya	7696060	86.0696935	27.2190322
Pipariya	6851993	85.5302366	26.9778754
Rawadolu	6709458	86.3486287	27.5005922
Yinbaohu	5719309	116.5733866	29.3080417
Womo Lake	5161851	86.9313083	29.8029700
Rautbesi	7719786	85.3940708	27.9384097
Xiangyan	2168440	104.8057943	32.0853866
Mill Pond	1943297	0.1140302	52.2005186
Mill Pond	5598209	0.7584322	52.5683459
Mill Pond	557202	-3.3682496	51.4738105
Mill Pond	3925473	-0.3295446	51.2356119
Ryer Lake	1417707	-65.5115724	43.9738582
Lost Lake	3173574	-65.5286252	44.2388567
Lost Lake	2973823	-60.5807523	46.0275026
Rush Lake	6603434	-60.1457888	45.8174038
Rush Lake	3170652	-61.5816181	45.1834538
Lost Lake	1176336	-61.7437665	45.3258951
Rush Lake	7142054	-62.1530986	45.0904549
Karpovka	1312676	30.3106065	59.9685677
Karpovka	1312629	30.2966433	59.9691350
Mill Pond	1106328	-0.0837870	51.4414189
Attariya	5932473	80.5824531	28.8007764
Đăk Tít Reservoir	4116371	107.6268854	12.0118103
Mill Pond	331152	-68.0104058	44.5811033
De Vijver	916923	6.2144922	52.1317711
Okiwi Bay	6770521	173.8607406	-42.2208084
Hauptsee	415787	13.4171632	52.4344380
Jazierko	7383843	18.6834411	49.1308705
Lost Lake	2083626	-71.5278901	42.5951861
Moss Lake	1516405	-95.6616476	49.8063590
Lulu Lake	1347103	-100.1563092	49.0430895
Ruby Lake	1108514	-101.4938981	51.5235278
Lost Lake	1108531	-101.4961088	51.5326432
Wess Lake	2408403	-99.8197238	56.4485634
Ruby Lake	1425563	-101.7564261	54.8470050
Twin Lake	1415195	-101.4532363	54.6657312
Lost Lake	1448129	-101.0853093	55.1351825
Le Robert	289393	-60.9601483	14.6745936
Golzheim	91062	6.7667010	51.2481083
Presidio	4100711	-104.3846955	29.5588020
Glenwood	128856	-95.7425509	41.0456955
Blauvelt	175799	-73.9518243	41.0696310
Trepelne	3941053	38.3791762	47.8202542
Dhirapur	7083915	85.8636840	26.6390255
Borssele	2716692	3.7518204	51.4250346
Commercy	2996524	5.5356905	48.7463713
Westende	1394085	2.7777512	51.1583302
Vila Flor	5248379	-7.1663560	41.3203066
Sand City	5170946	-121.8575218	36.6274444
Lohausen	93557	6.7483256	51.2857520
Philippi	239952	-80.0391608	39.1429360
Bourouba	542584	3.1216643	36.7174026
Buchholz	943942	9.2386907	53.9753980
Bukovina	438117	16.7711771	49.2986849
Studnice	440124	15.9016787	49.7158954
Kortgene	2714495	3.8170518	51.5615649
Zielniki	3994842	17.2718602	52.2594137
Gravaris	812364	21.0264996	38.4399587
Straumøyna	6361028	4.8600141	60.5846063
Straumøyna	4784921	4.8600141	60.5846063
Hestmona	7668205	12.8493292	66.5416151
Skantili	965949	24.0815951	39.0487798
Lukin Bay	6266720	130.9849112	42.6407736
Heuwiese	3790659	13.1196890	54.4286656
Ribeiros	4173986	-8.1291989	41.4793034
Deemston	187260	-80.0334136	40.0275690
Gabrysin	7093826	22.8615254	52.8922771
Shrub Oak	175599	-73.8296347	41.3216749
Lasopole	6629150	21.0557521	51.9052509
Sanjurge	4194871	-7.5142768	41.7751610
El Tanque	345688	-16.7855148	28.3283593
Folcroft	187638	-75.2795901	39.8920479
Jestřabí Lhota	441314	15.2603805	50.0934063
Humboldt	7692294	-122.6716782	45.5607495
Richwood	239973	-80.5304081	38.2242040
Kimberly	251055	-88.3395957	44.2651987
Yavatmal	1991125	78.3505759	20.0636125
Buchholz	423153	10.1252914	53.9397973
Studnice	439931	16.0907320	50.4226796
Rio Largo	303855	-35.8592823	-9.4890000
Studnice	440804	16.8815194	49.3813024
Chaumont	176003	-76.1339099	44.0669795
Isenburg	444331	7.5829690	50.4762911
Hiunivka	3611162	34.5437593	47.2188967
Chroberz	6463039	20.5454876	50.4134493
Arcozelo	4055523	-8.6100651	41.5450975
Glenwood	3003355	150.9318618	-33.7368620
Humboldt	196142	-88.9108395	35.8250634
Morganza	132168	-91.5918078	30.7380610
Humboldt	128366	-94.2221531	42.7229579
Shuparka	3167671	25.9937991	48.6782759
Raiste küla	351203	26.9621349	57.9181588
Viitka küla	354185	27.3382814	57.6744395
Triigi küla	353885	25.2501825	59.0990696
Ratkovce	2205356	17.7016987	48.4780740
Ribeiros	5173108	-45.5806575	-21.9777648
Salburua	6410259	-2.6441453	42.8469366
Ilvese küla	353176	24.6648443	58.2085877
Niguli küla	353863	25.3984509	58.2206145
Ereste küla	354148	25.4708884	58.2199478
Vila Flor	6247852	-35.0898734	-6.3025661
Velise küla	354837	24.5183165	58.7808059
Raimundo	4108087	-51.2701406	-19.3735831
Kangru küla	353111	24.5630682	58.8237153
Buchholz	3335498	14.1085212	52.4251335
Kangru küla	353886	24.5281189	58.5596289
Rio Largo	6179455	-35.8592823	-9.4890000
Igarassu	4146399	-34.9640605	-7.8274752
Koordi küla	354077	25.7199778	58.9594345
Martsa küla	354024	27.4659923	59.4265070
Silveira	7785601	-49.9156552	-28.6119602
Lippborg	3500275	8.0408745	51.6885022
Vila Flor	5731134	-7.1169868	41.2811844
Gornovac	6649817	22.0068534	42.3508394
Aramburu	6425788	-59.0282594	-27.4457244
Svetlice	2321972	22.0547003	49.1752854
Dampremy	3411087	4.4258437	50.4163461
Pinkovce	2386775	22.1826633	48.6119062
El Molino	4770080	-63.7552862	-35.6725105
Kauksi küla	355381	27.2161570	59.0157713
Vankse küla	353339	24.9043750	59.0837106
Triigi küla	354227	26.3352852	59.1162348
El Molino	7182678	-67.0269227	-27.6355538
Kauksi küla	354901	27.2214660	58.0996073
Kastli küla	354952	26.6474451	58.5046632
Kimberly	110188	-86.8060399	33.7717124
Buchholz	1335621	9.0072899	52.4554995
Ibipetum	4734259	-42.6840133	-11.7860461
Odiste küla	352764	25.9955750	58.5058485
Três Pontes	3028342	-46.7238221	-22.6990710
Wantashi	5838212	27.4115916	-11.6952471
Ken Lumar	4803220	-67.9134895	-38.9553496
Bukovina	2169262	19.4709525	49.1349954
Vale Covo	6545136	-9.1851633	39.2422103
Ariste küla	351577	22.8053171	58.3895331
Xinguara	6325636	-49.2544255	-6.8483899
Ariste küla	350977	23.0576932	58.5365513
Sisawani	7616874	86.4422705	26.7029455
갈현2동 (Galhyeon 2-dong)	3886372	126.9130748	37.6181062
Kapulula	5837863	27.6253627	-11.5251125
Buchholz	5912832	12.9262089	52.1639770
Auvere küla	350727	27.9362329	59.3057078
Koorla küla	353065	27.3750261	57.6495906
Pietraszów	2715432	18.4879649	50.6352398
Menlough	7000845	-9.0571405	53.3004804
Coonogue	6532198	-6.8134900	52.5760679
Kiltealy	6647146	-6.7567773	52.5664221
Tincoora	6911400	-8.8545440	52.0892791
Glenwood	2860337	-54.8843614	48.9805685
Eutingen	358488	8.7491039	48.9089586
Triigi küla	353357	22.7039876	58.5832108
Buchholz	1970199	7.9190155	48.0886884
Rietdorf	4546335	13.3808291	51.8914446
Skalopil	2164677	28.0590645	48.4950308
Zaragoza	5606668	-101.5245368	28.8695420
Glenwood	137508	-95.3799019	45.6480720
Wellford	193949	-82.1005934	34.9480305
Ricaurte	1311754	-78.0764463	1.4961365
Wierzbka	6529328	21.1937143	50.6857934
Ratyniec	3783480	21.5824749	51.1671990
Waterman	126260	-88.7687968	41.7706620
Dlouhý Most	438959	15.0760112	50.7092850
Monclova	5606057	-101.1992336	26.8792399
Elk Mound	251655	-91.6863039	44.8746725
Grabowno	6203701	16.5916507	51.6280279
Ovocheve	3940882	38.5821659	47.8683160
Wenduine	2247638	3.0927902	51.3019637
Tamazula	5606420	-106.8542934	24.9721952
Wakarusa	127860	-86.0134626	41.5352335
Žygaičių seniūnija	3579562	22.0491423	55.3103934
Astatula	117456	-81.7335527	28.7103135
Enumatil	1731315	6.4072740	53.2148489
Karolino	7382522	21.0270604	52.5101004
Mociesze	6851404	22.9221697	53.4864199
Humboldt	130053	-95.4378665	37.8115405
Richwood	183302	-83.2952529	40.4274790
Tolkamer	2723605	6.0867225	51.8651630
Arcozelo	4167423	-8.5364835	41.6676957
Drygulec	6565847	21.5809124	50.8765581
Rogowice	4645642	20.5615397	51.0455493
Glenwood	127775	-85.3013632	39.6268184
Vila Flor	301166	-35.0898734	-6.3025661
El Ouatta	6530991	-1.3554851	30.1367102
Berestok	3586430	37.6959294	48.4785034
Berestok	3166669	25.7198929	48.7781722
Buchholz	3482968	6.7728623	51.3820202
Melehovo	2347858	41.3185090	56.2673798
Dukatino	6878350	22.5434688	41.5441115
Veleselo	6501555	21.5582013	40.9742605
Pechkovo	6451386	20.8055443	41.7854199
Otishani	6481676	20.5145253	41.4671177
Sredorek	6452437	21.3585746	41.4080194
Creshevo	6965638	21.5315653	42.0651049
Vetunica	6724112	22.0877788	42.1546550
Gundaroo	6072176	149.2648902	-35.0427453
Wrathall	5909550	146.8895983	-35.3645527
Ivanovka	4041488	75.0849748	42.8891133
Ushbulak	3414485	80.8811279	47.2250793
Ivanovka	3363638	46.2473702	52.1501603
Brukunga	7380209	138.9482500	-35.0095009
Modrychi	3306505	23.4769761	49.3076128
Hochholz	7428898	12.4025624	49.1348353
Ivankova	3688486	24.3147657	49.1140990
Richwood	6586812	-95.4140261	29.0715651
Coeymans	175551	-73.7974733	42.4779630
Starbuck	137511	-95.5320096	45.6084110
Twin Lake	135211	-86.1772020	43.3677700
Buchholz	1169365	9.1283966	52.2273228
Bieniądzice	3371284	18.5969256	51.2468003
Klempicz	6917112	16.4882238	52.7642339
Humboldt	137354	-97.0945677	48.9215780
Humboldt	126832	-88.3195060	39.6054012
Belimour	4484852	4.8818115	35.9800721
Mortlake	2017925	151.1059863	-33.8405135
Etikhove	3401815	3.6234543	50.7971804
Woodloch	6586832	-95.4136876	30.2174605
Topolice	4462514	20.1779589	51.2745138
Buchholz	2400322	10.8579107	51.5366717
Sheyenne	181447	-99.1172305	47.8283665
Paniszczów	6326103	22.5674368	49.3336915
Radziwie	7000816	19.6902267	52.5226691
Potlatch	121210	-116.8972099	46.9235714
Mirowice	6630519	20.9314963	51.9194181
Timbé do Sul	296605	-49.8537933	-28.8131263
Humboldt	194958	-97.0728761	43.6477318
Ash Grove	140638	-93.5835847	37.3180974
Walentynów	3783910	21.6324748	51.0964859
Bar Point	6039468	151.1748944	-33.4983498
Trewilga	6058139	148.2310002	-32.7866485
Lecarrow	5573296	-9.1533209	54.1676254
Straduff	4249520	-8.2341964	54.1105366
Lecarrow	4102075	-8.6626544	53.4752122
Clonmore	3371146	-7.7947603	53.3696145
Lecarrow	4843584	-8.0364651	53.8444893
Glenwood	6219786	-8.2766681	52.1804334
Cooltona	5382717	-8.0708437	53.5888797
Lecarrow	6073416	-8.7725854	53.2666615
Clonmore	5552034	-7.8040419	52.4067063
Ardvally	5634348	-8.3942818	54.7469334
Moatpark	4718079	-7.3415612	52.7984897
Nunsacre	4479380	-8.0603862	53.2377472
Lecarrow	3209102	-8.5878973	54.0476338
Lago Azul	7318738	-44.3105126	-20.0772045
Funshoge	2460943	-6.3609528	52.5323255
Korobeit	2455508	144.3824675	-37.5313751
Boa Sorte	1875567	-40.3689632	-20.3488579
Kisiwani	5605400	39.2199789	-6.8207768
Lecarrow	3210035	-8.5763652	54.0900690
Tonyclea	5355963	-7.0733337	54.3285532
Straduff	4155915	-7.7927414	53.3034318
Ballyowe	5761415	-9.0645992	52.3924435
Coalpits	5765414	-9.0991894	52.1017344
Inchmoor	6281827	-9.5456321	52.4584648
Clonmore	2265892	-7.0486200	52.7297675
Clonmore	4196312	-7.1088545	53.3797349
Pillpark	5903464	-7.8295859	51.9724023
Woodfarm	5997778	-8.4023189	52.5958662
Corboley	3851409	-9.1676075	53.2825820
Milleeny	6135192	-9.2407685	51.9433651
Lecarrow	5638070	-8.3550505	53.1554913
Reanasup	5728356	-9.2530519	52.1421314
Lecarrow	5138518	-9.3357046	54.0974279
Menlough	3868198	-9.0628614	53.3053224
Coalpits	4639071	-6.5251950	53.7266304
Mincloon	3872912	-9.1074186	53.2821334
Drumgesh	4865987	-6.8849170	55.0315476
Kiltealy	2594032	-6.7532534	52.5692400
Kilcorby	5351642	-7.5135455	54.1252782
Killough	5435958	-7.8267597	52.8555346
Lecarrow	3510795	-9.5495111	53.5580611
Clonmore	5737911	-7.6091949	52.1019700
Drom East	6248451	-9.8898547	52.0163563
Corraghy	5702912	-6.9483183	53.9906813
Lecarrow	4229932	-8.3964265	54.0880338
Straduff	4618511	-7.4723046	54.5476761
Coonogue	2206447	-6.8001566	52.5748663
Kisiwani	6503936	39.2525085	-6.7961544
Clonmore	4186453	-7.3995829	53.2726425
Lecarrow	5837913	-8.9473416	53.8011605
Clonlisk	4277418	-7.9250404	52.9444419
Clonmore	4251810	-7.7914697	53.0668585
Lecarrow	3526951	-8.7246692	54.2271368
Lecarrow	5740190	-8.7466946	53.7498171
Woodfarm	3647332	-6.3826441	53.3502732
Lecarrow	4763220	-8.6809946	53.7997085
Kilrooan	4768018	-8.6184832	53.8456247
Corraghy	5697343	-6.9254630	53.9112333
Drumgaze	5636332	-7.2165854	54.1016116
Lecarrow	5932288	-8.7002609	53.2162445
Monanore	5573283	-8.0220969	52.8358153
Fawnmore	3338874	-10.2262507	53.6203706
Lecarrow	4868457	-8.1798333	53.8938122
Lecarrow	4131899	-8.0012531	53.2646614
Clon More	5475602	-7.9259189	52.7009757
Killough	5475501	-7.8499842	52.6145342
Binvoran	4185025	-9.3084612	52.6804393
Rathoran	6275346	-9.3375236	52.4180495
Lecarrow	6081548	-8.6731194	53.2383212
Albatroz	7748322	-50.2526992	-29.9048612
Albatroz	7702138	-50.0962984	-29.9085084
Lecarrow	6198608	-8.3884820	53.4592452
Clonough	2908565	-6.2012211	52.7438460
Corcloon	4160823	-7.2566882	53.4423447
Grainsby	1315965	-0.0799257	53.4739252
Mullinam	4458651	-6.4514287	53.4717552
Clonmore	5160792	-6.6417797	54.4830727
Arnsdorf	2830512	12.8304980	51.0716944
Clonmore	5332153	-7.2878939	52.3136583
Lago Azul	3819340	-60.0050757	-2.9519327
Drumgole	2110358	-7.4008275	54.2120268
Clonmore	2304278	-6.3538174	52.6154810
Lecarrow	6023961	-9.1931424	53.7874223
Clonmore	4139513	-7.4454820	53.7215898
Ardcorky	5984269	-9.1455504	53.7695753
Clonmore	2697706	-6.6145441	52.4275234
Dromonig	6130166	-9.0334365	51.9028466
Kealtorm	6333707	-9.4782416	52.2282924
Corboley	5398330	-8.1059559	53.5659670
Ashgrove	6129205	-9.0999203	52.4665522
Clonmore	5457802	-6.6765775	54.4540909
Browndod	4217505	-5.8529760	54.8245054
Killough	3753976	-9.2677623	53.2601322
Woodroad	5514715	-8.4866365	52.6921324
Mortlake	3155974	142.7925755	-38.0586800
Rowreagh	4572046	-5.5212942	54.4766285
Crew Park	4503648	-6.2020018	54.5693577
Lecarrow	4869185	-8.0068263	53.8204371
Garrough	6257076	-10.0837711	51.7813830
Clonmore	5298810	-6.3156845	53.8371866
Scordaun	5833828	-7.6363293	52.0326343
Roonkeel	6141335	-9.9057595	53.6869502
Drom East	6178904	-10.1535142	52.2335440
Correish	2220770	-7.9732408	53.9454056
Svetlice	2321942	22.0547003	49.1752854
Pinkovce	2386734	22.1826633	48.6119062
Kesklinn	4574695	24.5013757	58.3855015
Gortadoo	4286277	-10.4230729	52.1774057
Moyrahan	5942625	-9.9523914	54.2328716
Speldorf	3448150	6.8406959	51.4359414
Lecarrow	5653527	-8.7644279	53.9401225
Lago Azul	5595245	-48.0745662	-16.0967037
Matheson	6070003	151.5852125	-29.7680315
Derryall	5245208	-6.4706307	54.4791945
Clonmore	4641432	-6.9801364	52.8462852
Garrough	4641438	-6.9690120	52.8486462
Rathmuck	5499816	-6.9570982	53.1304195
Ashgrove	4813130	-7.0285790	53.0816608
Clonmore	4230354	-7.1008251	53.2342331
Straduff	2233257	-6.8245689	52.6861755
Bewerley	7701964	-1.8025895	54.0784952
Rahultan	5413695	-7.3830792	54.0276520
Onaiza (66)	1538864	51.5131117	25.3440317
Clonmore	4111757	-7.3598292	53.5104205
Lecarrow	3370333	-9.1891757	53.8671197
Moyhenna	5849618	-9.1818376	53.8686730
Silveira	3408950	-43.9297206	-19.8915774
Moyneard	5443506	-7.7265718	52.7222957
Redhouse	3225198	-6.9288620	52.3944990
Sharvoge	2446974	-7.8647511	53.6937074
Aza Josho	6637297	134.0188698	34.3062113
Feltwell	1022391	0.4767901	52.4857168
Stealroe	6296331	-9.7611886	52.1166267
Drumbern	5498486	-7.6913464	55.0966628
Clontask	4011360	-7.3138300	54.1345033
Fawnmore	5543596	-8.0390757	55.1568611
Foulsham	1022656	1.0204806	52.7826567
Glenwood	4133644	-6.2343207	52.9769443
Clonmore	2249949	-6.5744077	52.8261539
Ashgrove	5940872	-8.6581034	52.1542926
Studland	5649454	-1.9721251	50.6667633
Clonmore	5526140	-7.9213342	55.1385401
Foxlands	5366678	-6.1642257	53.3775158
Bartoose	5626667	-8.3649324	52.4629506
Mongfune	5991708	-8.3753090	52.6413553
Clonmore	4485457	-6.9099997	53.5922971
Wargrave	3879535	-0.8521517	51.5122500
Killygar	5428332	-7.6055859	54.0107458
Saltford	2952510	-2.4643002	51.4029397
Lecarrow	4201871	-8.3940974	53.7082192
Lecarrow	4201872	-8.3918911	53.7048095
Rio Bugre	6800849	-51.0749895	-26.7164343
Lecarrow	5820316	-9.1277505	53.6234455
Lecarrow	5768163	-9.0349598	53.6128369
Ardmoney	3518915	-7.3598259	54.3119173
Baltovin	6288574	-9.7428544	52.3667383
Baltovin	5721545	-9.7513551	52.3583501
Kenswick	1875241	-2.3094332	52.2207361
Long Drax	4822935	-0.9810058	53.7461238
Lecarrow	5816736	-9.0369540	53.9140405
Cwmbrwla	1394894	-3.9530433	51.6397384
Outeragh	5552061	-7.8837183	52.4165505
Curraghs	5918667	-8.5674875	53.2192552
Corraghy	2089772	-7.2896635	54.2480576
Prchalov	431940	18.1139798	49.6464540
Lecarrow	5825370	-9.9791130	53.8070659
Ashgrove	5624100	-8.0708490	52.4198018
Souvlastní	433986	16.4129875	50.2142493
Drumgesh	5758116	-7.4953203	54.0680505
Salwarpe	1875294	-2.1761694	52.2475048
Jestřabí Lhota	429017	15.2603805	50.0934063
Dlouhý Most	430589	15.0769184	50.7153772
Clonmore	4781959	-7.2393079	54.1597524
Clonmore	5438152	-7.7812645	52.8276850
Graveley	3637625	-0.1960870	51.9432712
Essendon	3564025	-0.1629120	51.7620734
Glenwood	6268480	-8.7327564	52.7746491
Drumgole	5652508	-7.1002314	54.1179476
Boa Sorte	6545176	-44.1583917	-22.5573981
Waldzell	5512023	9.6255694	49.9380591
Coalpits	5356441	-8.3587983	53.5747227
Clonmore	5537465	-7.8595556	52.5366660
Brundish	4831553	1.3140173	52.2800414
Mundford	1022335	0.6481525	52.5023383
Bukovina	2230925	19.4709525	49.1349954
Kisiwani	5477342	39.2418000	-6.8312658
Loskeran	5833821	-7.6152135	52.0163649
Maryglen	5593829	-8.3253578	52.7560604
Farriter	5468786	-6.9342974	54.4775059
Lecarrow	2963264	-8.5611992	54.2686606
1o de Mayo	4266564	-102.2263891	17.9905208
1o de Mayo	4266478	-102.2281557	17.9918061
Clonmore	4522443	-7.6910176	52.8940651
Kisiwani	5608086	39.2134524	-6.7991354
Tiraltan	3572743	-7.4946857	54.3559597
Ratkovce	2205331	17.7016987	48.4780740
Drahobuz	427021	14.3227915	50.5296853
Olovnice	429562	14.2448396	50.2429073
Bukovina	2261413	18.7199686	48.5405185
Lecarrow	3272539	-8.3133863	54.0226628
Glenwood	3299927	-97.1033308	49.8649813
Rosclave	5902801	-9.5725082	53.8714490
Lecarrow	5910230	-9.5209000	53.8712095
Dolní Březinka	427677	15.3802593	49.6717508
Killough	4507870	-6.2604764	54.5150762
Corrakit	5206357	-6.2801706	54.0641339
Litovice	427452	14.2321570	50.0794361
Slupenec	435043	14.3286454	48.7932671
Studnice	426257	16.0279761	49.2943399
Bukovina	433154	16.7711771	49.2986849
Běleč u Lomnice	429185	16.3844296	49.4391958
Trokavec	425355	13.6988047	49.6514727
Ashgrove	5971339	-8.8627630	51.6240989
Dooyeher	3343742	-9.8893671	53.3346520
Hawkwell	3094328	0.6759036	51.5973414
Shotgate	3091046	0.5429416	51.6080066
Frinsted	2377317	0.7231275	51.2763083
Swefling	4767034	1.4244039	52.2245864
Aza Josho	6925903	134.0470111	34.3060272
Hassocks	2868170	-0.1440835	50.9219817
El Molino	3484950	-60.8741610	-32.9267384
Muradore	3503363	-60.9181624	-32.9001978
Leghawny	5632548	-8.0061089	54.6639088
Fontanet	3450363	-60.9021048	-32.9240142
Curraghs	6158007	-8.8565578	52.2388212
Creevins	5616881	-8.2835510	54.6192975
Deuxhill	7066145	-2.4462991	52.4807446
Lago Azul	5298216	-50.7591330	-27.9075978
Mianzini	6528547	39.2428471	-6.8086473
Langtoft	576015	-0.4596891	54.0898031
Kisiwani	6518325	39.2416183	-6.8165326
Ashgrove	5959620	-8.2375772	51.8742731
Belvelly	5959577	-8.3021817	51.8826398
Baltovin	6288575	-9.7497013	52.3652131
Lecarrow	4759959	-8.2693164	53.1229345
Clonmore	5579583	-8.1895309	52.7935470
Diepholz	5313984	8.3474624	52.5822869
Lecarrow	3256806	-8.3790709	53.9540173
Ashwater	4099159	-4.2783349	50.7606512
Coalspit	3621333	-6.5151109	52.2336437
Redhouse	5170638	-7.4319921	52.5835629
Westdene	3430752	26.2088209	-29.1059190
Ardvally	4611044	-9.1152515	54.1465623
Tower Beg	3573705	-8.0356203	54.3968965
Roassard	6055477	-9.4241387	51.5769776
Guapinol	6858427	-85.4297577	10.6071998
Kill More	4356934	-6.7914163	53.4853406
Baurgorm	6038764	-9.4147160	51.6643894
Glenwood	2040048	18.5357031	-33.8965268
Drumsara	3565515	-7.6587341	54.4575060
Richwood	2036413	18.5429438	-33.8333452
Hniezdno	2276159	20.6554459	49.1875081
Lecarrow	5848471	-8.5126367	53.2116323
San Ramon	3644892	123.0479456	11.4999505
Ashgrove	5752279	-7.4293448	54.0627288
Drumcong	5459819	-7.9740086	54.0308818
Peelwood	6074612	149.4391609	-34.1077389
Gargarry	4744493	-6.0354800	54.2692990
Lecarrow	3219496	-8.8938815	54.2413528
Killough	4589474	-5.6515666	54.2544691
Letteran	4844053	-6.7562689	54.7288485
Essendon	2397444	144.9089331	-37.7491750
Browndod	4206697	-6.1241639	54.7676319
Markwell	6059127	152.1735592	-32.3035522
Konstantów	4239766	20.5829681	52.1662641
Borcuchy	3794375	21.5006776	51.0357123
Poklatki	5763170	17.2050057	52.3229190
Folwarki	6501174	20.9291904	50.4542928
Glenwood	198994	-111.9883161	38.7625340
Chaumont	92642	5.9436450	46.0476785
Pilczyca	4634214	20.1009681	51.0375546
Lubatowa	6323519	21.7653797	49.5357025
Ife North	3718733	4.4528658	7.2776155
Vandiver	140998	-91.8476563	39.1612850
Jesseren	5659868	5.3910103	50.8074171
Szymanówek	4239791	20.5593489	52.2791867
Humboldt	169605	-95.9414234	40.1655560
Glatigny	1107268	-1.6314030	49.2720153
Bulskamp	2242979	2.6434487	51.0444613
Lezcairu	5328437	-1.6262944	42.8045747
Pilczyca	6171113	19.8927664	50.9475633
Kerkhove	960962	3.5058971	50.8008418
Red Butte	252085	-106.4381088	42.8018350
Gumniska	6880506	21.4009426	49.9972660
Meeswijk	7014631	5.7487370	51.0028286
Walentynów	7597754	22.7842856	51.0099030
Kimberly	121353	-114.3654158	42.5336704
Buchholz	3650668	11.7847471	52.5415934
Marolles	273619	1.3072311	47.6531792
Borcuchy	3778273	21.3307334	51.0954761
Walentynów	3417432	21.1032369	51.3172707
Marolles	135451	0.3590076	49.1404526
Starbuck	237717	-118.1281692	46.5191110
Chaumont	391714	0.3348942	48.8470381
Richwood	131879	-92.0811574	32.4606890
Henstedt	2696499	8.8273327	52.8736929
Trzebina	4262542	20.3692794	51.4275372
Glatigny	1539742	6.3496467	49.1410428
Buchholz	3607018	7.2527829	51.3974743
Chaumont	2340920	3.1013859	48.3094715
Konstantów	7440574	22.5445823	50.6881586
Lisowice	5964075	16.3630499	51.2914368
Ramsdonk	3963834	4.3374964	51.0114961
Glenwood	119753	-82.6711935	32.1801728
Karasuwa	3698575	10.6717994	13.0000596
Marolles	1083097	3.1040927	49.1645121
Saye Cove	6944093	-81.5427176	30.3566619
Mill Pond	1280803	-71.7392727	42.2838375
Isenburg	6854294	8.6737711	48.4280277
La Qunita	5867081	-86.2496603	12.0810416
Kilómetro 11	7565259	-55.0809180	-27.4710930
Walentynów	7678238	19.3276423	52.2492659
Basmetto	6986710	9.1638238	45.4084699
Auzendes	6301045	-8.5339207	41.4278499
Polyanka	7451139	84.8653604	56.4055373
El Molino	5181207	-66.1356952	-17.4437691
Mill Pond	3188132	-72.4966226	42.1118334
Grantosa	7350515	-88.0396929	43.0939500
Bukovina	3721125	17.6834558	48.6849960
Mill Pond	2507026	-72.4205953	41.3517211
Buchholz	1721354	7.2558528	50.4483390
Rombrock	6023008	7.7176314	51.4258691
San Roman	4783900	-2.6936961	43.2842222
El Molino	2174684	-58.8370978	-34.4344855
Sandkrug	7690616	10.4183114	52.3542715
Walxheim	6957038	10.3203715	48.9437997
Arnsdorf	2553946	12.7333146	50.9470315
Penn Oaks	4040179	-76.6539560	39.9712583
Osiedle Z	5587583	19.0010273	50.0890845
Sue Haven	2079258	-81.3461453	28.5179877
Rothehof	4286811	10.7863507	52.4091945
Lost Lake	5833779	-105.8486151	40.6122036
Hauz Khas	3657008	77.2077700	28.5498053
Masoller	4166642	-56.0025432	-31.0836757
Sequeira	3462426	-56.8693308	-30.9961541
Marolles	418204	4.6202650	48.7199033
Zabobrze	5909604	15.7640782	50.9182128
Glatigny	1420212	1.9004358	49.4943721
Walentynów	7816260	22.2018886	51.6442999
Folwarki	5438263	23.0929274	50.2519344
Orpethal	4095319	8.9502679	51.4926081
Solschen	4453519	10.1494412	52.2725718
Glenwood	140531	-92.5766358	40.5242860
Chaumont	1070517	2.7485577	46.8429221
Satuelle	3992466	11.3928215	52.3451520
El Espino	1344193	-72.4806059	6.5062197
Chirinos	1900266	-78.9005754	-5.3174360
Ricaurte	1353060	-74.7114659	4.3120032
Topolice	6423221	16.6056649	50.3655536
Langouet	134219	-1.8099847	48.2557882
Stagnone	3338910	12.4626005	37.8585890
Jonvelle	1584417	5.9202151	47.9286755
Colquioc	1953238	-77.5835216	-10.2985155
Salduero	344747	-2.8108723	41.9015595
Cererols	5762950	1.7680782	41.8186022
Juodelis	2906795	23.1274945	54.3979118
Kesklinn	4572218	26.7238187	58.3774894
Buchholz	1469263	10.7343789	53.7313766
Huac-Huas	1930949	-74.9915186	-14.1719250
