Vassogne	2952117	3.7276777	49.4203669
Berrieux	2952951	3.8528080	49.4824689
Akershus	406106	11.3201723	60.0385192
Leinster	278746	-6.9918183	53.1184649
Colletot	552256	0.6243925	49.3493222
Cauvigny	454714	2.2374627	49.3015488
Neulette	2907649	2.1668197	50.3819855
Caucourt	1151558	2.5655801	50.3958932
Romeries	54767	3.5411668	50.1963219
Yquebeuf	1240083	1.2580672	49.5945484
Selongey	150532	5.2045932	47.6037706
Doullens	1346218	2.3533554	50.1513930
Fontangy	139372	4.3600478	47.3443192
Hiermont	3258028	2.0727592	50.2008222
Schweyen	122915	7.3935906	49.1616352
Maxstadt	121855	6.8023031	49.0455720
Crastatt	88983	7.4224786	48.6596533
Rimsdorf	1174739	7.1158152	48.9278709
Pramollo	43775	7.1914598	44.9017688
Roiville	3327600	0.2349938	48.8798077
Reherrey	2956957	6.7741100	48.5084615
Bulligny	2885416	5.8427338	48.5720633
Meuilley	131843	4.8817924	47.1388807
Godisson	417376	0.2462401	48.6762102
Gourgeon	1228391	5.8480304	47.7192831
Tramayes	1120586	4.6083881	46.3068942
Raon-l'Étape	88202	6.8588769	48.4041311
Authezat	126391	3.1947746	45.6374864
Riguepeu	132447	0.3490577	43.6604835
Bazugues	128227	0.3377256	43.4521720
Battexey	150985	6.1791047	48.3894475
Ocquerre	86618	3.0600799	49.0379713
Remomeix	86730	7.0107031	48.2638532
Virignin	146574	5.7117885	45.7282105
Sampeyre	43281	7.1855690	44.5840116
Chassors	111347	-0.2097158	45.7096351
Wavrille	916329	5.3778010	49.3189151
Montbras	2973910	5.7016110	48.5151348
Compigny	2922873	3.2788499	48.3670839
Hunawihr	83756	7.3069258	48.1825852
Plerguer	908153	-1.8489405	48.5340250
Roermond	1414218	6.0039527	51.1927811
Rivarone	43909	8.7081784	44.9721674
Garrosse	75916	-0.9405541	44.0113202
Queuille	125039	2.8431760	45.9729164
Lurcy-Lévis	2904425	2.9044147	46.7370875
Kupiansk	3592314	37.6161079	49.7102984
Saint-Nic	276142	-4.2804622	48.2079258
Monsagro	344492	-6.2501167	40.4994283
Varrains	272390	-0.0640036	47.2277346
Virazeil	113546	0.2434387	44.5115705
Blaymont	2718387	0.8605424	44.2935440
Puihardy	1246304	-0.5469909	46.5272385
Arsonval	965380	4.6484113	48.2774147
Sirmione	45072	10.6116638	45.4901429
Prayssac	124614	1.1870123	44.5085828
Valsonne	1125738	4.4250777	45.9462493
Plumelin	140473	-2.8824442	47.8709961
Serville	1838919	1.4872594	48.7695146
Venesmes	402318	2.2800657	46.8496624
Jausiers	363687	6.8022600	44.3785748
Carlazzo	46756	9.1656799	46.0543467
Pontmain	1124485	-1.0676543	48.4367702
Roermond	405146	6.0175025	51.2086697
Senlisse	1188014	1.9700245	48.6829022
Arquenay	554961	-0.5870445	47.9815306
Tautavel	2593113	2.7249488	42.8165110
Yanshuei	2411100	120.2459816	23.3008677
Preddvor	1675669	14.4678615	46.3241492
Cortanze	43982	8.0916040	45.0203710
Ribeyret	1367045	5.5545016	44.4123954
Trabazos	341369	-6.5156644	41.7351819
Betanzos	342634	-8.2326418	43.2757359
Welterod	540474	7.8966367	50.1251435
Appietto	134092	8.7200439	41.9965852
Wanderup	1156126	9.3257520	54.6837045
Lessines	1924183	3.8265537	50.7105304
Pianezze	1651604	11.6396713	45.7331771
Otxandio	340251	-2.6530830	43.0445187
Introbio	46631	9.4792480	45.9972450
Zomergem	1351605	3.5605402	51.1308485
Borgetto	39505	13.1575567	38.0418402
Northeim	1397834	9.9974790	51.7155936
Sassello	43164	8.5091620	44.4748978
Orsenigo	46060	9.1806996	45.7779264
Aicurzio	45637	9.4199320	45.6444011
Sarreaus	341694	-7.5923780	42.0974334
Perdizes	314962	-47.1033145	-19.4283690
Ùsini/Usini	40654	8.5416626	40.6591556
Oberwart	226112	16.1857412	47.2884993
Osthofen	902668	8.3142170	49.7041291
Grischow	1427905	13.3352063	53.6881086
Bezuchov	438571	17.6076928	49.4637111
Cannon AFB	171293	-103.3163280	34.3863912
Cospeito	344551	-7.5627763	43.2171021
Csesznek	1078440	17.8725786	47.3315388
Cisneros	1307258	-75.0810558	6.5448555
El Grullo	5605763	-104.1778166	19.7955480
Tultepec	5606560	-99.1279497	19.6782590
Huanusco	5605858	-102.9306911	21.7675630
Mergasur	3829922	44.0362589	37.0326496
Tirebolu	1835991	38.8704690	40.9177966
Cortazar	5605703	-100.9305673	20.4220211
Tornesch	443339	9.7398538	53.6987311
Jiangyou	2172152	104.9418895	31.9313449
Wurzbach	2179230	11.5194124	50.4491008
Cruz Alta	242367	-53.4989952	-28.7173932
Szalonna	1317779	20.7297597	48.4605163
Ciruelos	344595	-3.6355011	39.9465965
Werpeloh	2007860	7.4744826	52.8918550
Le Villey	147877	5.5086380	46.8477899
Donzdorf	2772182	9.8207068	48.6834007
Aventura	1216581	-80.1366460	25.9532569
Vokovice	427501	14.3447071	50.1009672
Umhausen	77764	10.9426824	47.1337768
Cixi City	4571866	121.3345896	30.2323556
Hooppole	124873	-89.9139458	41.5216004
Harrison	170712	-74.1535637	40.7436410
Shortepa	6572586	66.8274071	37.2361307
Linsburg	1183248	9.3130936	52.5854475
Tegueste	340753	-16.3357756	28.5180022
Apremont	112866	5.9334821	45.4998289
Le Merzer	399571	-3.0803137	48.5805076
Le Peyrat	2020364	1.9295940	42.9555076
Skadovsk	2320708	32.9181055	46.1205460
Wahpeton	181428	-96.6111933	46.2659929
Haivoron	2744605	29.8525222	48.3437133
Toyonaka	358672	135.4712807	34.7778617
Sindutan	5615440	110.0464045	-7.8864187
gmina Dąbrówka	1994182	21.2579511	52.4912264
Suhindol	1929749	25.1685529	43.1821795
Le Vivier	2816579	2.4475565	42.7640254
Pesquera	340461	-4.0669628	43.0852849
Harrison	111203	-93.1104325	36.2418091
St Helens	173478	-2.7028219	53.4583810
Wolnzach	252182	11.6422215	48.6034931
Coinsins	1684910	6.2365935	46.4245630
Strengen	77294	10.4529921	47.1332434
Kimswerd	2656646	5.4347558	53.1407100
Harrison	175809	-73.7111638	41.0195134
Umeå kommun	935646	20.3524999	63.7943756
Pitalito	1342132	-76.1021362	1.8171632
Ossingen	1682185	8.7218983	47.6109594
Guteborn	1314282	13.9344524	51.4243540
Cumlosen	1289809	11.6636047	53.0299001
Rausdorf	454250	10.3225419	53.5908325
Elk Point	194951	-96.6810043	42.6817930
Kingsley	1804298	-85.6719000	38.2215174
Westheim	1015122	10.6612965	49.0031304
Montvale	170651	-74.0550753	41.0547687
Attelwil	1684257	8.0379144	47.2631893
Holtgast	2012455	7.5455139	53.6402485
Podjuchy	2872136	14.5987690	53.3592628
Barvinky	7267316	28.9710018	50.8226937
Palompon	5426243	124.3259791	10.9671870
Dugi Otok	2428005	15.0315194	44.0211314
Wrentham	1949270	-71.3351402	42.0521176
Będźmierowice	7625069	18.0497679	53.7958341
Fryeburg	132839	-70.9678366	44.0189940
Petrivka	2900727	37.7841947	48.3880271
Kolhapur	1997163	74.1013794	16.4577537
Winklarn	961854	12.4976480	49.4400706
Lac Tommy	1945639	-71.4482256	48.6674658
Lac Tommy	1479051	-75.8941498	48.0431260
Lac Lunny	1526491	-76.7625689	47.5415609
Wing Pond	1803906	-54.1409258	48.9980665
Hay Ponds	1769035	-53.5134570	47.0997620
Hay Ponds	1767333	-53.5056590	46.9342917
Trolltjørn	5691408	7.1548005	59.8731663
Mensvann	3444319	9.7483810	59.2102749
Skrumpsjön	3463689	15.1419874	58.7849572
Bjorvatn	7418328	7.8849144	58.5776318
Koantaus	7279916	29.2529887	61.4790690
Korpinen	129573	27.9745937	63.4726250
Mirinzal	332897	-44.8446267	-2.0715000
Mansoura	3587355	-4.9655507	34.8435818
Qoreitem	7120383	35.4778315	33.8911514
Estanque	1357021	-0.0465108	39.9878124
Estanque	2362527	-0.0377573	39.9782092
Torstjønni	5722899	7.9846986	60.0380351
Valtjern	5156044	8.9697681	60.9408501
Inui Moat	5415371	139.7532207	35.6881391
Pljakovo	6948879	21.2799574	43.1784323
Visnjeva	7480983	19.8997695	43.1569441
Vermiosa	6384618	-6.8815810	40.8205008
Le Vivier	2839256	3.8251693	49.4657917
Vlkovija	6665780	22.9136008	43.0948321
Smilovci	6665741	22.8520793	43.0898100
Bomlunet	5136068	12.3184726	63.7963855
Karwiany	6374654	17.0034068	51.0212193
Popowice	6376581	16.8890141	50.8780637
Tuchlino	4041155	17.8585477	54.3082834
Smolniki	4039488	17.7696389	54.3489800
Nuoranen	7292485	24.4882377	63.6646346
Malinowo	6718999	22.8257780	52.5392921
Topolina	6592439	20.8746816	52.4758225
Smolniki	6817801	19.6113297	53.5453091
Ritosici	6363477	19.2770821	43.4694848
Sjeverin	6365453	19.3639520	43.5960053
Ritosici	6365783	19.3349574	43.4865319
Korpinen	78675	27.8376822	65.1458750
Estanque	543138	-3.7998977	43.4742440
Le Vivier	6517584	3.1265118	50.3646153
Bjorvatn	6277908	8.4492164	58.5186836
Mazā Daugava	6112027	24.1208262	56.9296899
Konkiyel	3722420	10.4947931	11.1189371
Giwatazo	3708038	4.3300670	12.1096453
Zarummai	3707115	5.4782778	12.0223049
Kwondiko	3703443	10.1344449	11.0776935
Puslinch	7486147	-80.1137702	43.4775029
El Retiro	2653224	-79.9574521	-3.3678945
Rey-Bouba	3765369	14.3002059	8.8444576
Winklarn	131835	14.8659946	48.0961949
Los Guido	6246907	-84.0480827	9.8702554
Didsbury	4193196	-114.1375682	51.6567630
Chetwynd	2222358	-122.2191975	55.6076483
Tuntange	1333122	6.0391799	49.7122825
Kazurawa	3710604	9.0495474	11.7273552
Palumtar	6094266	84.4870003	28.0176175
Vauratar	6536503	84.8260156	27.0991130
Dummrise	6663989	87.7809956	27.3123865
Pell City	110147	-86.2722959	33.5596595
Kanzenze	2281190	29.3872773	-1.6520168
Nyayumba	2281193	29.2618797	-1.7406639
Rwimbogo	1708680	28.9775173	-2.6357295
Bug River	6502780	-93.8827973	50.9075095
Rous Lake	4114239	-86.0287106	48.6867527
Sour Lake	4130880	-87.9161028	49.1990102
Korpinen	36082	24.9283125	63.6842500
Pingtong	2168433	104.6726215	32.1114795
Xinglong	6824631	121.7802816	42.0864348
Nuwagaun	5864459	82.4806227	28.2547692
Kohalpur	5994289	81.7289236	28.2179545
Pine Pool	3398098	-1.6920535	52.5531142
Llyn Glas	3188498	-4.0639306	53.0805651
Lac du Fer	1563845	-72.3449079	47.9341613
Mineiros	2709162	-52.7408458	-17.5605000
Grantley	187709	-76.7276862	39.9404549
Staoueli	540527	2.8733407	36.7408408
Kacprowo	6860606	22.4751345	53.5906328
Lotnyche	2034746	24.3502417	50.8606995
Buthiers	1419536	2.4608729	48.2901693
Eastwood	5627443	151.0845806	-33.7884455
Pinnaroo	6693317	140.8758068	-35.3230207
Haut-Nkam	2751223	10.1762594	5.1467333
Weerselo	1518222	6.8766775	52.3435154
Harrison	183454	-84.7914885	39.2561103
Langston	4637048	-76.9668146	38.9032472
Tamentit	4171621	0.4169286	28.0468590
Kryevidh	1250101	19.5132239	41.0794130
Tyljavka	3167564	25.9109106	50.1288116
Mayo-Kani	2750414	14.4592881	10.2906541
Langston	183960	-97.2607735	35.9296869
Harrison	119945	-82.7258192	32.8263015
Bahía de Manatí	1635369	-76.8597824	21.3444613
Point Bay	2717376	-61.2442880	13.0114140
Filippos	812373	21.0155071	38.4714434
Skiathos	536707	23.4552512	39.1692984
Tragousa	542582	27.7050287	36.2225479
Pergousa	530708	27.0381182	36.5877642
Innerstøtt	4113651	13.4529811	66.9180563
Kantunil	5961508	-88.9681335	20.7514929
Grzybina	6730208	22.8300277	54.3733842
Kingsley	3344966	-0.8805152	51.1380753
Saurivka	3941149	38.7551958	47.9061532
Ericsson	3657624	-93.2335056	44.9210426
Greybull	252289	-108.0562481	44.4895054
Addyston	182215	-84.7088260	39.1348966
Stromiec	3574084	21.0901808	51.6431487
Horní Kruty	441255	14.9597501	49.9115079
Newville	188283	-77.4011666	40.1711410
Rausdorf	2778402	11.6836251	50.8543168
Hutchins	114462	-96.7130310	32.6493747
Nipkowie	6878864	19.3067701	53.7047896
Nova Huta	7029634	29.4508465	50.9135723
Westheim	5449262	8.9197339	51.5028739
Wetsinge	1468140	6.5380865	53.3044414
Rohrdorf	2186937	12.1967265	47.8092923
Alburtis	188524	-75.6008480	40.5084675
Töging a.Inn	941948	12.5914127	48.2639082
Asientos	5605539	-102.0952559	22.1321072
Petrivka	3937029	37.2093073	48.1690900
Oudezijl	1434031	7.1996134	53.1866256
Wilczyca	2939990	19.0590945	51.8490163
Moniochy	3348540	21.3067843	51.6441610
Apremont	1637042	2.5105284	49.2328291
Palmetto	117715	-82.5836070	27.5278064
Hutita küla	352298	26.7586406	57.8830002
Glubokiy	5908731	40.3268716	48.5309351
Kokuta küla	352624	23.5929024	58.6573624
Santurde	7160202	-2.7951221	42.6839531
Khodoriv	2525942	24.3179882	49.4058458
Virita küla	351302	22.0416533	58.3767497
Byron Bay	6069744	153.6171114	-28.6468465
Perdizes	3049360	-46.6806706	-23.5379296
Shinhama Chō	5899111	133.7863259	34.2922881
Armyansk	2521175	33.6907869	46.1039146
Rumjatar	6710742	86.5472186	27.2999747
Nepste küla	351567	24.6079354	58.0952501
Vestla küla	352007	22.4989794	58.3308907
Buntekuh	367837	10.6303766	53.8556227
Trebenow	1979027	13.8482931	53.4538576
Loomse küla	352467	24.5028653	58.5967507
Kurese küla	351568	24.1727251	58.6530935
Veltsa küla	354524	24.0724038	58.6023782
Uruçu-Mirim	6194833	-35.5491256	-8.3032918
Springen	1377948	7.9822327	50.1390096
Kurasini	6000987	39.2904481	-6.8447347
Rio Fundo	6166838	-38.6248952	-12.4482540
Meerholz	3333870	9.1399900	50.1783908
Kilcooly	6964636	-6.7216711	53.5749887
Kotsma küla	355314	22.0156710	58.3241020
Wurzbach	3516024	11.5368937	50.4387098
Jasikovo	6314330	21.9408523	44.2798163
Koipsi küla	355527	25.2710810	59.5423382
Kirmsi küla	353060	27.4035879	58.0404110
Bukovska	6314363	21.6981352	44.3909497
Mustapic	6308505	21.5294188	44.5265897
Yuanqian	1226700	115.1629351	26.7943332
Neuekrug	3694398	10.8001161	52.7744919
Rauksi küla	354806	23.8742982	58.4923550
Bridport	3102333	-2.7576977	50.7320753
Drienovo	2266206	19.0468436	48.2193466
Palumtar	6094270	84.4930487	28.0475024
Shinhama Chō	5884280	133.8439390	34.3096623
Zomergem	3465191	3.5642436	51.1195778
Petrivka	3504172	39.2639243	48.8129299
Kilcooly	6781132	-7.5445677	52.6586366
Kilseily	6800548	-8.6500451	52.7953893
Kohalpur	5994292	81.7410475	28.2178715
Ustechko	3167596	25.6209656	48.7683703
Harrison	134518	-82.8104842	42.5873370
Drummond	5375958	-77.0923889	38.9699454
Browning	141876	-113.0152295	48.5566919
Udhampur	1944390	75.4258672	33.1092238
Zheludok	5598163	24.9850914	53.5981920
Terwolde	2712932	6.0966896	52.2778785
Purdivka	4718875	38.5790267	48.9789595
Malinowo	6924400	23.0773694	52.8035962
Malinowo	7046372	22.4999291	52.7272177
Karczewo	6858896	22.8059454	53.6830145
Ustechko	3167595	25.6186360	49.8508379
Florynka	6089580	20.9841493	49.5500269
Moorsele	1334536	3.1549318	50.8425908
Smolniki	6730841	22.8794931	54.2895315
Palmetto	119298	-84.6660280	33.5353929
Borowiki	6783130	23.2063927	52.4876340
Malinowo	6924709	20.3590746	53.4758317
Yashkino	3818059	85.4392246	55.8740160
Harrison	135078	-84.8079667	44.0167904
Reeuwijk	301733	4.7287751	52.0450329
Wysocice	3470300	19.9250022	50.2831472
Zalasewo	4640615	17.0687518	52.3877453
Westheim	1250340	8.3200706	49.2359874
Sukhivci	3167548	26.0503798	49.6619377
Bulavyne	3939511	38.3578114	48.3023824
Petrivka	3942309	37.4540527	48.5657919
Justynówka	7066000	23.4892417	50.4870057
Yemelevo	3088834	46.3847816	56.1410375
Kamynino	4578839	43.4417970	52.9238794
Shaumyan	7279249	39.2908621	44.3254469
Bulanovo	1574538	53.9753300	58.3936477
Scothern	4684382	-0.4493305	53.2828424
Lapstone	5498064	150.6362134	-33.7746385
Kumarino	6800925	21.8157432	41.7722238
Oraov Dol	6806499	21.5386476	41.5369645
Smilovci	6806506	21.6972129	41.4869859
Knezhino	6436586	20.9132396	41.5216101
Odzhovci	6476399	20.5643367	41.4885489
Puzderci	6658710	22.1308994	41.9430210
Windowie	6002490	148.1298593	-35.3753372
Colinton	6066033	149.1957789	-35.8642066
Petrivka	6741630	34.6789826	46.4860502
Petrivka	3591018	35.6902179	46.6636866
Haulover	4236171	-83.5124994	13.6890853
Butbakyt	2645876	41.6391113	42.5706841
Matroosa	4116893	33.8095187	61.7804467
Bulanovo	6506136	40.2638317	56.0000177
Groessen	1516678	6.0264794	51.9312017
Krzeszówek	2965115	16.0965919	50.7196010
Nawojowa	6039501	20.7425121	49.5551962
Hoschton	119397	-83.7617001	34.0974944
Tamalous	6543301	6.6578390	36.8553771
Apremont	154338	-1.7453774	46.7598790
Podolany	6413090	20.5481167	50.2360770
Harrison	195856	-85.1396780	35.1275075
Serpeisk	3522391	34.9932690	54.3344004
Cieszyna	6929824	21.6142341	49.8681473
Franusin	7034503	23.8591879	50.5460732
Mooswald	1956122	7.8229181	48.0136515
La Sonnaz	1683346	7.1222863	46.8350252
Kingsley	134758	-85.5373223	44.5827770
Sour Lake	6605114	-94.4002955	30.1367850
Kingsley	128580	-95.9694643	42.5862490
Popowice	6625948	20.6804570	51.7259113
Harrison	121258	-116.7729792	47.4470724
Abu Nuwas	2964643	44.4114233	33.3210536
Al Yarmuk	2964822	44.3394918	33.2949777
Poulbaun	4166168	-9.0705695	52.9187481
Drumhirk	2238911	-7.8345094	53.9865504
Cora Lynn	2451746	145.6202807	-38.1415250
Quaybaun	4023370	-8.8333740	53.5384801
Crowsgap	5386745	-8.1321882	53.5705019
Tonteere	6004888	-8.4427202	52.5500890
Drumhirk	5674916	-7.0658290	54.1671293
Kilderry	3430453	-6.7180698	52.2773903
Drumhirk	3959169	-7.7471903	54.3381975
Kilderry	4832854	-7.1744849	52.6844930
Drienovo	2266148	19.0468436	48.2193466
Ballylow	3904047	-6.3935011	53.1391380
Chetwynd	5575108	-8.5199580	51.8628735
Ballysop	3296062	-6.9336878	52.3208411
Drummond	4477772	-6.9107655	53.3215725
Drumhirk	2981839	-7.5751822	54.2791127
Mercurio	4080512	-100.3799329	20.5830554
Drumgose	5459615	-6.7384633	54.4217842
Belmount	5405728	-7.0954288	52.2736549
Drumhirk	5403100	-7.2348581	53.9495398
Shangort	3883925	-9.1076131	53.2619434
Drummond	5463635	-6.9461694	54.4049395
Drummond	4871808	-7.0134119	55.0486645
Kilderry	6043993	-8.6341191	52.5487035
Viertola	5706517	25.0240492	60.2947997
Drumhirk	5657056	-6.9480270	54.2362742
Lissaraw	5687895	-6.9663197	54.2078072
Drumhirk	2295414	-7.8106717	53.8815766
Lisdurra	5517934	-8.4022169	53.1176694
Drumgart	5660002	-7.4998414	54.1230059
Tomassan	5351643	-7.5266474	54.1125537
Drumhirk	5486302	-7.1643780	54.4332891
Shinrone	4269490	-7.9191591	52.9848974
Kilcooly	4559574	-6.7562541	53.5738443
Caititus	6191278	-36.6570931	-9.7389014
Drumhirk	4623356	-5.6613824	54.6183012
Bunrawer	6364927	-9.4171863	53.7899396
Shangort	6171971	-9.3547448	53.6998721
Drumhirk	5709798	-7.1248415	54.0599813
Drumlone	3572736	-7.4860104	54.3275376
Smarmore	5261014	-6.5666007	53.8103857
Kilderry	6043994	-8.6253519	52.5537845
Brassert	312070	7.0601318	51.6723667
Clomoney	2191734	-6.9730291	52.6400945
Clomoney	2279796	-6.9789858	52.6476645
Clomoney	2244324	-6.9632044	52.6405713
Kilcooly	6205173	-10.3481181	52.2014050
Arderrow	5654500	-8.4404225	51.9225029
Drummond	4665364	-7.3549714	54.5069423
Moylisha	4533831	-6.6247450	52.7453347
Drummond	2502295	-6.4477808	52.7047871
Kilmoyle	4437409	-6.3658968	55.1662027
Eastwood	5438457	-7.8119051	52.8097720
Shanlyre	5707161	-8.5556117	52.0051077
Kilcooly	4538891	-6.5826371	53.4983166
Gortinar	5494182	-8.2292529	54.3365735
Drumlone	2110410	-7.4353427	54.1995339
Muchwood	4427987	-6.9339871	53.5172112
Drumhirk	3571799	-7.3743226	54.3932776
Cushwash	2631171	-7.4312667	54.2465901
Lydbrook	5963761	-2.5781360	51.8410459
Coolcour	5987510	-8.9386837	51.8898253
Saltpans	5597398	-8.4127863	54.9343738
Drumgose	5197046	-6.6514325	54.0854701
Drumhirk	4773685	-7.3152057	53.9075693
Drumgart	5457800	-6.6855100	54.4549516
Mweeloon	3342874	-8.9876902	53.2277528
Wrentham	4802770	1.6517285	52.3881053
Locksley	6044565	149.7983482	-33.5172566
Tallwood	6058049	149.1319592	-33.5033188
Saltpans	5386804	-7.5273559	55.1343615
Myuna Bay	6034709	151.5398181	-33.0575373
Revoredo	7384043	-48.9870488	-28.4620766
Wateresk	4641377	-5.8699158	54.2493524
Lisgowel	3370073	-9.2274739	53.8394912
Watinuma	6389114	131.8809995	-26.5211300
Muchwood	3028174	-6.5682142	52.3615363
Dunlough	5832881	-9.8238386	51.4841310
Dooniver	5762925	-9.9483430	54.0016106
Dolné Príbelce	2272462	19.2535976	48.2069979
Cullamus	6041309	-8.5753893	52.4240199
Coolowen	5846967	-8.0227773	52.1120301
Wurzbach	3516017	11.5411003	50.4387098
Poulbaun	4647370	-9.1040833	53.0677938
Manooney	5270048	-6.7976135	54.3439050
Drumhirk	5469460	-6.8226027	54.4971768
Kilmoyle	2319124	-7.6907738	53.7325228
Killenny	4641282	-6.9780033	52.8831864
Rahyvira	5616427	-8.1349743	52.5727421
Sandpits	5308990	-7.3183948	52.3659196
The Forks	1449493	-97.1310305	49.8904733
Grantley	7726375	-1.6442356	54.1246557
Kilgawny	4197203	-7.5915428	53.5327667
Cornwell	4218311	-1.6089319	51.9451828
Drummond	5443762	-6.8283447	54.5732193
Boughton	1022568	0.5171261	52.5936495
Derrycon	4621544	-7.4990259	53.0579777
Normanby	7846891	-0.8575635	54.2291199
Barryroe	5900293	-9.2467002	51.5039188
Maperton	2902866	-2.4683403	51.0403877
Coolowen	5688488	-8.5348259	51.9547726
Dunlough	4669145	-6.7588683	53.5925223
Drummond	5640461	-6.7736552	53.9350707
Greinton	2715799	-2.8418698	51.1173238
Doulting	2925460	-2.5067851	51.1824928
Wheelton	6994105	-2.5788374	53.6821883
Tempetin	6250635	-13.5049470	9.7821102
Krumvald	432783	15.1056792	49.3631718
Lissaraw	5245095	-6.6163699	54.0662928
Porthall	5569129	-7.4560917	54.8790259
Barmston	582115	-0.2420697	54.0305063
Drumbest	4462031	-6.3974177	55.0557187
Podolany	1995958	16.8837022	52.4568473
Drumlood	5684046	-6.9818975	54.0782555
Bridport	5669991	-2.7576556	50.7267271
Oxenhope	7185164	-1.9644520	53.8045193
Movarran	3496466	-7.7211385	54.6007174
Kingsley	6023684	-1.9765075	53.0175630
Tilbrook	1628638	-0.4240501	52.3146621
Corluddy	5328037	-7.2100305	52.2699038
Onehouse	4874863	0.9541535	52.1966338
Quaybaun	5307874	-9.8752543	52.0721304
Horné Kočkovce	1744785	18.3446182	49.1125029
Hořany u Zbrašína	434568	13.7534292	50.2866917
Drumhirk	3519603	-7.6588989	54.5644808
Bylochov	426533	14.4659264	50.5159891
Husovice	423676	16.6356411	49.2149498
Drummond	5394325	-6.7104637	54.6244622
Sintrial	6308053	-52.0706297	-27.2361988
Kilseily	6256533	-8.6572658	52.8004293
Kilmoyle	4475373	-6.5435484	55.1341976
Drummond	5651581	-6.5665645	54.0137285
Stansted	2264398	0.3059806	51.3355342
Bezuchov	430507	17.6076928	49.4637111
Iskaroon	4666560	-6.7926716	53.5949916
Chetwynd	7011265	-2.3979151	52.8005198
Kingsley	1440421	-2.6822306	53.2714971
Moorhill	5634750	-6.6776642	53.1129849
Naas West	5635273	-6.6730776	53.2139603
Odolenov	424194	13.4826742	49.2448000
Horní Kruty	432401	14.9548179	49.9249505
Fownhope	6281133	-2.6172028	52.0140356
Bolstone	6281078	-2.6634712	51.9915125
Mkwajuni	5525980	39.2355299	-6.8203529
Drummond	5380149	-8.2098603	52.9645769
Drumbure	5560587	-7.2611582	54.1194949
Molsdorf	1953748	10.9555263	50.9053691
Killyran	5425519	-7.6923779	54.0756593
Corryard	5465130	-8.0413857	54.0430553
Dautzsch	5496216	12.0296649	51.4922361
Killenny	4637220	-7.1949796	53.0562367
Twitchen	4492471	-3.7475257	51.0593965
Drummond	4475421	-7.4221030	53.1679725
Rathyark	3642932	-6.5693935	52.2407500
Taquarussú	5678090	-54.6329977	-20.4810826
Murrahin	6073449	-9.4000627	51.5783445
Barryroe	6073175	-9.3999588	51.6243513
Whitnash	1441339	-1.5190908	52.2580107
Drummond	4278240	-6.9719652	53.4750438
Cordroon	3548344	-9.2197636	53.5294358
Killenny	5406999	-7.3045460	54.8591089
Kilcooly	5825000	-8.4464995	53.1908537
Lisdauky	5507137	-8.0214808	53.9448430
Drummond	4864802	-6.9108415	55.0455495
Kilmoyle	4475372	-6.5568776	55.1469059
Alwories	4555834	-7.0704271	54.7155937
Quietude	5216195	-46.4815593	-24.0142608
Watsonia	2381917	145.0819684	-37.7101151
Drummond	2754963	144.3089101	-37.2175101
Drummond	5225185	-6.7650869	54.2720067
Drummond	5324590	-6.4354782	54.2430965
Drumhirk	4657189	-5.7419246	54.5244139
Eastwood	2643985	147.6339616	-37.8151600
Murrabit	3102601	143.8654665	-35.5108000
Lissaraw	5328755	-6.4401714	54.1903119
Drummond	5457676	-6.7375647	54.4593668
Derryhaw	5202016	-6.7897327	54.3070554
Coolcots	3311509	-6.5009974	52.3359664
Yarravel	6063913	152.7639041	-31.0422507
Drumgose	5175055	-6.8382868	54.2739286
Gortleet	2089649	-7.3603701	54.2130747
Drumhirk	5202055	-6.7051782	54.2860707
Wahpeton	128348	-95.1829822	43.3765404
Eastwood	134500	-85.5461079	42.3045634
Bostwick	119582	-83.5147602	33.7373834
Justynówka	6627943	20.9827284	51.7864896
Apremont	23784	5.6557663	46.2041501
Đức Trọng District	7086489	108.3179417	11.6950590
Kronstad	6492219	5.3474513	60.3736771
Cisneros	344702	-4.8703532	42.2081181
Ghassoul	6533984	1.2592332	33.4924105
Rohrdorf	1181071	8.6893338	48.5678853
Ponikiew	3532136	19.4531490	49.8212386
Harrison	142649	-111.7850886	45.7046765
Podolany	3646547	21.4782386	51.1899336
Lone Wolf	184160	-99.2458545	34.9899069
Drummond	142441	-113.1466063	46.6662360
Browning	126950	-90.3726029	40.1251005
Holstein	169647	-98.6504987	40.4644360
Harrison	169562	-103.8828543	42.6891545
Browning	141019	-93.1599045	40.0348624
Szynkielów	3745075	18.7653777	51.3589636
Apremont	161537	5.5347044	47.3930125
Podolany	3335107	20.2326799	49.8932960
Serskamp	7778323	3.9309568	50.9899715
Drummond	185019	-98.0357556	36.3011700
Harrison	6809080	149.1564869	-35.1972911
Mougheul	6531000	-2.1238960	32.0810637
Wólka Husińska	7171834	23.1739177	50.5157471
Rio Lucio	171167	-105.7192684	36.1905114
Popowice	3660370	18.5671105	51.1548080
Holstein	128482	-95.5448717	42.4914064
Voltaire	181363	-100.8437318	48.0189760
Podolany	3523683	19.7532238	49.8996841
Palmetto	131902	-91.9082076	30.7176345
Podolany	5893067	15.9691669	51.1867288
Cove City	179753	-77.3200373	35.1902665
Drummond	121405	-111.3441681	44.0000465
Buthiers	914965	6.0360824	47.3552117
Mer Rouge	132002	-91.7927280	32.7762734
Popowice	6159948	20.1399752	50.7161211
Apremont	3289199	4.9658518	49.2589605
Lewniowa	6083268	20.6473664	49.8773957
Hirstein	5638754	7.1718967	49.5294115
Utgiften	6601412	16.1558270	58.5679607
Los Arcos	5844506	-86.3081993	12.1478720
El Retiro	5852419	-86.2796117	12.1334283
Los Arcos	5829722	-5.9680241	37.4084580
Villa Coña Coña	4440848	-66.2053792	-17.3825321
Laburnum	3580972	77.0762750	28.4718597
Mini City	3561369	-55.9282100	-27.4106082
Westheim	3684026	10.8113093	48.3812471
Poppiano	6684737	11.1139541	43.6501564
Orentano	1552774	10.6684658	43.7782049
Zona Zara	6777973	9.1949150	45.4962345
The Vines	3228547	116.0159455	-31.7495591
Rose Isle	2095635	-81.3598126	28.5741394
Rose Cove	2051216	-81.4449678	28.6352448
Dunn Pond	3188110	-71.9719019	42.5786432
Meinholz	7723099	10.5334267	52.3508396
Hernwood	5641901	-76.8152063	39.3899679
Bretwood	2061486	-81.4662991	28.5875736
Eastwood	1152585	-81.1779316	28.5311605
Pkt-A Sec-A	3538451	77.1625767	28.5172870
Mirskiškės tv.	7336318	23.1475030	55.8350872
Popowice	6038705	20.6774376	49.5382505
Eastwood	131700	-93.5596996	32.5639640
Harrison	195214	-98.5267034	43.4314535
Tanourdi	2826592	-5.1331895	32.8176267
Kantunil	6430189	-89.0354323	20.7975493
Mansoura	5117521	3.2387543	32.0554141
Los Arcos	341045	-2.1849981	42.5459318
Tafraout	2897135	3.3399832	35.9962970
Cuartel V	2461647	-58.8158483	-34.5574377
Zapatero	1971748	-76.5269386	-6.5335383
Studenne	6950642	22.4499719	49.2807129
Antakmenių ež.	1709153	24.5618511	54.6048551
Pilvinas	6778281	24.4543247	55.4448949
Ponarino	3486459	39.0976516	55.5857345
Kastinis	6784758	24.4278348	54.0581575
Cotaruse	1929548	-73.2709140	-14.5960301
Dorzecze	7206834	15.9389310	51.7132771
Sun Lakes	111226	-111.8757454	33.2180660
Irepodun	3718740	4.5245742	7.8824062
Irepodun	3718099	4.8549458	8.1935787
