Smolensk	3339993	32.0471812	54.7789700
Smolensk	1674536	32.0471812	54.7789700
Viel-Arcy	422689	3.6255501	49.3793233
Marquion	1180853	3.0935436	50.2063166
Tincques	1216469	2.4944047	50.3610236
Liettres	1176756	2.3422096	50.5962124
Songeons	901989	1.8514541	49.5623023
Bourthes	2670591	1.9343337	50.6112838
Cousolre	55166	4.1542524	50.2360167
Boursies	56236	3.0344656	50.1441580
Houdetot	3007045	0.8072549	49.8168069
Yerville	3016826	0.8844989	49.6754315
Treffort	279240	5.6582340	44.9008699
Busseaut	148034	4.6385923	47.7424589
Nailloux	126354	1.6128207	43.3673676
Aussonne	158883	1.3246199	43.6840625
Rantigny	1640521	2.4363406	49.3346704
Retonfey	2413664	6.3099030	49.1343540
Routelle	126536	5.8528046	47.1678197
Venteuil	2684664	3.8368897	49.0913302
Lugasson	88628	-0.1534581	44.7588045
Pralormo	43679	7.8967159	44.8538670
Yvrandes	1263650	-0.7641363	48.7210142
Leintrey	2416968	6.7401625	48.6312854
Mercurey	2307768	4.7204396	46.8382760
Dolcourt	2958146	5.9818082	48.4926454
Songeson	959236	5.8314521	46.6477001
Sempigny	198256	2.9998648	49.5525450
Louvenne	1540667	5.4809104	46.4379434
Layrisse	2429024	0.0469802	43.1376816
Montbray	532011	-1.1182731	48.8808809
Ferdrupt	116853	6.7197834	47.9100277
L'Isle-de-Noé	228345	0.4203996	43.5866243
Troncens	125019	0.2212475	43.4544279
Morsains	2742573	3.5393036	48.8038967
Crisenoy	954544	2.7405734	48.6007990
Treffort	5757015	5.3597499	46.2686397
Revonnas	140526	5.3373223	46.1633036
Plouaret	400540	-3.4855225	48.6160032
Ambutrix	146765	5.3325506	45.9349145
Gruissan	1948935	3.0755831	43.1046842
Mykolaiv	7065395	32.0533561	46.9145380
Mykolaiv	1418322	32.0021166	46.9328795
Authumes	2252324	5.3131947	46.8849585
Dricourt	1241532	4.5142609	49.3955844
Lourmais	123374	-1.7319413	48.4394990
Rieucros	2071493	1.7673381	43.0756598
Pomponne	402735	2.6730776	48.8872550
Asturias	349033	-5.8539466	43.2715628
Kyllburg	1140564	6.5996958	50.0412797
Vieuvicq	233442	1.2100533	48.2610245
Nassigny	2826731	2.5984778	46.4976468
Monthion	111526	6.3748864	45.6217153
Masthorn	1108061	6.2947679	50.1562192
Retuerta	342762	-3.5008444	42.0332058
Kerfourn	140162	-2.8395380	48.0465654
Copponex	93194	6.0725421	46.0451975
Nuvolera	45215	10.3602003	45.5380468
Viroflay	30294	2.1715710	48.8018528
Morillon	104892	6.6692971	46.0622397
Paterson	170726	-74.1680292	40.9147910
Quevedos	242401	-54.0582959	-29.2928844
Boissets	75527	1.5898320	48.8576234
Lauzerte	228409	1.1320634	44.2640362
Lierneux	2436183	5.7901548	50.3093525
Solesino	44379	11.7390316	45.1752748
Meyreuil	71270	5.5044935	43.4879441
Volxheim	1244009	7.9257856	49.8240184
Bokhorst	448763	9.4019227	54.0571944
Congosto	343691	-6.5128495	42.6077394
Pfronten	448299	10.5320629	47.5732762
Ipumirim	296659	-52.1693813	-27.0420001
Zuidplas	298919	4.6134509	51.9995787
Sulkovec	441635	16.3089634	49.6042640
Pommiers	74018	3.2822301	49.3935581
Boncourt	2952983	3.9577922	49.6300930
Huatusco	6037677	-96.9655041	19.1456267
Mombetsu	4055789	142.9959063	44.2561955
Asturias	6428094	-5.8539466	43.2715628
Mocorito	5606052	-107.8189379	25.3639465
Los Gatos	112130	-121.9472761	37.2333569
Kehrsatz	1682505	7.4708908	46.9118198
Krahulov	442191	15.7988826	49.2212417
Zornheim	1245313	8.2300679	49.8871171
Bezerros	303649	-35.7917153	-8.2466360
Wernburg	2179228	11.6105318	50.6645903
Versmold	138699	8.1745339	52.0429580
Oroville	6230954	-121.5644869	39.4900659
Pommiers	386178	3.6136585	43.9490642
Doubravy	440727	17.6714389	49.1511341
Les Menus	3292968	0.9281145	48.5167307
Venha-Ver	301133	-38.5204869	-6.3221364
Roskovec	1251471	19.7004131	40.7497795
Solihull	162373	-1.7155268	52.4311284
Okulovka	2664096	33.2910362	58.3943362
Serrenti	39942	8.9742398	39.5005233
Le Rozier	283801	3.2219107	44.1971815
Tarinkot	6596054	65.9406687	32.7159499
Pieszyce	3148254	16.5701337	50.7008729
Chlistov	439253	13.3646726	49.3216906
Sucupira	336769	-48.8576764	-12.0800000
Kyotango	356892	135.0782264	35.8236357
Mombetsu	4056026	143.3394580	44.2744480
Suka Pura	5802345	106.9285741	-6.1524250
Kumatori	359219	135.3630103	34.3870604
gmina Rzgów	2835736	18.0574456	52.1443449
Cañadón Esther	3988093	-67.7919998	-46.4552890
Marumori	4153612	140.7720700	37.8702179
gmina Żabno	2880726	20.9016315	50.1366461
Zlatitsa	1978779	24.0125921	42.5906802
gmina Rzgów	2921002	19.5168989	51.6556629
Houghton	134666	-88.5753433	47.1195822
Chittoor	2022304	79.0059010	13.2975961
Charroux	2805677	3.1666243	46.1817365
Gurzelen	1682464	7.5400655	46.7740188
Stirling	1905258	-4.3373858	56.2513770
Boxgrove	2989850	-0.7079943	50.8695772
Dottikon	1684294	8.2397157	47.3820478
Corserey	1683299	6.9907070	46.7715911
Lovatens	1685033	6.8633584	46.6904717
Quirihue	296295	-72.5440867	-36.2451609
Bournens	1684864	6.5644685	46.6090131
Tequesta	1217278	-80.0892051	26.9609366
Olivette	140043	-90.3776198	38.6732180
Kvitneve	7122562	26.5659142	49.9716028
Lac du Lin	7000375	-70.4415222	49.1551469
Lac Beaudéan	2506155	-74.1013079	49.6990135
Postomia	2930939	14.6490279	52.5769632
Crow Pond	1814468	-54.6070091	47.6190417
Crow Pond	1766239	-53.4415419	48.4661575
Klompven	1192167	5.6123334	51.7602428
Klompven	1258287	5.2125302	51.5769990
Ångermanälven	8147	17.1527504	63.8390513
Ångermanälven	8146	17.0375182	63.7705432
Big Supiy	2022406	31.7457743	50.2589314
Txingudi	1181754	-1.7800646	43.3647110
Putlampi	7279914	29.2642176	61.4645551
Suchy Las	7734883	16.8736928	52.4796815
Mazańcowice	4847933	18.9941431	49.8568285
Meeuwven	1280216	5.4996780	51.3910615
Ångermanälven	4252	17.2520151	63.9695748
Strzelce	6055225	16.6603165	50.9100468
Strzelce	5408148	19.4108393	52.3101312
Rio Lento	7732440	-34.8378692	-7.8700268
Ravniste	6952387	20.8719203	43.2638468
Wejsunek	6632987	21.6153162	53.6839280
Vraniste	7273574	22.4491669	43.2559711
Skotniki	6217681	17.1585941	51.2901456
Strzelce	7082142	23.8475616	50.9883040
Poikelus	4028770	24.2706090	62.1782618
Borotino	6416073	21.4013531	41.2914783
Crnatovo	7230262	22.1612003	42.9914252
Ångermanälven	5740106	16.9422177	63.6733531
Ångermanälven	2372150	16.7607913	64.4876468
Val Suran	6788764	5.4510702	46.3871962
Salstern	1701746	15.0915801	58.6296974
Fontrieu	5815724	2.5342691	43.6531319
Yanmaulu	3711860	8.8853475	12.7540167
Rogo Ruma	3710694	7.8004106	11.5677743
Ångermanälven	8032	17.2717866	64.0541953
Horr Pond	1328697	-121.4007107	41.1167079
Your Lake	3352940	-91.8716049	48.4721181
Powassan	7539287	-79.3369060	46.0472352
Fort Pond	6947877	-71.9526242	41.0385555
Ångermanälven	8008	16.7952493	64.4242081
Dunbulum	3710445	8.0168840	12.1865410
Tikuliya	7594736	86.5167884	26.6412204
Maneswor	6759798	85.8611209	27.8070529
Gunsakot	6780288	85.6923190	27.9237475
Tilakpur	6074936	83.7347752	27.5714067
Thoklung	6668775	87.6479524	27.1681017
Llyn Elsi	3837164	-3.8178938	53.0800007
Udenhout	1411515	5.1344538	51.6164468
Downiewo	7008415	23.4807847	53.1310357
Moulines	195299	-0.3440695	48.9921741
Ratyshhi	3167420	25.3075161	49.8334766
Rzepniki	7105199	23.2204217	52.9584894
Pumanque	1661441	-71.6818443	-34.5926914
Lempster	2016815	-72.1770333	43.2174610
Woodmore	133804	-76.7840098	38.9367925
Županovice	442491	14.3033034	49.7123580
Minczewo	6790638	22.5961200	52.4365380
Podtynie	6418662	16.6818987	50.4915664
Tigerton	251589	-89.0454580	44.7418739
Swanmore	1588739	-1.1758482	50.9423814
Håvågsholmane	6212065	5.8765349	62.2483466
Ylvingen	4148274	12.1514587	65.6207500
Stegsvig	5553424	9.6759537	55.0344259
Krommydi	1436661	25.3024692	37.3919988
Kavouras	1436662	25.2998797	37.4451778
Koromiri	6418220	-159.7268611	-21.2571902
Ko Rok Noi	5944997	99.0595443	7.2073562
Houghton	3902446	-1.5215661	51.0986289
Županovice	437447	15.5048808	48.9544470
Wittlaer	93585	6.7358363	51.3300943
Petrovka	5943874	39.4418037	46.9957092
Twilight	187275	-79.8912487	40.1148639
Nhà Bè District	7157197	106.7263824	10.6509670
Velesniv	3166737	25.1850151	49.0289688
Soberton	1583893	-1.1210028	50.9313879
Hoogwoud	373621	4.9473619	52.7243645
Kvitneve	7086360	29.1063255	50.8304281
Budzynek	2583739	19.1287300	51.9347993
Kotowina	6817875	22.6838117	54.0630821
Zhuravka	3937501	37.3652394	48.2291518
Kozatske	2828228	33.3405366	46.7873479
Rome City	127496	-85.3594050	41.4888477
Hurwenen	334317	5.3071791	51.8115658
Wojnowce	6833327	23.6003704	53.5072755
Neponset	125979	-89.7894990	41.2984514
Wilkeson	237688	-122.0507773	47.1045969
Horní Olešnice	440248	15.6646740	50.5288297
Podosowa	4432708	21.2185889	51.9105617
Luuska küla	354094	27.4730464	57.8569191
Batyrevo	3522509	47.6078706	55.0636634
Rio Toldo	7352627	-52.1659237	-27.8030191
Agryouli	6079717	84.0979814	27.6015934
Neulapur	5966305	81.3223344	28.4776286
Venha-Ver	6234512	-38.5204869	-6.3221364
Stirling	7390358	138.7201826	-35.0024108
Umbsoo küla	353178	25.1454519	58.1019208
Bezerros	6194992	-35.7827149	-8.2142015
Ratzdorf	3536888	14.7482478	52.0679570
Sauste küla	354236	26.1736659	59.4422092
Broitzem	2375725	10.4754625	52.2304191
Simonsen	3011914	-49.9245240	-20.4950259
Prievaly	2203808	17.3470873	48.5600260
Kurtna küla	354639	27.4974298	59.2706391
Kocurany	2187762	18.5394835	48.7654834
Katiusza	7811627	17.4750285	51.2478836
Umbusi küla	351192	26.1111753	58.5594245
Orguse küla	351117	24.9630952	59.0365359
Kurtna küla	353682	26.3169366	59.0542088
Orguse küla	352368	26.3710805	59.0671908
Kurtna küla	354636	24.7088619	59.2252543
Kurkse küla	349951	24.0312967	59.2704415
Ravniste	6314633	21.6324514	44.4169530
Mukuheno	5834070	27.4591765	-11.7245728
Quitumbe	89212	-78.5381100	-0.3034643
Prazeres	6520058	-9.1675112	38.7067848
Prazeres	6544472	-8.9378531	39.5428633
Kuiste küla	352618	22.9031397	58.4346520
Donovaly	2265301	19.2333743	48.8728357
El Plumon	7679226	-75.7300546	4.8125904
Tocumwal	5745844	145.4989873	-35.7910920
Zetzscha	4006843	12.4352727	51.0214857
Luguse küla	352050	22.7225739	58.8134079
Oldcourt	6650553	-6.9495092	52.3533371
Kilcumny	6958385	-7.1849446	53.6389783
Koopsi küla	351635	26.2435135	58.2795790
Houghton	176286	-78.1640260	42.4215115
Woodruff	193948	-82.0349588	34.7392095
Klimusin	6866897	22.8949870	51.0979184
Koumassi	3377741	-3.9543551	5.2980164
Sobawiny	4266459	20.2995537	51.4202625
Straughn	127328	-85.2905649	39.8080005
Boncourt	1685574	7.0043208	47.4851696
Oudwoude	2641806	6.1191285	53.2972965
Dominowo	3998589	17.3542779	52.2955527
Elvaston	127061	-91.2496822	40.3963445
Bronisze	7247218	22.4340150	54.2732171
Chrustne	5577540	21.9799872	51.6128005
Oroville	237951	-119.4351403	48.9364665
Oszkinie	6808957	23.1905775	54.2298454
Charroux	224148	0.4003013	46.1391220
Szaflary	4574288	20.0257872	49.4212330
Westmere	175547	-73.8719768	42.6900310
Magūnų seniūnija	3409579	25.7662779	54.8898039
Wojnowce	6844124	23.6957692	53.3924792
Skotniki	4604773	19.9212841	51.2134912
Krasnoye	4219807	39.5630478	46.7369952
Kozatske	4666449	33.4624655	48.3358042
Petrovka	4591038	40.2654334	50.5280943
Krasnoye	4297031	39.5830410	46.7321550
El Vivero	2104125	-6.2998670	38.9348898
Krasnoye	3532691	39.1521223	44.1436979
Zmeyevka	1998272	54.9356267	57.1657769
Kozbunar	6882053	22.5016405	41.7389447
Mokrievo	6868981	22.8393081	41.3739424
Krasnoye	3248686	29.8259774	46.6480242
Kvitneve	4763335	30.8488454	50.5299707
Sudakovo	1360998	37.7466214	55.3623633
Birg'alik	3933819	69.3399257	40.9782024
Petrovka	6745041	46.3585079	54.3862546
Budzguri	2646035	41.6952704	43.1027992
Mamonovo	1667817	37.3162397	55.6865492
Kozatske	3946998	37.9802332	47.2342880
Gondoriz	4648459	-8.3960830	41.9046177
Northome	137070	-94.2625302	47.8750565
Za Rodinu	5503214	37.1085402	45.3504810
Aranzazu	410728	-75.4613817	5.2791449
Jakać Borowa	7073719	21.9286960	53.0261730
Szerokie	6096722	22.4850313	51.2568021
Winzerla	3424148	11.5755493	50.8893785
Woroblin	6782221	23.3677632	52.1924166
Skotniki	6545077	21.6397090	50.6161713
Tri-Lakes	127288	-85.4816608	41.2218639
Chwałkowice	6109445	16.6187934	51.4476270
Sawmills	177417	-81.4765484	35.8119683
Jaworzna	6034103	20.4842135	49.7458551
Kocurany	2225981	18.5394835	48.7654834
Seevness	3557711	-8.6268618	54.1827297
Foxcover	2502286	-6.4057502	52.7228264
Crosshue	2457735	-6.3702782	52.4524276
El Vivero	7350163	-6.3926895	39.4717685
Oldcourt	6190175	-8.5978980	52.2286618
Tithewer	4127768	-6.1726461	53.0916601
Tomcoyle	2301761	-6.3350479	52.6185991
Poulmarl	3131333	-6.6466510	52.3269231
West Hill	7174362	-3.3206508	50.7374935
Oldcourt	4801056	-8.3836487	51.8632804
Doohatty	5671248	-6.7364534	53.9635894
Toortane	4710706	-7.1501735	52.8611451
Oldcourt	4236361	-7.0104203	53.3585362
Orkucany	7227064	21.1126028	49.0880427
Oldcourt	3168480	-6.7450939	52.4027434
Tomcoyle	2518286	-6.2961819	52.7560298
Oldcourt	5966548	-8.5602310	51.6663213
Rossmeen	4664621	-6.8092128	53.7376711
Corvally	5346701	-6.9246487	54.2784537
Shelvins	5345589	-6.8900762	54.2810024
Vernegly	3434326	-6.7710801	52.2225066
Oldcourt	4554429	-6.7176657	53.0320168
Munville	2922824	-7.4364100	54.2676229
Cartrons	2438904	-7.8027595	53.6253056
Carntown	5261114	-6.3479588	53.7548908
Tomcoyle	4533899	-6.3923698	52.8287179
Clondoty	5445191	-7.8320523	52.7391432
Oldcourt	4640131	-7.0209654	52.9371850
Youghals	5417906	-8.8849787	51.6154738
Gosforth	6058588	151.4898651	-32.6515686
Steudten	2827905	12.8006273	51.0190190
Oldcourt	6368019	-8.1955755	52.0034056
Seamount	2900750	-6.2305799	52.6397588
Derryhoo	5749822	-7.3760390	54.1117544
Clonosey	5749779	-7.4000106	54.0946340
Derryroe	6175261	-8.9261161	51.9374760
Boulcott	3201635	174.9267853	-41.1992383
Terrenew	5469424	-6.8677056	54.5053673
Old Court	4660786	-8.8606328	52.5269844
Coolyroe	6117515	-8.9663644	52.4093017
Rumburgh	4804736	1.4625664	52.3834308
Donovaly	2265250	19.2333743	48.8728357
Duryhole	5296023	-6.4207717	53.8049440
Eversten	3677214	8.1714921	53.1253166
Roscavey	4689223	-7.1726001	54.5218952
Drumsill	4501255	-6.1333102	54.5079177
Yalymboo	6249448	136.7554867	-31.7191435
Oldcourt	3272370	-6.9608519	52.3494871
Lisfinny	5846986	-8.0128565	52.1025588
Meenross	6224387	-8.4924041	52.9231969
Paterson	6059198	151.6083282	-32.5842550
Mullaway	6063698	153.1952188	-30.0845354
Willowie	6384291	138.3489047	-32.6975382
Templers	6582871	138.7431919	-34.4724933
Houghton	7378302	138.7577991	-34.8294186
Sulkovec	431275	16.3107768	49.6126726
Branxton	6058922	151.3636807	-32.6415641
Tirmonen	2925130	-7.6724887	54.2085043
Brzoziak	6880827	19.5808705	53.3537221
Szerokie	6898795	19.5619800	53.3008185
Cienkusz	6891891	19.5543869	53.2192606
Swinford	6678071	-1.1699037	52.4135430
Syresham	59732	-1.0731751	52.0698387
Whashton	7793673	-1.7796827	54.4428998
Na Cegielnię	6880840	19.5505099	53.4327973
Cartrons	2338572	-7.8227297	53.7358220
Srahenry	4111758	-7.3675448	53.5021692
Swerford	4271490	-1.4547651	51.9774040
Derryroe	3999624	-7.4205755	52.9552416
Houghton	1022678	0.6575939	52.8270541
Houghton	2962386	-0.5784373	50.8887460
Oldcourt	5308547	-7.3062704	52.3873022
Winsford	2663683	-3.5904498	51.1038138
Liskeevy	5574371	-8.9323935	53.5962025
Souldern	4182597	-1.2580690	51.9743339
Firsdown	5471837	-1.7186111	51.1042208
Alveston	3576064	-2.5221711	51.5763978
Oldcourt	5373110	-7.0372967	52.4816066
Orkucany	2277087	21.1198983	49.0877282
Kovansko	434545	15.0702814	50.2059460
Horní Olešnice	430252	15.6745382	50.5295934
Clonassy	5323225	-7.1903986	52.3555065
Le Crotot	7137483	3.8241008	47.5061060
Kotelsko	426574	15.2957936	50.5533998
Monintin	5684238	-6.9676269	54.1330583
Corvally	5644962	-6.9046797	54.2008439
Drybrook	5964182	-2.5156453	51.8498096
Blewbury	76962	-1.2431910	51.5635234
Thorndon	4857367	1.1475687	52.2690165
Foxcover	5170627	-7.3901556	52.5827420
Cartrons	3371987	-7.8390596	53.3795058
Vila Pery	5522200	-38.5804003	-3.7884964
Lisfinny	5577413	-8.1323245	53.1933376
Santa Mônica 3ª Seção	7318736	-44.3095303	-20.0696573
Corvally	4283096	-6.2332184	55.1519384
Drumrone	5617518	-8.1972908	54.6908564
Oldcourt	4520833	-6.1142720	53.1917551
Horní Bohušice	427924	15.4073291	49.6854202
Oldcourt	4594991	-6.9790101	53.0414852
Nový Dvůr u Žihle	425737	13.3287296	50.0644524
Protivec	436675	14.0875849	49.0763869
Macourov	434224	15.7202107	49.6284566
Radinovy	424640	13.3114981	49.3242897
Krahulov	430126	15.7988826	49.2212417
Županovice	435486	14.3033034	49.7123580
Toortane	5846993	-7.9638880	52.1259309
Rollesby	1022488	1.6242385	52.6832299
Brigtown	6192956	-8.2640710	52.2625463
Kanovsko	432948	17.4201497	49.3865970
Doubravy	431715	17.6714389	49.1511341
Dromdour	5988313	-9.5902350	51.7558422
Winsford	1434434	-2.5224022	53.1918901
Corvally	5668279	-6.8446529	53.9964674
Prievaly	2203782	17.3470873	48.5600260
Oldcourt	4142883	-6.4759932	53.1745907
Chlistov	424711	13.3646726	49.3216906
Avenbury	6304138	-2.5141108	52.1631217
Northill	4076174	-0.3125924	52.1082342
İçören Mahallesi	6702049	32.7375081	40.2313856
Oldcourt	5959583	-8.3242966	51.8742686
Vila Toti	7734144	-47.8427492	-23.0542017
Oldcourt	5378560	-8.2025612	52.9899570
Corranny	2098292	-7.2711969	54.2495835
Hurriyah	2964705	44.3203261	33.3533090
Oldcourt	5867837	-9.3133820	51.5276598
Lismanus	5386055	-6.4454477	53.8167606
Rossduff	5651837	-7.0159575	52.1982661
Kilcumny	4208886	-7.1876465	53.6300080
Oldcourt	4552100	-6.3354498	53.2672242
Drombrow	5989289	-9.4088456	51.6987990
Derryhoo	5752310	-7.4510066	54.0703723
Moydough	3297592	-8.4963983	54.0008568
Tirearly	5280482	-6.7186060	54.3408502
Muntober	5437210	-6.8477220	54.6748628
Derrimut	2423087	144.7712189	-37.7965809
Bronisze	4105357	20.8384033	52.2150593
Podszkle	4582004	19.7944882	49.5163412
Woolwich	5644641	151.1699273	-33.8393775
Remerton	119381	-83.3083222	30.8437015
Skotniki	3231957	19.8623636	50.0147623
Woodruff	198973	-111.1640657	41.5210934
Houghton	129128	-91.6111312	40.7845763
Kondraty	7429389	22.7133205	50.7555241
Strzelce	4404547	19.9389681	51.3593516
Pommiers	1769944	1.6581976	46.5185510
Sufczyce	6519337	21.0768755	50.4750858
Gary City	6603599	-94.3778495	32.0306370
Rakwa Tso	5986519	96.7895613	29.4552004
Dzianisz	4581809	19.8559153	49.3295530
Moulines	973314	-1.0443651	48.5489305
Pławna Dolna	7609552	15.5863076	51.0596508
Interior	194946	-101.9796175	43.7265953
Pommiers	406298	4.6910920	45.9581008
Silstedt	4008415	10.8528037	51.8454402
Szerokie	2415328	22.4751433	51.2507947
Boncourt	276972	1.4654243	48.8444963
Primstal	6250372	6.9866485	49.5364434
Strzelce	7741174	22.2273134	51.3001452
Gondoriz	4168830	-8.3007394	41.7420060
Polichty	6105203	20.9038724	49.8169409
Stirling	5341508	149.0497716	-35.3492331
Strzelce	6519311	21.0327881	50.4756378
Zhuravka	5926340	40.2552433	48.9223736
Boncourt	1140177	5.8288827	49.1703641
Terrazas	5339044	-55.9508028	-27.4178879
Fort Pond	3188038	-71.6869655	42.5233679
El Rastro	5845829	-86.2911946	12.1617540
Graywood	1273754	-81.3490648	28.5234465
Petrolândia 2ª Seção	5420832	-44.1095660	-19.9286616
Montinho	6303964	-8.4931911	41.4243898
Manzana 15	6036493	-75.7472856	4.8016904
Haut Bout	1850865	1.9189988	48.5254684
Kilómetro 78	7565234	-54.4526073	-26.9378486
Om Vihar V	3757102	77.0481726	28.6277596
Urkos tv.	2029379	23.8932656	55.1819810
World Spa	3745736	77.0580743	28.4596641
Moirones	4180436	-54.9852976	-31.6048423
Pommiers	908957	4.0775499	45.8327858
Suchy Las	4100779	20.8467548	52.1348083
Mykolaiv	3830901	24.0095716	49.5201461
Šiaudiniškiai	6912261	22.8638460	54.6634596
Nowy Dzików	5436281	22.9933765	50.2302956
Clipston	198502	-1.0537458	52.8983364
Solsdorf	3579772	11.1601423	50.7149805
Boncourt	74846	1.2940037	49.0186809
Verziere	6649607	9.1965820	45.4630510
Spejlsby	7510154	12.3265641	55.0116515
Curl Curl	5653140	151.2909703	-33.7702550
Norvydai	7481040	22.8227211	54.4386697
Brunyola	348895	2.6646814	41.9125025
Bolsover	108323	-1.2562130	53.1969460
Morentin	346821	-1.9988256	42.5994135
Vrijthof	2834557	5.6884976	50.8491225
Strzelce	6252452	17.3233202	51.2892785
Maudutis	6783126	21.8932563	56.0706244
Krakinys	5436502	26.4677081	55.4717055
Kuojinis	6978651	25.9082997	55.8967991
Mrizigue	2880005	-7.1382402	32.8436342
