Wancourt	224368	2.8555600	50.2560156
Lespinoy	1176743	1.8700020	50.4270964
Mauvilly	148043	4.7092441	47.7098284
Heyrieux	138739	5.0587109	45.6275258
Uzhhorod	2692232	22.2713947	48.6189934
Montcuit	1071170	-1.3486606	49.1171315
Postroff	122418	7.0770496	48.8546844
Singrist	1136080	7.3856815	48.6693425
Tromborn	2442882	6.5979272	49.2603682
Tromarey	610899	5.7236292	47.3370790
Vauchoux	1281094	6.0299872	47.6554641
Voinsles	1359191	3.0130038	48.6808388
Vroville	935144	6.1669159	48.2918879
Villotte	940074	5.7696107	48.1063051
Avocourt	2965648	5.1414621	49.2046598
Mongausy	125394	0.8213334	43.5005002
Serrigny	2004306	3.9081671	47.8318443
Ortillon	2997983	4.2369196	48.4944882
Courtoin	2944346	3.1109240	48.1224809
Saint-May	2886760	5.3274650	44.4241949
Arjuzanx	1373182	-0.8478484	44.0169974
Guazzora	43987	8.8517610	45.0138198
Seyresse	75888	-1.0597580	43.6810332
Plouguin	546987	-4.5911671	48.5292071
Domeyrot	118575	2.1432318	46.2478283
Persquen	112626	-3.2171478	48.0131034
Paucourt	165340	2.7896889	48.0424008
Courteix	2930481	2.3469720	45.6444382
Monterey	112336	-121.8871300	36.6114267
Meyrueis	283798	3.4382020	44.1721936
Souanyas	2913446	2.2848234	42.5491875
Iznalloz	341278	-3.5645984	37.4211573
Norstedt	1415326	9.1270120	54.5958995
Martonyi	1317823	20.7739450	48.4782692
Husillos	342266	-4.5346948	42.0851384
Felsőregmec	1432028	21.6009514	48.4913110
Soverato	39700	16.5301481	38.6927351
Torgelow	1410801	13.9819818	53.6407742
Gosztola	1311799	16.5326453	46.5816022
Sopuerta	343778	-3.1703685	43.2548195
Nébiélianayou	5705430	-2.3907523	11.8423260
Pasvalys	2461317	24.3970789	56.0591798
Gulfport	3884324	-89.0657925	30.4209920
Korouhev	441885	16.2609253	49.6587554
Portneuf	7715904	-71.9920602	46.9934684
Haut-Ntem	3346175	12.4731669	1.7640882
Guchin-Us	7297918	102.3554775	45.3329072
Gogounou	2850527	2.7291498	10.8516477
Tuzantla	5606569	-100.6049625	19.2240505
Luis Moya	5605988	-102.2535627	22.4345757
menderes	1269196	27.1068903	38.1478219
Teublitz	962125	12.0990738	49.2338860
Stettlen	1682675	7.5237216	46.9563199
Csákánydoroszló	1131495	16.5078791	46.9723209
Zuidhorn	404089	6.3626139	53.2744904
Markotabödöge	1483307	17.3034217	47.6777508
Huslenky	437107	18.1114273	49.2941280
Okrouhlo	442267	14.4469201	49.9147271
Obrzycko	2860514	16.5301048	52.7020001
Obrzycko	2611095	16.5301048	52.7020001
Nepolisy	439102	15.4614378	50.1979552
Balotaszállás	1130348	19.5928786	46.3240475
Manazuru	2689437	139.2482994	35.1432858
Resolute	6002501	-94.8791855	74.7117170
gmina Żarki	2422064	19.3451970	50.6365765
Sidomoyo	5615576	110.3183030	-7.7601232
Toyoyama	4567484	136.9171303	35.2506660
Mezőkovácsházai járás	2374447	21.0150641	46.4083884
Kiyosato	4069563	144.6069828	43.7420395
Vanylven	406862	5.6566024	62.0874857
Polevsko	439004	14.5304517	50.7870789
Forstern	934759	11.9757398	48.1814197
Winooski	199051	-73.1849042	44.4952323
Ferencszállás	1025070	20.3547986	46.2090201
Sulislav	438949	13.0705464	49.7530501
Johnston	7670016	-71.5159766	41.8285455
Monterey	206931	-79.5803601	38.4121805
Montmaur	556898	5.8800026	44.5762323
Ivyanets	6722711	26.7335521	53.8885549
Star City	1703084	38.1143098	55.8772120
Bretzwil	1683630	7.6510766	47.3945041
Lac du Fou	1564080	-73.2626120	47.1822414
Lac du Nom	932783	-78.5989743	47.3205634
Lac du Fou	1482364	-72.8908026	46.7866174
Rush Pond	1854985	-55.3669762	47.1665963
Twin Pond	1766425	-53.1216530	48.4525673
Storrtjørn	6359685	9.3697925	59.6895223
Strassen	407944	6.0583759	49.6319220
Lost Pond	1945816	-56.7118069	48.5632248
Shymkent	1763399	69.6385235	42.2940788
Peruvesi	911938	26.5486934	61.4779645
Lilla Bällsjön	2295782	13.2104844	56.8757107
Twin Pond	2244698	-74.9422907	43.7084997
Sasinowo	6990582	16.9066876	52.2683275
panský rybník	6690586	15.2123016	49.5281615
Cruzeiro	298459	-45.0178669	-22.5617352
Oliveros	6972736	-60.8535412	-32.5768452
Rovatnet	5719777	9.0318795	63.2613294
Pożarzysko	2922752	16.5551282	50.9453139
Czarnowo	2775532	20.7740260	52.4801185
Vukovina	5634985	16.1106569	45.6786024
Porto de Mós	6548216	-8.8228323	39.6043279
Pierusza	5975562	16.7485486	51.4156755
Hyvatnet	5698842	5.8078168	61.5937449
Orvatnet	5839595	10.5814993	63.8262797
Zakrzyce	5951731	16.7808570	51.1157974
Szczepki	6824732	22.9750049	53.9571564
Plottier	2684624	-68.2705553	-38.9401086
Szymbark	6817832	19.4836539	53.6519731
Montones	4468441	-65.9005576	18.1564935
Filzmoos	975861	13.5137152	47.4511890
Tudun Iya	3711835	7.3619654	11.3289170
Yankuzo B	3707109	7.1299825	12.0247539
Saugeen 29	7489204	-81.2935320	44.5616608
Muntsira	3710673	8.2258897	12.1807966
Lost Pond	2405200	-73.6265616	44.1065415
Listikot	6779805	85.8697019	27.9293616
Hupsekot	6075538	83.9776836	27.7379114
Lac du Roi	1271099	-73.0169021	46.4799766
Listowel	7029781	-9.5428557	52.4583486
Zaluznje	7247745	21.9121464	43.0536022
Swan Pool	7636032	-2.8778655	52.2564529
ež Skarblys	2673265	25.5383224	55.2985222
Swan Pool	1316497	-2.3254576	52.1098422
Lac Suzor	1475851	-74.3949958	47.9340757
Sumgayit	3912206	49.6341688	40.5872983
Monterey	1839556	-73.2262048	42.1904660
Twin Pond	7041951	-73.3619165	42.4531563
Duninowo	6432405	16.8238003	54.5332691
Korkliny	6802054	22.8087426	54.1076473
Zuidhorn	1465197	6.4132502	53.2398213
Podsutki	6839042	23.5125527	53.5792195
Johnston	192206	-81.8027539	33.8324790
Port Erin	1032811	-4.7539420	54.0901043
Porto de Mós	5399206	-8.7875885	39.5584049
Gytsjerk	2645799	5.8890252	53.2401976
Saltskor	6262888	4.8065953	61.1942194
Zagli bay	5462705	106.9359916	53.0357921
Iholuoto	7825739	22.1561740	60.3430095
Zaborowo	6860397	22.4589876	53.4948441
Gulfport	1216712	-82.7127230	27.7461970
Kowalowo	6202736	16.6620917	51.5556677
Johnston	128656	-93.7039794	41.6920090
Juraszki	7100743	23.0675548	53.0217453
Konjukhy	3167072	25.0638632	49.5606694
Srebrowo	7087280	22.3215231	53.2094669
Vai-Volta	6138307	-41.8600284	-19.3455076
Cruzeiro	5349606	-45.0178669	-22.5617352
Zavolzhe	3382122	43.4014847	56.6350549
Monument	112996	-104.8600030	39.0784801
Vilusi küla	351707	26.9431352	58.8819191
Tohvri küla	351164	22.4939242	58.7169549
Norrby küla	350770	23.3369302	59.0219064
Mamouros	6338933	-7.9465971	40.8459855
Travasso	6017826	-8.4945498	40.5947106
Iruste küla	351698	23.0246119	58.5081870
Tohvri küla	350911	25.3357955	58.3823101
Star City	1029140	38.1143098	55.8772120
Trohanny	6964643	-6.9213112	53.8651096
Doon West	6807542	-8.3094703	52.6512902
Vintri küla	352856	22.1938110	58.0394752
Sufczyna	6854769	22.4730979	49.7333078
Szopinek	6046601	23.3139117	50.7257188
Osowicze	7097846	23.1167190	53.1797559
Rivnopil	3943127	37.2342590	47.5552216
Monument	189154	-77.7011102	41.1094060
Zastocze	6853212	22.8490306	53.3008986
Czarnowo	6863322	22.2097740	53.5572383
Szymbark	4512677	21.0980792	49.6214064
Mooreton	181427	-96.8760061	46.2669100
Rivnopil	3946794	36.6980639	47.7867120
Tamzoura	6535219	-0.6480902	35.4391470
Wielgorz	6797801	22.4841455	52.1565826
Synkowce	6832674	23.4989892	53.6021539
Targuist	2470156	-4.3303777	34.9422028
Brussels	2404021	4.3672017	50.8440414
Strassen	1019881	12.4921792	46.7583740
Star City	238672	-79.9863767	39.6589125
Kvitkove	3167038	24.9324380	49.3128475
Regenfußmühle	7458939	11.6599164	49.2118272
Gorskoye	6842648	38.7316096	44.3865171
Zmiinets	4275829	25.3003062	50.7592297
Vetersko	6800935	21.6976137	41.8195518
Borisovo	6868982	22.8239900	41.3740712
Pomenovo	6806504	21.6556494	41.5172859
Morodvis	6857679	22.4152211	41.8406006
Mogriguy	5807430	148.6531410	-32.0678390
Hurskoho	3624731	35.0302629	47.9544509
Cruzeiro	3359467	-47.9379553	-15.7907168
Runnells	128659	-93.3605157	41.5137004
Matsloot	1429419	6.4776687	53.1919080
Zastocze	3600314	21.6588036	51.2985341
Monument	186804	-119.4228404	44.8201139
Piątnica Włościańska	7085456	22.1087639	53.1878018
Bieniędzice	3424081	20.9196791	51.4009949
Brussels	126065	-90.5888924	38.9479610
Star City	111100	-91.8403082	33.9407550
Zwiernik	6883780	21.2122325	49.9407982
Zaborowo	6897485	22.1186362	53.3274843
Notėnų seniūnija	3613430	21.7318670	56.1180215
Montegut	131890	-90.5633065	29.4676685
Monterey	197259	-85.2596160	36.1387070
Humeston	129020	-93.4971466	40.8621299
Muratove	4714476	38.7384298	48.8028150
Corvoley	6072871	-9.4170003	54.1822859
Rusheeny	3570939	-9.3601790	53.4028413
10e Pickmy	391977	-72.8802624	18.7423851
Corrower	5714333	-9.0822873	54.0754270
Newstone	4728029	-6.6686649	53.8641243
Mulmosog	5633099	-8.3809364	54.7212230
Moyriesk	6229138	-8.8706759	52.8447040
Drumcrow	5571822	-7.5202876	54.8815780
Drumcrow	5745468	-7.2418391	53.9958183
Cruzeiro	5535108	-43.4271058	-22.7774128
Rusheeny	5614202	-8.2980401	53.1724906
Monument	6301763	-9.6086413	52.4082407
Rådmansvången	3050083	13.0028950	55.5940100
Skumparp	3050090	12.9660285	55.5356779
Cruzeiro	4601794	-35.9024426	-7.2494930
Trohanny	4730423	-6.9059242	53.8516096
Ring West	5129944	-8.4295693	51.7027591
Cruzeiro	1982193	-40.8940918	-18.7567495
Loughros	5586993	-8.0046397	54.3049372
Untzilla	6879769	-2.5364651	43.0455128
Mollyroe	2385696	-7.7630660	53.6621750
Coolturk	5614582	-9.4213421	54.1069594
Twenties	5242740	-6.3558624	53.7417311
Clonross	4516821	-6.5535870	53.4949840
Catstown	5265776	-7.2682421	52.4384098
Moyriesk	6229137	-8.8824742	52.8461266
Listowel	6243036	-9.4851643	52.4474492
Zhukovka	3007111	36.6250053	45.3719515
Doon West	6269991	-9.6723019	52.5201548
South Arm	6063788	152.7004861	-30.6963755
Murringo	6074596	148.5400276	-34.2998209
Mon Repos	5339556	152.4387347	-24.8052385
Crossogs	5583972	-7.8929591	54.9296690
Drumcrow	5467439	-6.6694104	54.5022946
Cruzeiro	3408782	-43.9284130	-19.9442588
Keoltown	4143504	-7.4124195	53.4938020
Heythrop	4273119	-1.4822503	51.9456769
Cruzeiro	5283441	-48.4840893	-1.2967440
Cruzeiro	5418136	-44.1491157	-19.9829291
Cruzeiro	4629636	-40.8276799	-14.8374958
Grimston	1022308	0.5381949	52.7666457
Cruzeiro	7303921	-51.1396898	-29.1742655
Swanpool	2552520	145.9899948	-36.7746951
Grimston	6634333	-0.9823776	52.7840338
Lowparks	3266593	-8.3121671	53.9774645
Sorgatto	3658743	-51.0300947	-26.7848961
Murlough	5571704	-7.5079359	54.8410805
Shrewley	2878924	-1.6763661	52.3092932
Grimston	5674658	-1.2517712	53.8681995
Skipwith	4824029	-1.0083627	53.8418170
Artulewo	6854776	19.9816323	53.2205287
Christow	3506156	-3.6701862	50.6452995
Skoranov	428633	15.6450481	49.8805749
Drumcrow	5737079	-7.3151542	54.0518809
Drumcrow	5661389	-7.1883635	54.1306486
Osluchov	428593	14.1821753	50.2499323
Nepolisy	427122	15.4511758	50.1980101
Collorus	5351876	-9.8470327	51.7679616
Murlough	5568209	-7.5411872	55.0004283
Dolní Světlé Hory	423760	13.6539978	48.9091485
Polevsko	430655	14.5304517	50.7870789
Malé Bielice	2186291	18.3305132	48.6331958
Kiltyroe	5906660	-9.5171591	53.8549328
Cruzeiro	3877765	-49.4169008	-26.2192608
Žloukovice	427903	13.9574863	50.0067744
Okrouhlo	435008	14.4469201	49.9147271
Frankův Zhořec	427535	15.9226005	49.3683568
Huslenky	430769	18.1114273	49.2941280
Chrančovice	423458	13.1522104	49.8440389
Kunštát na Moravě	431223	16.5268804	49.4978784
Sulislav	424047	13.0705464	49.7530501
Hlína u Ivančic	426312	16.4236213	49.1197766
Korouhev	433981	16.2609253	49.6587554
Drumcrow	3629177	-7.5729081	54.3291351
Cruzeiro	7198510	-49.5161994	-26.2692799
Cruzeiro	3340302	-49.1830203	-25.5451412
Cruzeiro	7223244	-51.2849505	-28.8177831
Cruzeiro	7037576	-44.0578510	-20.0344717
Hnidousy	431589	14.1215772	50.1725456
Polperro	5839692	-4.5294186	50.3442393
Maum West	3515954	-9.5747514	53.5274639
Drumcrow	5750765	-7.3763745	54.0725345
Uplowman	3244811	-3.4082591	50.9411430
Northlew	3933074	-4.1289516	50.7717456
Cruzeiro	5360694	-54.6033991	-20.4430956
Drumcrow	3663158	-7.4639210	53.9383208
Corryong	2592906	147.9554385	-36.1523592
Drumcrow	3404452	-7.3495805	53.9247460
Drumcrow	4235477	-5.9939711	54.9007028
Cruzeiro	3440345	-51.4756122	-29.1868954
Drumcrow	5011229	-6.7307576	54.8215340
Myrniong	2455495	144.3511328	-37.6203251
Cruzeiro	7389627	-49.0409492	-28.4971954
Drumcrow	5324269	-6.4947460	54.2268877
Nyah West	3108805	143.3346360	-35.1782600
South Arm	6070137	153.1760685	-29.5109108
Bargłów Dworny	6828542	22.8471027	53.7794245
Fiães do Tâmega	4179946	-7.7062089	41.6025374
Zastocze	7449926	21.9686567	50.9563701
Monterey	5661983	151.1474199	-33.9725322
Morawsko	6730209	22.6957619	49.9720566
Gulf Port	126136	-91.0867430	40.8068895
Millport	175922	-76.8365247	42.2684384
Zaborowo	4773810	17.1927494	51.6116109
Spurgeon	196087	-82.4601192	36.4433025
Rzuchowa	6106039	20.9283549	49.9496845
Sukowate	6972156	22.1873033	49.3337111
Kokuszka	4553667	20.7254933	49.4737571
Monterey	127503	-86.4820192	41.1564580
Zaborowo	6891882	19.6294965	53.2292779
Spurgeon	127750	-87.2589720	38.2553709
Prawy Las	6799543	22.7158999	54.2763038
Paprotno	3578410	20.7789381	51.5906195
Rio Douro	4175401	-7.9388254	41.5576330
Star City	127919	-86.5626663	40.9768279
Fouilloy	1331288	2.5058745	49.8881076
Ondo West	3718630	4.7687111	7.0331466
Cruzeiro	6015637	-8.5044299	42.0375583
Rådmansvången	4055476	13.1663400	55.6968068
Skyville	3730291	77.0499381	28.3820614
Ex Rowing	4833582	-55.8936054	-27.4007232
Mon Repos	1346164	55.3318423	-20.9932430
Villa Luz	2349215	-74.1083317	4.6829562
Cruzeiro	5997969	-8.4411112	42.0737802
Jardin III	7623035	-75.7131884	4.8076165
Cruzeiro	5768333	-8.3837534	42.0644241
Cruzeiro	6041884	-8.5425278	41.4105574
Cruzeiro	5998880	-8.4952162	42.0626287
Cruzeiro	5776446	-8.3655917	42.0775539
Cruzeiro	5998640	-8.4464219	42.0731305
Cruzeiro	6594869	-8.7008356	41.9603929
Cruzeiro	6594803	-8.6836651	41.9770564
Cruzeiro	6595348	-8.6965852	41.8855614
Portinho	6595162	-8.6755828	41.9470204
Glynwood	2019554	-81.5873167	28.5287610
Monterey	1279013	-81.3166698	28.5312204
Cruzeiro	5760079	-8.2643752	42.0913766
Prunetta	7677105	10.8053229	44.0068044
El Zorzal	2174685	-58.8318168	-34.4356670
Bezumnyi	4227988	39.2715500	48.5524469
Cruzeiro	6595241	-8.6551805	41.9233547
Cruzeiro	6013726	-8.5042196	41.9863397
Cruzeiro	5763182	-8.3408812	42.0336928
Cruzeiro	5764947	-8.3617508	42.0217216
Zaborowo	3499973	16.2838309	52.0051259
Esfuerzo	2620753	-68.1512936	-38.9302184
Fouilloy	1227117	1.8182686	49.7310734
Lotnisko	2305323	18.7761633	53.4676264
Monterey	130874	-84.8726712	38.4232510
Montmaur	1209837	1.8444812	43.3977004
Paprotno	6623527	15.8771225	54.2362914
Nowopole	6118331	20.7329844	50.2292344
Misungwi	5712717	33.0298826	-2.9563310
Pretzsch	2404179	11.9472766	51.0973211
Zaborowo	6802679	16.5678563	51.8197080
Stary Las	3963402	17.4175374	50.3790221
Ain Zouit	6543278	6.7934364	36.8992517
Solniki Małe	6257114	17.5287062	51.1491868
Plaistow	2996103	-0.5687992	51.0665619
Neuplatz	6995272	9.5152383	49.7606424
Pollerup	4135996	12.3716023	54.9934059
Ventasso	43085	10.2407213	44.3543775
Tarsouat	2888735	-9.0042065	29.5403487
