Wizernes	178176	2.2319658	50.7139080
Boussois	55157	4.0485161	50.2951442
Couloisy	1230277	3.0282663	49.3994939
Susville	252551	5.7635746	44.9281105
Vertault	146472	4.3181674	47.9273451
Voissant	74542	5.7056651	45.4808884
Pressins	184428	5.6319265	45.5270716
Servigny	1075002	-1.4766194	49.0904013
Gripport	2961576	6.2469714	48.4131634
Quassolo	45243	7.8281333	45.5248039
Guizerix	2554198	0.4546488	43.3222160
Oricourt	302248	6.3943992	47.5970545
Montcony	2002326	5.3023447	46.6967825
Moncourt	1150954	6.6375443	48.7188562
Voyennes	3359770	2.9819069	49.7693302
Merry-Sec	1804064	3.4920871	47.6635006
Roquedur	383458	3.6597092	43.9760383
Sequeros	339739	-6.0292378	40.5100021
Sisteron	186893	5.9435151	44.1992151
Goutrens	117206	2.3669838	44.4377989
Andrelândia	315199	-44.2526232	-21.7341954
Porlezza	46695	9.1183283	46.0281013
Turleque	347629	-3.6331090	39.5918208
Gesztely	1439554	21.0062139	48.1121698
Witzeeze	1467753	10.6010187	53.4576319
Utzerath	1085805	6.9240243	50.2237725
Ourizona	297511	-52.2320796	-23.4610000
Zonhoven	1245637	5.3712236	50.9874795
Montrose	254041	-107.8593109	38.4726495
Guitiriz	340424	-7.8229956	43.2137222
Versigny	153711	3.4459248	49.6569873
Courmont	2955874	3.5805610	49.1411892
Norovlin	7304533	112.0155467	48.5642121
Tuxtilla	6037856	-95.8659678	18.1906904
Quitupan	5606181	-102.8871613	19.7944045
Tiquisio	1335171	-74.2836411	8.4819143
Rosemont	5728807	-87.8666734	41.9867208
Loxstedt	1161995	8.5992975	53.4548811
Vigonovo	44829	12.0161996	45.3877010
Sistrans	83314	11.4700201	47.2283317
Kummerow	1427278	12.8395821	53.7836310
Cultures	284396	3.3793596	44.4898782
Humburky	439245	15.5198049	50.2264203
Sompolno	2705481	18.5000899	52.3935325
Li County	2110258	103.0826740	31.5570594
Otinoves	438274	16.8736513	49.4156551
Opa-locka	1216790	-80.2594964	25.8967338
Vodranty	441851	15.3339194	49.8931173
Csesztve	1370294	19.2850065	48.0172766
Li County	3560112	115.6459061	38.5014924
Gurziwan	6578772	65.2290521	35.6316872
Vojtanov	438944	12.3130037	50.1554247
Oryahovo	1922255	24.1264729	43.6718759
gmina Dąbrówno	2986643	20.0083911	53.4596422
gmina Choceń	2643808	19.0198174	52.4974173
Li County	3161357	111.7381380	29.6891846
Sulzthal	383590	10.0374685	50.1219842
Monmouth	186485	-123.2331932	44.8506590
Ponthaux	1683382	7.0462773	46.8170764
Grottoes	207018	-78.8264966	38.2700240
Li County	2697239	104.9598779	34.0619293
Itzgrund	956865	10.9043295	50.1323267
Quintero	110719	-71.4684316	-32.8446388
Stupniki	6923783	23.3181460	52.8847198
Koropets	3167079	25.1795879	48.9359286
Courmont	1580307	6.6477377	47.6118007
Montrose	188564	-75.8759806	41.8326799
Rozsadky	3945131	38.3501661	48.4305650
Vuilmuil	337063	4.1251612	51.2878348
Porovesi	1954067	27.1307672	63.5493003
Coronel João Sá	362554	-37.9357679	-10.2737128
Ourinhos	298375	-49.8573020	-22.9553441
Lopuznje	7484418	20.6546108	43.0886652
Mouronho	6553836	-8.0527449	40.2759489
Lystjenn	5339041	11.6022353	59.8135140
Ljustern	2698138	15.7250186	60.3358708
Powidzko	6205936	16.9597345	51.4359254
Kobyla Głowa	6407619	16.8767497	50.6527016
Kaszczor	3492875	16.1689137	51.9665183
Maćkowa Ruda	6814763	23.1699837	54.0571882
Bealgesáiva	7246843	24.0175501	69.4730218
ež. Baldokas	6022990	25.7638695	55.2019448
Whuntaku	3721480	12.7872596	10.8851198
Amsa-dong	3880870	127.1307863	37.5577428
Cañaquemada	2654681	-79.8127165	-3.2834882
Tistuing	4821538	85.0823924	27.6826296
Yosocuta	2582736	-97.8123625	17.7312855
Titi lake	5340907	83.6202067	28.6522333
González Catán	1751004	-58.6366558	-34.7658230
Gryttjen	2376415	16.3145407	61.7935895
Strendur	2527986	-6.7705483	62.1121578
Spot Pond	905638	-71.0958322	42.4560408
Stettler	4606810	-112.7218458	52.3229697
Luquillo	4467875	-65.7172171	18.3388000
Zaghir'ja	3166968	25.4133083	49.8768201
Monmouth	126031	-90.6459156	40.9126125
Kummerow	374182	12.8849753	54.3040105
Pontikos	812365	21.0667415	38.4554641
Isla Jéchica	5430102	-73.7817180	-44.4181368
Bahía Anchor	6433376	-74.3852049	-50.9324807
Bahía Pascoe	7025772	-73.8768103	-51.7257315
Tapa linn	351832	25.9609496	59.2505285
Fox Point	242247	-87.8997558	43.1547725
Żery-Pilaki	6797549	22.6638274	52.5885044
Crossett	6686175	-91.9648629	33.1258165
Rasquert	1468014	6.5264589	53.3713506
Rovensko	439434	16.8691175	49.9115485
Stolwijk	1371622	4.7573144	51.9711585
Tysiąclecie	2811523	19.1189217	50.8275744
Rootsi küla	355408	24.7355330	59.1451528
Shushary	356826	30.4600059	59.7589710
Los Pinos	3545840	-57.1190996	-37.0228115
Kummerow	317649	14.2344046	52.1382367
Rootsi küla	352804	22.5002200	58.9986968
Los Pinos	5970255	-60.5467755	-33.8767252
Los Pinos	3732714	-67.5413876	-46.4453533
Ourinhos	5684923	-49.8573020	-22.9553441
Los Pinos	4166457	-62.0068780	-33.7239551
Leśna Dolina	4109534	23.0905973	53.1362691
Los Pinos	3299803	-4.0774744	37.1836580
Los Pinos	6066105	-74.7992958	10.9744848
Estêvão de Araújo	6126743	-42.4815568	-20.6230000
Toormore	6876638	-9.6900280	51.5133114
Rovensko	2203802	17.3716896	48.7184058
Poluvsie	2187778	18.6341782	48.8479278
Muckross	6864393	-9.5626376	51.9999454
Los Pinos	6425791	-59.0352209	-27.4444163
Remetské Hámre	2386762	22.1887511	48.8803081
Los Pinos	4813346	-72.3409668	-51.5377068
Rootsi küla	6452171	24.0097435	58.6867393
Krushevo	6441032	21.2459981	41.3602356
Pakostov	2322595	21.8250361	49.0965893
Uritorco	5299639	-64.2348359	-31.4005859
Los Pinos	5294191	-64.1410796	-31.3931840
Aghafin ED	5455805	-8.0810115	54.0665927
La Falda II	6687678	-68.9333316	-37.3952437
Płaczkowice	6552695	21.3959248	50.6904987
Rossburg	183338	-84.6385395	40.2803854
Rybynske	3943128	37.5786118	47.5795843
Plum City	251894	-92.1904814	44.6338615
Simonton	6586818	-95.9992215	29.6862744
Młynek Nieświński	4453774	20.4524045	51.2161555
Odporyszów	6115893	20.9149015	50.1536389
Orlynske	3946787	36.7652332	47.6509745
Montrose	135175	-83.8932013	43.1783260
Surulere	3720587	4.4129618	8.0955883
Surulere	3718200	3.3532587	6.4872014
Montrose	125849	-88.3810628	39.1641535
Rosemont	133205	-77.6214848	39.3308545
Skwirtne	4514592	21.1948184	49.4876233
Jaryszki	6580033	17.0185662	52.3299367
Sontseve	3942868	38.0322024	47.5397313
Trumbull	169649	-98.2739252	40.6802970
Moriarty	171241	-106.0420599	35.0087395
Montrose	129126	-91.4144685	40.5265660
Velisovo	6293906	40.6345883	56.2735307
Shtrbovo	6485689	21.1260022	40.9291042
Zhivojno	6501556	21.5976685	40.8993548
Rzhanovo	6503645	21.9729405	41.1620816
Rzhanovo	6476884	20.6877573	41.3907854
Primorsk	2646020	41.5221961	42.5874250
Tosinhos	6012835	-8.4520569	41.9950362
Mezhevoy	5943873	39.2520113	46.7720441
Montrose	137866	-93.9207927	45.0477095
Montrose	240075	-79.8154608	39.0659145
Szymonówko	7212312	19.8118190	53.8387448
Duchny Młode	7073756	22.0120360	53.0161755
West Ryde	5639573	151.0863765	-33.8064378
Carytown	141755	-94.3344088	37.2624835
Szyszkówka	6611427	17.9588778	53.4551282
Chojny Młode	7083385	21.9307319	53.1577431
Poluvsie	2225997	18.6341782	48.8479278
Osterley	6059193	151.7019209	-32.7239120
Toormore	6187536	-8.9956724	52.9282889
Toormore	6364738	-8.5413169	52.1104984
San Justo	5804042	-6.3723764	39.4793188
Tyberton	6306648	-2.9026148	52.0490575
Ždírec v Podbezdězí	427464	14.6231050	50.5166012
Townrath	5242738	-6.3276375	53.7452640
Tooromin	5851845	-9.0496093	53.8748792
CAR Center	7685683	-8.1319943	6.0399974
Toormore	6323166	-9.4229376	52.1186675
Dawstown	6167065	-8.6246690	51.9653904
Toryhill	6088076	-8.6938600	52.5365227
Remetské Hámre	2386739	22.1887511	48.8803081
Maulrour	6000406	-8.8221538	51.6885408
Jardim São José	6825649	-49.3918964	-16.6914945
Kinnewry	6364950	-9.3958840	53.7347145
Worlough	2303695	-6.3717948	52.6076614
Muckross	6362792	-9.5100454	52.0212122
Rathlust	5295941	-6.5393610	53.8172731
Jardim São José	3408836	-43.9923206	-19.9046824
Currauly	6203230	-10.3169533	52.1962562
Pakostov	2322562	21.8250361	49.0965893
Liscorry	5261074	-6.3692241	53.7498793
Dawstown	5708034	-8.6065021	51.9614653
Spamount	5482504	-7.5469056	54.7118353
Jacarepaguá	5520320	-43.4265929	-22.9449324
Toormore	4565121	-9.1571586	52.9586919
Toor More	4749369	-7.2854624	52.7901759
Somerton	6063787	150.6199934	-30.9434924
Mount Ive	6249595	136.0385868	-32.5105555
Tonmoyle	4020810	-8.8826377	53.5768205
Toormore	5838081	-9.6528026	51.5215415
Rous Mill	6070108	153.3822105	-28.8797893
Tunstall	7791626	-1.6729774	54.3597411
Westwell	4249416	-1.6850369	51.7894236
Lyrattin	5748080	-7.7670533	52.1810545
Los Pinos	5410126	-84.0932643	9.9250975
Los Pinos	4774736	-57.8492023	-38.2503429
Somerton	2885841	-2.7548574	51.0616099
Toormore	5998829	-8.4317392	53.2810667
Turville	3731302	-0.9163645	51.6147060
Somerton	4183956	-1.2684039	51.9519567
Coulston	5563713	-2.0774418	51.2731617
Quintino	7346408	-44.9312866	-20.1617414
Vodranty	427752	15.3339194	49.8931173
Humburky	434532	15.5198049	50.2264203
Dolní Vysoké II	426678	14.2893193	50.6079908
Winstone	6101782	-2.0602046	51.7829969
Lisoarty	4783046	-7.1899651	54.2112195
Somerton	4626752	0.6472284	52.1451866
Pernatty	6248871	137.4102223	-31.3957533
Scoulton	1022754	0.9239995	52.5722019
Vojtanov	424561	12.3215389	50.1647775
Woorndoo	3150001	142.9294058	-37.9139151
Toor More	5568450	-8.0925695	52.3134399
Newcourt	4517630	-6.0927986	53.1923081
Vorstadt	4676425	-49.0288182	-26.9087914
Portally	5651651	-7.0202963	52.1390959
Nové Hvězdlice	432984	17.0933572	49.2001799
Montrose	7828179	-113.4417609	53.5759049
Rovensko	423362	16.8691175	49.9115485
Dobřív v Brdech	3623675	13.7216073	49.7122904
Otinoves	431034	16.8736513	49.4156551
Tunstall	2433462	0.7206288	51.3190244
Westwell	2512502	0.8378909	51.1904790
Poynings	2870182	-0.2114398	50.8941587
Somerton	1022730	1.6625459	52.7205572
Tunstall	4743570	1.4651901	52.1469702
Gayhurst	5345240	-0.7706957	52.1089947
Cotitos R	4251103	-60.8681963	-32.9085020
Dolní Rápotice	434083	15.2403230	49.6430153
Fintully	5656185	-6.8207118	54.2114637
Samosoly	435577	14.8657917	49.2295114
Laysters	6186172	-2.6363030	52.2671723
Eyeworth	4078146	-0.1678434	52.0894240
Hauptort	7529192	6.8737734	51.8480263
Toormore	5551884	-8.2097575	53.1248143
Rovensko	2203784	17.3716896	48.7184058
Toormore	6072498	-9.3453951	51.5652697
Tuktukan	166722	121.0707939	14.5297864
Rocktown	4836272	-6.5751105	54.8162493
Somerton	2397984	144.9474916	-37.6338750
Montrose	2421675	145.3508500	-37.8106801
Maulrour	5999288	-8.9144982	51.6877103
Klimonty	6421868	22.5039269	52.1804113
Sturgeon	141382	-92.2811349	39.2328145
Piskorze	6109361	16.5749685	51.5088928
Monmouth	128839	-90.8821668	42.0754785
Montrose	119674	-83.1547050	32.5568745
Versigny	1084384	2.7838962	49.1600639
San Justo	342535	-6.6214177	42.1607213
Montrose	194872	-97.1840623	43.6972713
Montrose	206682	-77.3728686	37.5238046
Jos North	3720616	8.8929851	9.9421958
Los Pinos	4836609	-55.9183946	-27.3670333
Lockwitz	191609	13.8035527	50.9913467
Somerton	1542928	-117.7456052	33.7227156
Terminus	1346182	55.3181344	-20.9772606
Töyrynummi	190590	25.0040077	60.2700532
Woodmont	7510629	-122.3149102	47.3674037
Nathupur	3756467	77.1006877	28.4883191
Los Pinos	3909768	-60.7329595	-32.8797129
Rosemont	1179091	-81.4320941	28.6004594
Klosters	1653103	9.8927990	46.8656910
Rosemont	6641311	-122.0652805	47.6500534
Soutilho	6592647	-8.6075664	42.0475555
Los Pinos	7623686	-75.7344729	4.8027184
Troy Hill	6876698	-79.9836833	40.4617403
San Justo	5525752	-60.5901093	-30.7902301
Bražuolės I tv.	5710576	24.8950682	54.6846174
Rosemont	7295152	-82.2619393	34.7649580
Suncrest	2067982	-81.2379234	28.6018549
Los Pinos	2800703	-57.2418435	-34.4337814
Montrose	140545	-93.9827799	38.2583405
Vizmanos	347366	-2.4296913	42.0235024
Księże Kopacze	6074347	20.6541985	50.1611035
Woronora	1999991	151.0466613	-34.0238995
Yarumayo	1954579	-76.4546079	-9.9621680
Oji-River	3717226	7.3030228	6.1654932
Leśna Dolina	7206832	16.1444629	51.7374563
Montorio	339709	-3.7694481	42.5873401
Vårfru rote	1364206	13.1948900	55.6991684
