Mennevret	153343	3.5579470	49.9927181
Maninghem	2342818	1.9418950	50.5477498
Festubert	1159251	2.7369259	50.5421525
Westrehem	224378	2.3429294	50.5457698
Andeville	419550	2.1638837	49.2586910
Juvignies	158822	2.0899483	49.5221568
Vendeuvre	280608	-0.0745467	49.0069927
Obrechies	55185	4.0325124	50.2189931
Robersart	54816	3.6437153	50.1573112
Bourville	3007575	0.8230915	49.7955388
Pforzheim	62471	8.7198144	48.8742204
Lormaison	454722	2.1054708	49.2544756
Montberon	157030	1.4895636	43.7188520
Préserville	1225483	1.6357998	43.5187545
Moisville	3319514	1.1656270	48.8479016
Piossasco	43933	7.4611906	44.9829459
Montazeau	1630104	0.1353879	44.9014107
Arvillers	3358920	2.6328333	49.7306939
Walscheid	2379848	7.1948058	48.6153779
Freybouse	2379886	6.7787388	48.9989542
Kirviller	1999697	6.9825545	48.9599259
Holtzheim	75146	7.6466635	48.5570801
Laruscade	1795257	-0.3361246	45.1211494
Mancenans	111416	6.5442905	47.4638461
Gondrexon	2961282	6.7664797	48.6052941
Brouville	1780632	6.7525842	48.4903992
Ingenheim	375144	7.5266464	48.7342920
Remscheid	62455	7.2282713	51.1845335
Francourt	1191634	5.7311212	47.6530531
Châtel-Guyon	1022045	3.0702350	45.9213234
Sarangani	1513098	124.5967410	6.0051616
Lower Uele	192820	25.3770067	3.6646200
Rodrigues	3691784	63.4005023	-19.7245000
Betsiboka	6951071	47.2600709	-17.0957440
Iguerande	538864	4.0780748	46.2173989
Rochesson	117047	6.8185379	48.0193759
Chaptuzat	111756	3.1689304	46.0291253
Razengues	126996	0.9818289	43.6437085
Coulommes	1304437	2.9302452	48.8912531
Montargis	110100	2.7349741	47.9997912
Chassiecq	111313	0.3679883	45.9519577
Lasserade	124912	0.0597396	43.6295712
Arthonnay	1182638	4.2132729	47.9374638
Bressuire	337985	-0.4743747	46.8654273
Mondevert	139671	-1.0903622	48.0863249
L'Estréchure	2928171	3.7930550	44.1015603
Leurville	3202557	5.3804260	48.3374547
Nambsheim	84388	7.5584581	47.9415874
Montceaux	145098	4.8018891	46.0978708
Claveyson	76948	4.9348073	45.1736138
Gallardon	274209	1.6821600	48.5351262
Landelles	274188	1.1927276	48.4637267
Boisseron	76238	4.0778855	43.7533912
Prudhomat	124366	1.8087121	44.8966121
Tskhinval	2027318	43.9689405	42.2277185
Segonzano	46973	11.2863955	46.1941441
Montireau	2743016	1.0331929	48.4145774
Saint-Pabu	546990	-4.6184352	48.5622826
Chevagnes	2845044	3.5601670	46.6097836
Steinborn	1140559	6.6340646	50.0862337
Saint-Clet	399436	-3.1270249	48.6693830
Montoldre	2862770	3.4432124	46.3378011
Pouffonds	150370	-0.1127603	46.1986045
Pietralba	76000	9.1820540	42.5424168
Ogliastro	3226743	9.3480693	42.8214083
Haut-Mauco	75954	-0.5578138	43.8258447
Arbusigny	75194	6.2073410	46.0890721
Lantillac	145046	-2.6638907	47.9514656
Itapagipe	315382	-49.4297110	-19.7549440
Ibiracatu	314904	-44.1661355	-15.6485000
Couteuges	3065442	3.4968849	45.1836538
Allentown	188525	-75.4800779	40.5931045
Monsalupe	346250	-4.7890683	40.7694376
Longueuil	6948543	-73.4572243	45.5143867
Cermenate	45754	9.0832204	45.7009483
New London	4836510	-72.0964372	41.3312560
Montvalen	1548305	1.5920186	43.8561232
Bizzarone	46267	8.9437785	45.8358099
Cerignola	41120	15.9066981	41.2909988
Valmadrid	346628	-0.8794873	41.4449878
Mezalocha	345152	-1.0666046	41.4110899
Ebersheim	70097	7.4982420	48.3015917
Ponthévrard	1178973	1.9018709	48.5487955
Vallelado	344783	-4.4215605	41.3962417
Navalilla	342591	-3.9543121	41.3368675
Tolocirio	340108	-4.6276489	41.1370106
Heemstede	47662	4.6180738	52.3428257
Heemstede	47394	4.6180738	52.3428257
Valfenera	43736	7.9503334	44.8837700
Finestret	2858774	2.5153976	42.6067696
Carriches	339688	-4.4553431	39.9663688
Todenbüttel	548597	9.5669711	54.1389035
Wapelfeld	556096	9.6060304	54.0838237
Oldenhütten	548557	9.7351891	54.1537086
Morimondo	44710	8.9501989	45.3517001
Pioltello	45095	9.3230025	45.4874826
Cassagnas	1050410	3.7320892	44.2803978
Lomoviejo	344807	-4.9100577	41.1575085
Bassurels	960978	3.6043297	44.1627467
Canoinhas	296668	-50.6119286	-26.3050001
Baldellou	343500	0.5546873	41.9113932
Bouqueval	555205	2.4260170	49.0235250
Korweiler	1204713	7.4137996	50.1066390
Vallouise	74479	6.4000090	44.8232628
Bükkaranyos	1440881	20.7781270	47.9929777
Calamonte	346215	-6.3826204	38.8749753
Yibin City	2791229	104.7651669	28.5566979
Schijndel	271172	5.4452151	51.6213207
Le Fournet	172201	0.1104653	49.1997852
Lindewitt	1156031	9.2005133	54.6948646
Valduggia	45818	8.3506277	45.7360225
Pirkanmaa	1701741	23.7157134	61.7171466
Quasquara	2162124	9.0126750	41.9119655
Cersosimo	40197	16.3716591	40.0399948
Hollenbek	1476159	10.8229789	53.5886733
Sonthofen	156999	10.2994096	47.5056058
Spresiano	45986	12.2779459	45.7759632
Fortaleny	344271	-0.3176950	39.1789367
Villabate	39524	13.4422239	38.0785873
Ladenburg	454172	8.6192687	49.4733717
Melicucco	39625	16.0401160	38.4484073
Comignago	45838	8.5604770	45.7165685
Becsehely	1320772	16.7944711	46.4513603
Montmaneu	340381	1.3946545	41.6178648
Vescemont	114123	6.8633027	47.7538733
Casapinta	45471	8.1999018	45.6131226
Andelnans	118065	6.8682680	47.6016105
Liesenich	1269722	7.2606210	50.0819274
Sopotnice	440528	16.3508005	50.0562282
Oucmanice	440562	16.2785768	49.9881899
Karrenzin	449889	11.7926768	53.3306289
Paide linn	351723	25.5572156	58.8850285
Herrstein	1245138	7.3464475	49.7845352
Tiszakanyár	1453527	21.9595809	48.2397835
Berglicht	1258425	6.9636422	49.7912425
Virneburg	548057	7.0832138	50.3429486
Casalduni	41177	14.6919788	41.2597619
Arce/Artzi	340403	-1.3780489	42.8893955
Lingewaal	309697	5.0743635	51.8515813
Siderópolis	296544	-49.5662649	-28.5688907
Benetutti	40470	9.1567824	40.4403080
Nyklovice	441735	16.3371321	49.6041635
Zickhusen	1444878	11.3966035	53.7577337
Irineópolis	296572	-50.7701398	-26.3573360
Lübberstorf	1515756	11.7468401	53.8603559
Maikammer	1252416	8.1266449	49.3042332
Vallebona	42648	7.6698023	43.8212327
Kempenich	1050571	7.1086280	50.4146117
Itsasondo	346780	-2.1804587	43.0812830
Szentbalázs	1368085	17.9014978	46.3290849
Grisolles	2954328	3.3759470	49.1297907
Baigneaux	1375913	-0.1985647	44.7245165
Altenberg	455484	13.7840048	50.7750455
Fladungen	386919	10.1335598	50.5277801
Fronteras	5605795	-109.6177802	30.8302184
Jargalant	7302462	105.8002486	48.5324186
Jargalant	7302544	100.7480708	48.6382810
Jargalant	7304747	99.5798401	47.1060900
Aguililla	5605471	-102.7528728	18.7785005
Jargalant	7305540	99.4110135	48.5427225
Bayanzurh	7305548	98.7575245	50.2428884
Angostura	1343268	-75.3454163	6.8695288
Jargalant	7304935	91.7101080	47.9843853
Natividad	5999641	-96.4250578	17.3024195
Tajumulco	4479729	-91.9719528	15.0527899
Jargalant	7302221	104.4098721	49.0188544
Juan N. Méndez	6037707	-97.7487593	18.5406266
Kalideres	7409546	106.7015938	-6.1370058
Angostura	5605511	-108.1297070	25.2090520
Pehlivanköy	1835619	26.9599169	41.3947976
Shimamaki	4087880	139.9221160	42.7797310
Altay City	2752330	87.9131563	47.9320354
Patnongon	3279597	121.9658606	10.9630929
Sarangani	3304170	125.4149591	5.4209297
Šibenik-Knin	226741	15.6669224	43.7692711
North Kona	6520862	-155.8269540	19.7834127
Bardstown	130869	-85.4635639	37.8157135
Wenatchee	237797	-120.3238651	47.4239690
Gornsdorf	536009	12.8846941	50.7085981
Schimberg	2515178	10.1508571	51.2653320
Bertinoro	42902	12.1512729	44.1672222
Flossenbürg	1059451	12.3614026	49.7421271
Cortegana	348018	-6.9868416	37.8104303
Grazalema	346949	-5.3861226	36.7699828
La Roussière	557820	0.5841913	48.9655104
Catignano	41966	13.9624181	42.3491999
Bornhagen	2395859	9.9470172	51.3420878
Nirmsdorf	2856458	11.4745210	51.0852125
Ceneselli	43975	11.3675110	45.0229278
Bodelwitz	2179151	11.6193523	50.6820381
Seestermühe	443192	9.5439673	53.6930864
Vinohrady	428841	14.4581936	50.0760202
Benningen	958685	10.2216198	47.9651013
Kirchheim	88179	7.4898601	48.6051996
Ringstedt	1528133	8.8755160	53.5674193
Mohelnice	438316	16.9089325	49.7911012
Megesheim	962605	10.6617237	48.9397273
Twin Falls	121355	-114.4581226	42.5613187
Erlenmoos	2801245	9.9905298	48.0518934
Helmstorf	288961	10.5828354	54.2694419
Brentwood	112194	-121.7166602	37.9287991
Brentwood	187404	-79.9741160	40.3732704
Yanji City	2761940	129.3816768	43.1049720
Steenwijk	2695554	6.1303395	52.7925952
Bubesheim	964471	10.2532226	48.4268875
Venarotta	42220	13.4932114	42.8917055
Bashkia Këlcyrë	7700264	20.1751040	40.3617835
South Gate	3529457	-118.1878447	33.9381175
Salinópolis	185586	-47.3006783	-0.6632257
Ruderting	958108	13.4133325	48.6593158
Samaniego	344332	-2.6722672	42.5694231
Marquinho	297493	-52.2255014	-25.1225995
Garlstorf	310350	10.0770269	53.2277317
Domagnano	3012941	12.4857526	43.9512982
Wallstawe	1285572	10.9932851	52.7813581
Aarwangen	1682356	7.7659905	47.2353309
Sonneborn	2818248	10.5896422	50.9902597
okres Náchod	441794	16.1650381	50.4808910
Camarillo	112575	-119.0451979	34.2220562
Kerecsend	1418126	20.3346430	47.7817631
Gourbeyre	271958	-61.6797274	16.0054064
Harsleben	1352964	11.1060701	51.8614001
Obanazawa	4134752	140.4868784	38.5791675
Kagoshima	3962762	130.5579035	31.5229540
Baturetno	5615714	110.4169404	-7.8176537
Kalideres	5802274	106.6939055	-6.1443203
Fair Haven	2342161	-73.2678705	43.6041054
Flatanger	407245	10.6226784	64.5290918
Općina Grožnjan	6466288	13.7486054	45.3977064
Barre Town	4520825	-78.2128782	43.1741584
gmina Kock	3128121	22.4311820	51.6511545
El Moscoso	3995070	-67.0410236	-47.2193575
Nishiaizu	4174329	139.6435323	37.6588765
Shimamaki	4087883	139.9221160	42.7797310
Katashina	4196299	139.2865784	36.8370850
Kamikoani	4117447	140.3104647	39.9437460
gmina Kożuchów	2865856	15.5689913	51.7630545
Eisenberg	2906913	11.8565116	50.9686463
gmina Bojadła	2613221	15.8189655	51.9582228
Mutambala	5676379	28.9459811	-4.1650563
Kutzleben	2903166	10.8832400	51.2022122
Engelthal	966156	11.3981476	49.4735092
Lewisburg	188013	-76.8856537	40.9630867
Adelsdorf	1016518	10.8971631	49.7057849
Le Barroux	184015	5.0982744	44.1591342
Lomuvatka	4733658	38.5652203	48.4572749
Thierrens	1685163	6.7564741	46.7033767
Steinhöring	929926	12.0375962	48.0933143
Eiterfeld	454873	9.8186858	50.7651871
La Côte-d'Aime	131361	6.6642324	45.6061675
Cornelius	179854	-80.9005181	35.4733000
Gutenborn	2404546	12.1234049	51.0010963
Chmielnik	2922544	20.7551531	50.6114963
Le Tablier	166801	-1.3258482	46.5592216
Eisenberg	2778365	11.8936656	50.9622766
Witzleben	1177206	11.1264809	50.8222328
Ağdam rayonu	3795445	47.0717855	40.0235504
Blauwhuis	2659282	5.5312298	53.0203096
Wannefeld	3690804	11.4456345	52.4485613
Ammerbuch	2778907	8.9484619	48.5525889
Kaysville	198893	-111.9488313	41.0273717
Thielbeer	3680173	11.4906020	52.8559836
Lewisburg	238636	-80.4281534	37.8130535
Brentwood	196062	-86.7566688	35.9882530
Königsbronn	2792008	10.1088771	48.7451181
Coria del Río	341607	-6.0246668	37.2449606
Ludington	134824	-86.4461128	43.9565720
Chappaqua	174887	-73.7680332	41.1607465
Bad Saarow	1384831	14.0627059	52.2663869
Guttannen	1682465	8.3047534	46.6082373
Great Neck	174479	-73.7320089	40.8034209
Pedregais	4167444	-8.4753419	41.7026936
Grisolles	135952	1.2838220	43.8240196
Thornhill	130679	-85.6254232	38.2881870
Lavizzara	1684694	8.6522139	46.4127683
Troutdale	207004	-81.4415243	36.7021920
Hoyt Lakes	136656	-92.1168217	47.5603105
South Gate	133591	-76.6304131	39.1357936
Saint-Crépin	79872	6.6389181	44.7254384
New London	366146	-71.9908390	43.4281656
Montargis	1664511	2.7475764	47.8261790
Zemlianky	3586754	37.9122028	48.1311566
Lea County	1832198	-103.4380125	32.7909780
Marlinton	239930	-80.0886842	38.2317185
Giszowiec	2677850	19.0561558	50.2189674
Barnstead	365496	-71.2539199	43.3512076
New London	251605	-88.7373549	44.3993493
Schoonloo	1462118	6.7052327	52.8950243
Mtsamboro	3366532	45.0294129	-12.6462840
Pennsburg	187790	-75.4974928	40.3944721
Altenbrak	4008868	10.9342740	51.7240094
Allentown	170905	-74.5879685	40.1786680
Reeve Lake	3735707	-105.9405593	59.4741073
Gondosuli	3815141	110.2950711	-7.5582331
Vegotjern	6388376	9.7776758	59.6554221
Lac Kidney	7005848	-71.4887993	49.0171730
Lac Nargis	3134396	-74.2207096	49.1697834
Lac Mariol	2465314	-73.9304306	49.4776123
Lac Crochu	7000409	-70.2064104	49.2400108
Lac Savate	1944604	-70.5230444	48.6458687
Lac Chatou	196566	-75.6551598	47.9031284
Lac Vendin	1480595	-76.1962159	47.9982563
Lac Voynes	3101400	-73.9212139	48.7327994
Lac Vinard	2604859	-73.0940104	48.7948322
Poularies	7360201	-78.9535395	48.6467033
Lac Shortt	2601584	-75.8578954	49.6111695
Lac Plante	931700	-78.1978094	47.1249754
Lac Kearns	196440	-76.6248120	47.4964580
Easey Lake	4096254	-84.0559941	48.3960601
Drill Lake	3334380	-80.8101375	46.6937758
Løvdalsvann	4791213	9.0381999	58.7027500
Duplitjønna	5163545	9.9822198	63.0667348
Svorttjønna	5719783	8.9377706	63.2420564
Cloud Lake	1666465	-64.8890114	44.8611083
Shoal Lake	2563013	-66.1526983	54.2652871
Yards Pond	1758212	-52.9705349	47.1581487
Moose Pond	1849947	-58.2123001	48.6754534
Moose Pond	1869162	-55.9767116	49.1155287
Moose Pond	1836253	-58.8286850	47.8812861
Chain Pond	2044949	-54.2571351	48.5472045
Muddy Pond	1776679	-53.6428722	48.0389332
Muddusjärvi	2104383	26.8328828	69.0089062
Lake Ranau	7410655	103.9034473	-4.8857750
Lago Ralco	3944467	-71.4131046	-38.1119961
Shoal Lake	3398294	-95.0261508	49.5469352
Mayaguana	3775742	-73.4024744	22.5620930
Fragosela	6443618	-7.8523072	40.6273690
Inishowen	7034766	-7.3056791	55.1600690
Lake Tyers	2991879	148.1317888	-37.7939730
Seidozero	176834	34.8743228	67.8136289
Hyogo Ward	900545	135.1767752	34.6639779
Fiskmyran	6157568	18.4226224	59.2618750
Biestrzyków	6374570	17.0381336	51.0296145
Maashaven	1727547	4.4860804	51.8977966
Lough Talt	2381255	-8.9212552	54.0822625
Heřmanický rybník	1742779	18.3277973	49.8734504
Moose Pond	2911293	-74.5611161	43.9577617
Brodowski	298137	-47.6094130	-21.0450001
Ikuno Ward	358709	135.5429471	34.6495530
Asahi Ward	358684	135.5415583	34.7286685
He Wen Lake	3841299	115.9315237	29.6693549
Jeremoabo	363267	-38.5066807	-9.9805611
Klasnjice	6657861	21.9282238	42.5890916
Majidiyeh	7094646	35.5048546	33.8999341
Hagatjern	34265	10.0481191	59.7286345
Litletjørna	5196131	9.7070756	63.3098754
Antoniewo	6917109	16.4491893	52.8471035
Billingen	4548211	12.7917374	59.5315796
Sarvtjärnen	4442931	15.7589832	60.1544076
Holmträsket	54037	18.9949963	64.3100662
Vargträsket	2375632	18.6374883	64.2062383
Vassbukta	6283523	8.5315882	63.7020553
Litletjørna	6188109	5.1873947	60.6000841
Lommetjørna	6188111	4.9428366	60.7022710
Veslavatn	5938888	6.7734542	60.5410863
Szastarka	7485893	22.3293205	50.8594266
Andorinha	362217	-39.9085215	-10.2485843
Erlichsee	1984975	8.4961340	49.2695267
Czerwonak	5555595	16.9934832	52.4763492
Chyleniec	5781682	20.0903764	52.0330919
Heřmanický rybník	7852841	14.6000703	50.6586233
Marinópolis	298447	-50.8308750	-20.4855000
Buerarema	362518	-39.2790165	-14.9920000
Dankovice	6948918	21.2209936	43.1609593
Gluhavica	7475174	20.3811277	43.0658653
Vitkovice	7484336	20.5415571	42.9802569
Kalenovac	6325694	21.1337389	43.9978727
Dugojnica	6662559	22.1243792	42.6762004
Junqueira	5989550	-8.6795177	41.3800503
Eiras e Mei	4648481	-8.4742900	41.9274240
Junqueira	6022350	-8.3397032	40.8025763
Jalbotina	5364659	22.6276017	43.0401210
Stortjønnin	5226678	12.2140096	63.9547787
Holmträsket	57385	16.0006884	65.4256271
Dlugi Staw	2933372	15.0067540	52.1080650
Zborowice	6405936	17.1703048	50.8030064
Szreniawa	4623323	20.0632028	51.0691470
Gadzin Han	7251244	22.0332069	43.2302973
Lac du Goléon	1413541	6.3598302	45.0831122
Zabrnjica	6365677	19.3453191	43.5238146
Korpuajärvi	7712888	28.8280886	65.6884498
Porostica	7210941	21.7191677	42.8537449
Porostica	7204654	21.4680865	42.7618392
Grgurovce	7210847	21.7581739	42.8269956
Lomvannet	5437326	27.9483432	70.8204584
Grovannet	2192570	8.0057139	58.1963944
Ristenjávri	7205363	23.1679214	69.5703921
Stálonjavvi	7198482	23.2237734	69.0730208
Ristenjávri	7192420	23.1669221	68.9167361
Muotkejávri	7189364	23.2537085	68.6786360
Muotkejávri	7174284	22.2092175	68.9499882
Lake Goran	2259571	150.2193125	-31.2538470
Moose Pond	1928507	-68.9567484	46.2812268
Sidi Fredj	6663207	8.2316508	36.0761777
Los Indios	1807448	-97.7125623	26.0460905
Lolo Giris	3708102	3.6369917	11.6181335
Dangwanki	3703316	9.2807390	12.7458604
Kwakkwaba	3708091	3.7550460	11.7324039
Saint-Clet	7696244	-74.2232078	45.3438398
Davis Lake	7502283	-85.4322546	43.1448079
Penticton	2229870	-119.5746781	49.4892373
Lake Karpi	4616847	140.2325719	-30.8754650
Waldo Lake	1730152	-122.0458838	43.7242757
Lake Aspen	5298448	-121.4458897	43.8848316
Torso Lake	7822879	-121.8046581	44.3855871
Lac Sleeve	1468857	-74.2890575	47.1572238
Lotus Lake	3921373	-81.2482507	47.2903084
Peedy Lake	3825369	-83.2904978	47.3068853
Piano Lake	3914695	-81.9788280	47.0542026
Davis Lake	3408637	-80.6754064	46.9614450
Davis Lake	897033	-78.7103663	44.7920183
Kight Lake	1186509	-79.8945909	45.3136416
Hines Lake	944372	-79.8373926	45.2137281
Shoal Lake	1792178	-79.7713113	46.1509810
Southgate	7480380	-80.5965591	44.0988332
Davis Lake	1141395	-76.4398573	44.5127755
Ashby Lake	903116	-77.3478654	45.0910507
Lac Hughes	193904	-76.4516709	45.8527879
El Carmelo	3726427	-77.6196691	0.6667574
Amyoa Lake	1154163	-78.5339932	45.6407946
Abbey Pond	6791744	-73.0599170	44.0330600
Nhill Lake	1541462	141.6504071	-36.3384398
Freinberg	660037	13.5211126	48.5644809
Lac à Serpent	553118	-75.5835056	45.6295788
Lac Hughes	900174	-74.2504926	45.8059724
Saquisili	2660273	-78.6937063	-0.8351739
Davis Lake	122253	-90.6950520	47.9870349
Brant Lake	401838	-90.8656107	48.0719419
Aspen Lake	122487	-90.4113844	48.0424583
Fairhaven	2396245	-70.8416302	41.5987527
Moose Pond	2405991	-74.0843761	43.8749810
Lac Hubner	553104	-75.7210034	45.8389688
Sozoranga	3643618	-79.7666715	-4.2568081
Davis Lake	3173654	-65.6687367	44.0661498
Moose Pond	2258414	-62.6374884	44.8375456
Cloud Lake	4134338	-124.7846729	50.2450329
Davis Lake	2913281	-120.7314757	49.8617797
Pine River	2911020	-122.2867107	55.6107183
Pine River	2911019	-122.1455887	55.6393513
Aspen Lake	6787289	-150.3461844	60.8766624
Quake Lake	3563050	-150.8750719	60.6284808
Oyama Lake	1692845	-119.2730187	50.1097423
Honey Pond	273098	-77.2335641	36.8808483
Pine River	363537	-82.5387551	42.8442098
Dutsen Wai	3709426	8.2250216	10.8704761
Mandawari	3710662	8.5113695	11.9953373
Dogon Nama	3710434	8.4980366	11.9993724
Makaising	6099402	84.6547497	27.8782652
Malhaniya	7594731	86.5234737	26.6066655
Lake Lawne	1116648	-81.4377492	28.5637855
Lake Davis	1161446	-81.3668474	28.5313784
Lake Lotus	1179117	-81.4227188	28.6478499
Davis Lake	195768	-79.8555102	35.8686878
Davis Lake	3968148	-112.0336026	47.6748394
Magapauwa	6742272	85.9867174	27.6551303
Gorakhani	6712543	86.5078495	27.4857983
Rakachuli	6075470	83.9164387	27.6807720
Sikatahan	5990577	83.5595046	27.5585028
Alexander	3881884	-93.4786602	42.8044135
Nyakiliba	2281192	29.3572480	-1.6711132
Dayingjie	6876876	102.4631744	24.3290066
Hagweiher	1921214	10.4954975	49.4151596
Peschiera	6429202	10.3161873	44.8060663
Lac Gramon	1485390	-70.8337988	47.3583128
Lac Atenis	1519210	-73.7434591	47.2354761
Lac Doucet	1484990	-72.4463010	47.3529320
Lac Easter	196920	-75.6986858	47.3865144
Lac Coupal	193718	-76.1339785	46.7687447
Lac Plante	196868	-76.5257890	47.4055122
Lac Mauran	196816	-75.8632423	47.1674323
Wolfsthal	933011	17.0186357	48.1337884
Loch nan Ob	5569718	-6.8355923	56.5331542
Lac Carlos	1174229	-67.0673678	50.1153018
Lac Limite	1206289	-68.8305406	49.6303884
Cloud Lake	5970323	-90.7496523	49.5464955
Sonny Lake	3599154	-84.3105913	47.4328777
Brant Lake	3600760	-84.1574624	47.6553665
Brant Lake	4089238	-84.8940633	48.2741855
Godon Lake	4068075	-84.7506648	48.2351261
Godon Lake	4068861	-84.7466197	48.2321408
Krebs Lake	5129926	-86.4174309	50.2031068
Davis Lake	3969461	-80.5313295	48.3299369
Godon Lake	3957084	-81.7039805	48.3113245
Bogojevce	7247730	21.9670427	43.0595601
Turekovac	7207652	21.8694680	42.9929496
Guberevac	7221638	22.0118757	42.9432648
Peschiera	2712523	9.3588863	45.4907116
Satakhani	5959220	81.7134734	28.5653373
Karagithi	5853991	82.1670895	28.2987636
Shidaguan	2167758	103.6807211	31.9229418
Nanupatti	7668568	86.0756554	26.7379840
Bhumlutar	7704778	85.7114023	27.6450807
Chhintang	6680501	87.1958018	26.9450541
Arkhawang	5762895	83.1217758	28.2261136
Xiang Lake	3234642	115.8926385	28.6286310
Hulausjärvi	296940	23.7350997	61.2653700
Spancevac	6649983	21.8510250	42.3626465
Eibiswald	3779630	15.1779031	46.6925914
Goganpani	7716799	85.0540662	27.7835580
Tween Pond	11	-1.2296037	52.9011201
Lotus Lake	2999045	120.2963362	22.6836286
Rautavesi	2748041	25.0587488	62.0770542
Kawaguchi	1768337	139.7276911	35.8335975
Moose Pond	2029081	-70.7931576	44.0273847
Reid Lakes	3596311	-137.2052276	63.4136515
Lake Goran	2259573	150.1621598	-31.2690601
Hines Lake	3475652	-106.9596963	53.3993066
Snail Lake	2263229	-111.3552120	54.0839258
Rudy Lakes	2107810	-131.1743022	60.2173330
Reid Lakes	6784232	-137.2864823	63.4396834
Snail Lake	2430219	-101.4124872	52.5313983
Eaton Lake	2423213	-101.0134288	56.6002681
Monty Lake	6654843	-98.2530760	55.0748740
powiat łańcucki	2658708	22.2746423	50.0865490
Fair Haven	170377	-74.0382998	40.3618200
Reichenau	2784858	9.0387360	47.7318773
Brentwood	331940	-71.0439209	42.9902555
Semykivci	3167470	25.3691671	49.3781806
Montesano	238013	-123.5949434	47.0026370
Wickliffe	130547	-89.0827442	36.9661909
Gronsveld	1419293	5.7288569	50.8074114
Hato Mayor	7405683	-69.3256524	18.7089524
Bruinisse	2713013	4.1711032	51.6527898
Sienickie	6860394	22.4849442	53.5262349
Osiedle Ołbin	2341616	17.0573881	51.1231974
Tân Trụ District	7155542	106.5156521	10.5281206
Alà/Alà dei Sardi	40675	9.3524068	40.6702879
Brentwood	175698	-73.2562409	40.7811775
Guía de Isora	340391	-16.7589818	28.2151934
Oost Gelre	416729	6.5610103	52.0153031
La Couture	1170078	2.7046519	50.5773696
Lordsburg	171208	-108.7084392	32.3466975
Brentwood	133367	-76.9582724	38.9442474
Taougrite	4813599	0.9316878	36.2863011
Lubowicze	6797634	22.7322034	52.5322973
New London	141452	-91.3983546	39.5844214
Brentwood	139894	-90.3448138	38.6177775
Sexbierum	385230	5.4934948	53.2192646
Nawarzyce	6135437	20.2909953	50.5027256
Brejetuba	1831573	-41.2941996	-20.1072455
Southgate	134602	-83.2046087	42.2061163
Akersloot	1373049	4.7320860	52.5653940
Tuscarora	189280	-76.0604224	40.7625695
Mali Vilmy	7771131	34.6618752	50.9101586
Bashkivci	3166661	25.8558062	50.1264184
Karimganj	2026005	92.3544784	24.5787500
Cornelius	186247	-123.0535977	45.5175467
Staré Jesenčany	440311	15.7528596	50.0046892
Tarban Bay	2013427	151.1442849	-33.8371159
Nordervik	7268425	19.1399668	57.9545865
Mörsinlahti	7245922	28.8006466	61.2666905
Gistviken	6217222	18.5890235	59.2711107
Île-de-France	5814393	-17.7508044	77.7295186
Reichenau	5335200	9.0592022	47.6956372
Isla Palma	7526922	-77.3585654	3.9057078
Roscoe Key	7810862	-80.7883355	25.0918075
Tolaga Bay	6725290	178.3205700	-38.3672634
Varissalo	6949992	29.6982772	64.2431145
Isla North	6267168	-74.9945101	-50.0544385
Sea Island	7172191	-123.1805670	49.2073481
Hydropark	1655107	30.5834809	50.4385194
Rusanivka	1655110	30.5988161	50.4393357
Konovycja	3167069	26.1964279	50.0728727
Île de Nantes	4607794	-1.5462103	47.2070480
Riethoven	1502863	5.3845248	51.3598586
Troutdale	186715	-122.3909379	45.5360743
Cattolica	42766	12.7367890	43.9566179
Santaquin	198740	-111.7826244	39.9682829
Longstock	3902207	-1.5044508	51.1319200
Hato Mayor	3422239	-69.3478425	18.8150135
Ingleside	5195355	-97.2114074	27.8640803
Mohelnice	438243	13.6415511	49.4806160
Winneweer	163035	6.7383334	53.3083550
Henryetta	184195	-95.9866132	35.4463240
Ebersheim	4565454	8.2463916	49.9178701
Irabujima	4858175	125.1866879	24.8343880
Kazimierków	6623497	21.1127103	51.7799982
Salamonde	4172158	-8.0895301	41.6792151
Eisenberg	448305	10.5981208	47.6093887
Cheniguel	4463370	3.5264982	35.9594595
Fair Haven	199116	-73.2755671	43.5901480
Ruleville	7163085	-90.5499428	33.7248090
el Catllar	342007	1.3111750	41.1774716
Korchunok	3167081	25.0873733	49.7949863
Kirchheim	162339	9.8562677	49.6550266
Pine River	137812	-94.4035603	46.7222755
Postawele	6737399	22.9299166	54.2862820
Wickliffe	181968	-81.4672465	41.6063120
West Logan	238691	-81.9921249	37.8681620
Bressuire	1660003	-0.4891170	46.9037259
Kalikatar	4716567	84.9340996	27.5770254
Homer City	187655	-79.1611649	40.5402160
Bronocice	6430761	20.3507181	50.3400328
Allentown	119496	-83.2258471	32.5928145
Dirkshorn	2726641	4.7792316	52.7427976
Cloud Lake	1216951	-80.0731602	26.6742216
Rückersdorf	2790440	12.2191267	50.8218980
Footville	252002	-89.2092991	42.6718396
Kamianske	2034028	33.7568361	47.8739097
Kirchheim	275108	9.5622136	50.8504774
Chmielnik	7095827	23.2543588	53.3372299
Listaku küla	352985	27.1540043	57.8854587
Listaku küla	353243	26.8379444	57.6461243
Jindabyne	6007743	148.6085482	-36.4386496
Hirmuse küla	353265	26.9745871	59.3328065
Shin Machi	5891011	133.7908914	34.2918392
Leopoldov	2205349	17.7732646	48.4453126
Kirchheim	3283781	8.6409732	49.3746381
Wochowsee	79122	13.9168752	52.2222575
Zacagnini	5844915	-57.5449196	-37.9509234
Bajo Hondo	6411303	-61.9201062	-38.7642024
Brodowski	5349585	-47.6094130	-21.0450001
Vilarouco	6446347	-7.3630549	41.0922181
Tupantuba	7414870	-54.8878815	-28.9521734
Hurbanovo	2218909	18.1891239	47.8697262
Helmsange	1694235	6.1436580	49.6625595
Kirchheim	3297917	6.8271752	50.5902932
Brejo Novo	6119337	-40.8594110	-12.8764500
Anepesa küla	351382	22.3652547	58.3737137
Vila Ituim	7309699	-51.3679477	-28.5568887
Are alevik	354918	24.5685088	58.5219662
Bischdorf	3928721	13.9412759	51.7886311
Iubatinga	2660039	-51.2189575	-21.9225000
Rukkiküla küla	353522	24.5556700	58.7168736
Marinópolis	5683162	-50.8308750	-20.4855000
Junqueira	5683146	-49.8668448	-20.8110000
Eisbergen	1335614	9.0181584	52.2074109
Luzuriaga	6882338	-2.3846089	42.8865408
Podhorany	2275533	20.4744550	49.2445226
Majcichov	2203983	17.6199142	48.2907083
Úľany nad Žitavou	2218561	18.2372531	48.1071043
Podhorany	2210201	18.1237324	48.3719586
Tobrova küla	354532	27.4551739	57.7780634
Tottenham	5813959	147.2797283	-32.2756850
Cobh Urban	6934508	-8.3107213	51.8496410
Trönö distrikt	6950710	16.8222392	61.4396516
Patagonia	4679438	-65.0421129	-42.7534110
Patagonia	6117174	-63.0164421	-40.8230365
Rihkama küla	354576	25.4518060	58.3549085
Nacederos	7679134	-75.7338212	4.8163812
Kiviloo küla	352130	25.2498527	59.3029319
Naruski küla	350942	27.1012238	57.9760887
Salinópolis	6458313	-47.3006783	-0.6632257
Hagaste küla	350351	22.9640169	58.9164059
Distrito B	7354282	-66.2173173	-17.3871990
Hostovice	2324011	22.1274223	49.1314647
Kiideva küla	352674	23.5517446	58.7864140
Brejetuba	1905436	-41.3115796	-20.1470912
Botuquara	4735264	-42.8729987	-13.7116899
Cristo Rei	7367139	-54.3669145	-28.1707361
Bukarevac	6653773	21.7098062	42.3356724
Harakovce	2275748	20.8443667	48.9981896
Hanigovce	2277135	21.0292963	49.1865644
Touguinha	5989571	-8.7153486	41.3747352
Decermilo	6412558	-7.6621508	40.7564386
Podhorany	2320194	21.3488982	49.0868945
Buerarema	6618335	-39.2790165	-14.9920000
Patjala küla	355193	26.4798624	58.6998533
Antwerpen	60709	4.3824422	51.2452977
Patagonia	5472503	-67.5041549	-46.4652714
Rostellan	6927404	-8.1711870	51.8516376
Paenase küla	350845	23.1626034	58.6309591
Wolfville	1363896	-64.3582166	45.0885333
Trim Urban	6967485	-6.7924106	53.5552860
Ballyvool	6523101	-7.0921618	52.4746012
Zitkovica	6304974	21.5791450	44.5986854
Steinborn	2868030	8.0431975	49.5368517
Wallstawe	3694489	11.0242136	52.7948764
The Harrow	6651354	-6.4327165	52.5689459
Rathkenny	6967496	-6.6578382	53.7402192
Coolreagh	6800567	-8.6307356	52.8993629
Desengano	1918753	-40.3253095	-19.5875727
Neibsheim	357433	8.6788917	49.0754851
Pilkuse küla	351081	26.5562565	58.0378357
Poleberry	6997607	-7.1103278	52.2517111
Altenrüthen	2970789	8.4021802	51.4966441
El Carmelo	7680797	-75.5993432	6.3047387
Gholendra	3239915	25.1063976	49.2637671
Ziemblice	6526567	21.1015618	50.5543598
Kirchheim	393583	11.0401852	50.8872567
Reichenau	106198	13.8985558	46.8490632
Dranouter	1169030	2.7842131	50.7582409
Ammerstol	107334	4.8071641	51.9275162
Montverde	1217222	-81.6759168	28.5977415
Foristell	141501	-90.9617645	38.8167039
Rückersdorf	1322952	13.5655267	51.5680398
New London	182928	-82.4001698	41.0802074
Chaseburg	251826	-91.0975679	43.6556934
Steinhaus	63266	14.0112907	48.1143570
Radoszyce	6310077	22.0543721	49.2939211
Lewisburg	197207	-86.7949658	35.4545469
Rückersdorf	966153	11.2451182	49.4978440
Zanowinie	7144654	23.7964372	51.1043317
Ingleside	2982018	151.2582559	-33.6887052
Chilworth	3906214	-1.4130353	50.9612327
Southgate	130499	-84.4712750	39.0646934
Trafalgar	127344	-86.1496851	39.4134605
Haarsteeg	2722717	5.2022305	51.7154544
Maria Rain	105925	14.3268180	46.5675330
Schenevus	176320	-74.8251449	42.5503940
Nagodzice	6423195	16.6622431	50.1673685
Brundidge	7456000	-85.8151469	31.7147380
Gouvinhas	4203941	-7.6279655	41.1862876
New London	137343	-94.9515740	45.2995059
Dom Silvério	315212	-42.9307429	-20.1200000
Alexander	111148	-92.4476378	34.6221129
Bezimiane	3942003	37.6814139	48.5946666
Marysvale	198884	-112.2574460	38.4384335
Kirchheim	3816562	6.8390370	50.6060592
Felgueira	7836579	-8.1962214	40.4609212
Krokviken	6836623	17.4744846	62.3620968
Ronsolden	7530659	11.6918964	49.1971375
Ronsolden	7528542	11.6929438	49.2048384
Waffenhof	7429653	12.4461557	49.1550037
Prudskaya	1688104	39.0497299	54.2250900
Barbarevo	6868995	22.8859626	41.4819620
Greshnica	6415385	21.1801379	41.5562617
Greshnica	6436496	20.9259083	41.5666876
Vranishte	6479394	20.6617826	41.2068410
Krilatica	6708008	22.1178564	42.1290389
Delisinci	6743920	21.9907784	41.7821610
Bizzarone	3566334	8.9445351	45.8352633
Lisichani	6425761	21.0654129	41.4546829
Wermatong	6002537	148.3066798	-35.3772150
Catagupan	7547589	116.8968436	8.0215167
Nevertire	5810421	147.6564900	-31.8548217
Bityagovo	1360926	37.7393810	55.3868862
Mas Llunes	5873007	2.6880196	41.9494023
Felgueira	6593138	-8.5822657	41.9863144
Geschwand	7365082	11.3094337	49.7116793
Beatelund	6180071	18.3557182	59.2935263
Ziegelhütte	3173184	9.2746162	49.3403121
Aschering	1663202	11.2556671	47.9650712
Roinville	1210504	2.0525852	48.5182198
Ter Heijde	1360665	4.1681865	52.0298689
Scrooby CP	957488	-1.0251334	53.4081993
Czerwonka	6847705	23.2168993	53.5762954
Fair Haven	176050	-76.7040694	43.3297320
Lewisburg	182764	-84.5366393	39.8509385
Grauże Stare	6803794	23.0755464	54.2141404
New London	5544277	-94.9305759	32.2632210
Szczekarzów	6425747	20.4231450	50.2951044
Czerwonka	6803566	23.0044526	54.2007141
Bezrzecze	2873637	14.4540219	53.4579687
Galestown	133659	-75.7146062	38.5645419
Opolno-Zdrój	6076227	14.9278626	50.8847292
Belconnen	6805547	149.0677705	-35.2360876
Steendorp	3876337	4.2646567	51.1310863
Bageshwar	374914	79.8017014	30.0045383
Jamielnik	6891706	19.8085960	53.2377102
Goodridge	137678	-95.8038570	48.1441080
Herrstein	660630	7.2745476	49.7634408
Rachwałowice	6058204	20.5895892	50.1930761
Stockholm	251852	-92.2614505	44.4836111
Ocean Park	238187	-124.0424531	46.4935815
Florencja	3436954	21.2611805	51.2074777
Barczyzna	4093587	17.4469954	52.3721058
Draganowa	6964047	21.6250377	49.5883666
Linn Grove	128372	-95.2422995	42.8921439
Utcubamba	1973472	-78.3923017	-5.7590103
Promienko	7138478	17.2230392	52.4605184
Bryceland	132189	-92.9928477	32.4494005
Old Ripley	127042	-89.5719615	38.8927075
Blackburn	140773	-93.4870290	39.1056795
Radoszyce	4637538	20.2673779	51.0766468
Kamianske	2238215	34.5692890	48.5312615
Ayle Lower	6228506	-8.6874354	52.9018402
Aldenburg	5658607	8.0789921	53.5412844
Barrabool	2723380	144.2258581	-38.1660911
Fairhaven	2732098	144.0773700	-38.4644800
Corcashel	5492097	-7.9716929	54.1888764
Koonwarra	2673163	145.9530644	-38.5585251
Kingarrow	5549914	-8.0648991	54.9071867
Fish Creek	2689276	146.0835317	-38.7219950
Knocktosh	5321405	-8.9953238	52.3065091
Longfield	5602289	-8.4646884	54.7788769
Blackburn	2390022	145.1510822	-37.8210600
Thornhill	7585191	-3.1958492	51.5401758
Ozolnieki	1727768	24.2090238	57.0148348
Harakovce	2275718	20.8443667	48.9981896
Le Buisson	4086303	-0.3629121	48.5656153
Riseberga	3050079	13.0795096	55.6017320
Formullen	4606568	-6.7759393	55.1159121
Kilmaneen	5554621	-7.8404500	52.2834701
Carrowroe	2459550	-7.9919765	53.6387512
Gortmunga	5378547	-8.2624539	52.9916353
Knockfeen	6025549	-9.0032014	51.6155074
Coolreagh	5677907	-6.6491304	53.9670586
Drumgowna	5421088	-6.5968101	53.9517934
Latnamard	5687409	-7.0509163	54.1756050
Danes Hill	4541856	-6.6525819	55.1514902
Knockbine	3431014	-6.6807834	52.2682983
Ballybing	4274660	-6.3666158	52.2427749
Shehy More	6147410	-9.2119096	51.7953908
Thornhill	5373432	-7.0742921	54.2277687
Clownings	5634724	-6.7513809	53.1855485
Wildfield	4781484	-7.1672100	52.7390602
Wildfield	4781483	-7.1608341	52.7422491
Knockheel	4537841	-7.5967874	52.8530833
Ballyneal	5645924	-7.4508901	52.2857513
Inishowen	6908817	-8.5190469	54.8318744
Corker Beg	5638731	-8.3587971	54.6933859
NewBazzar	5392120	79.8661824	6.9416717
Thornhill	4613844	-6.5538768	53.3519442
Magonragh	3572740	-7.5018681	54.3427813
Cristo Rei	7410855	-49.3184274	-28.7146653
Tirneevin	4650965	-8.8868532	53.0613907
Agharainy	3558731	-7.7165450	54.5056631
Lisnacroy	5460853	-6.7642174	54.4270602
Ballytrue	5340501	-6.5393024	54.4169345
Thornhill	5829917	-9.8122652	51.6600353
Kiltykere	2998870	-8.4979553	54.3922724
Escanzana	7160177	-2.8450246	42.6904181
Black Weir	3375752	-8.9955286	53.1481358
Mullanfad	3554842	-8.3864551	54.4027585
Rathkenny	5518459	-7.6336526	52.4974638
Legarhill	4782792	-7.2204602	54.1760784
Cristo Rei	6206836	-49.2458140	-25.4345271
Cordrehid	4651673	-8.0890326	53.9362681
Dernacart	4475416	-7.3620939	53.1602782
Brockaghs	4271597	-6.1607168	55.1119864
Shanahill	5747447	-9.8040566	52.1828193
Aughaward	3570221	-7.6176011	54.3645961
Shanrahan	5554826	-8.0082572	52.2461014
Ballydine	5539738	-7.9718389	52.5555754
Clonbrown	4230346	-7.0389530	53.2593794
Cristo Rei	7257897	-51.1539114	-29.7885997
Derryveen	5368250	-6.9368666	54.3071388
Bryandrum	5328301	-6.5001604	54.3034890
Coolreagh	5634728	-6.7657064	53.2064992
Creighans	5346646	-6.9056020	54.2881918
Hostovice	2323958	22.1274223	49.1314647
Lismenary	4240174	-5.9531031	54.7823534
Carrowroe	5525414	-8.4693660	53.0922321
Vinohrady	7224921	18.6246398	48.2155001
Mulnahorn	2090619	-7.3612321	54.1935487
Corcashel	5749974	-7.3349370	54.0764286
Longfield	6301202	-9.6200826	52.1625095
Longfield	4260308	-5.9866194	54.9438560
Drumgowna	3583442	-7.4617671	54.3096038
Rahinnane	6196236	-10.3852698	52.1429589
Cristo Rei	7320276	-45.5554225	-21.0916881
Lickadoon	5998943	-8.5929827	52.6063604
Rathangan	5496064	-7.0076115	53.2360550
Úľany nad Žitavou	2218509	18.2372531	48.1071043
Longfield	2306121	-7.5497133	53.6980858
Ballylara	5154974	-8.8171177	53.1434023
Attybaron	2631767	-7.4626266	54.2590547
Emlymoran	2196787	-9.0554512	54.1595938
Whilliter	2981848	-7.6029194	54.2705070
Kilnashee	2324258	-7.7893413	53.7936761
Ballygall	5362274	-6.2781083	53.3882979
Ballygall	3668090	-6.2737007	53.3847477
Collooney	3292453	-8.4929006	54.1804148
Cloonbard	4783113	-8.4530746	53.7925044
Knebworth	3638495	-0.2122482	51.8746582
Tircorran	4850649	-6.9194325	55.0917842
Rathgarry	4710704	-7.2504575	52.8521163
Baunleath	2265900	-7.0159851	52.7294405
Shanahill	6335287	-9.6961609	52.2842068
Rostellan	5958960	-8.1790464	51.8504116
Drumdigus	4184180	-9.3035720	52.6648629
Andorinha	6850961	-48.6060099	-27.1273532
Vila Norte	7004789	-48.9227648	-16.2810816
Ballyheen	2834582	-7.8849526	52.7979683
Kilcroagh	4603223	-7.6067085	54.7182133
Coolabaun	6046798	-8.9639964	51.7509317
Clondaval	2920427	-7.6179619	54.2473773
Mounthall	5608220	-7.6954943	54.7640954
Glenteige	4510029	-6.1421308	52.8468960
Portraine	5442786	-6.1197325	53.4958660
Aghawonan	4584206	-7.2456117	53.8136018
Jackstown	5369252	-7.1185575	52.5407727
Ballycoam	5241931	-7.2169366	52.5351573
Coolamber	2302518	-7.4823231	53.7136844
Coolamber	4134600	-7.4705369	53.7091839
Cloonflyn	6019587	-9.1802595	53.7705167
Clone West	2468238	-6.3708872	52.5444249
Glenteige	2663589	-6.5415360	52.4558195
Inisheane	6923177	-8.3972525	54.9464631
Carrowroe	3006050	-8.4756866	54.2497493
Ralappane	6266597	-9.4416939	52.5784183
Carrowroe	5904044	-8.4403523	53.2033163
Leanamore	6266593	-9.4328567	52.5285179
Ballyelan	6054256	-8.8243763	52.4565271
Coolreagh	6050252	-8.6975457	52.4039094
Frei Dimas	5549243	-41.5226571	-17.8611711
Longfield	5366879	-8.1563466	53.5203656
Eanty More	4647368	-9.1074132	53.0502620
Castlecat	4458348	-6.5008147	55.1703063
Inishowen	3927553	-9.3150157	53.5980468
Ballyhigh	2448340	-6.3313912	52.4898515
Kilcroagh	4296920	-6.3035475	55.1122491
Druminnin	5632565	-8.0187317	54.6829973
Ironhills	4836336	-6.8928161	53.0976024
Fallgarve	6014368	-9.3482860	54.1830148
Dat Do Town	6190340	107.2681921	10.4945146
Coolreagh	6226644	-8.6138637	52.9013044
Allgomera	6063347	152.8104092	-30.8185677
Upper Nile	6056452	150.2528862	-32.9621939
Portinode	3491330	-7.7737387	54.5315987
Nedsherry	3561711	-7.5846660	54.5217343
Clownings	4748401	-6.5931333	53.2927335
Yanyarrie	6362883	138.5562084	-32.3404049
Glengawna	4645095	-7.2498723	54.6627448
Rulpulagh	5947627	-8.4137077	52.3402214
Kingarrow	4558675	-7.2884367	54.6638505
Manna Hill	6370441	139.9748679	-32.4318868
Duckspool	5737914	-7.5905678	52.1015741
Brentwood	6649178	137.5112792	-34.8661732
Mounthall	4501995	-7.6095427	53.0355807
Kyancutta	6290409	135.6420790	-33.1349702
Thornhill	5761220	-9.6582135	53.7898554
Coorleagh	5723227	-9.4665406	51.8075338
5e Duchity	409464	-73.8957387	18.4201992
Drumullan	6228529	-8.7732905	52.8904542
Podhorany	2275466	20.4744550	49.2445226
Hanigovce	2277072	21.0292963	49.1865644
Drumullan	6244763	-8.8027794	52.7879800
Fanavolty	5382065	-7.6873651	55.2339468
Carrowroe	6244748	-8.7975688	52.8479373
Hurbanovo	2218842	18.1962848	47.8552333
Fernleigh	6069869	153.4892896	-28.7662117
Longfield	5580241	-8.3313501	54.8481950
Knocktoby	4658753	-8.8662290	52.9842256
Podhorany	2320146	21.3488982	49.0868945
Monabrika	4769924	-7.3944885	52.7383005
Derryveen	5454891	-6.7976309	54.4895646
Cregmahon	5122396	-8.8210796	53.0173898
Ballindoo	3303746	-8.6498628	54.0222025
Askunshin	2584546	-6.6090980	52.5253727
Île-de-France	1361272	2.1685415	48.6850507
Newbottle	59640	-1.2343630	52.0311459
Allerston	7821827	-0.6358945	54.2867070
Humberton	7716530	-1.3524064	54.1114112
Heslerton	7822163	-0.5891412	54.1673379
Coorleagh	5119351	-7.0583163	52.7023684
Longfield	3511156	-7.2864555	54.3621186
Dom Silvério	3408789	-43.9045955	-19.8545912
Cristo Rei	2668451	-52.2592220	-27.6628291
Comillane	5827955	-9.4670035	51.4487624
Farrandau	5888610	-9.1936278	51.5237995
Ballyvade	4140303	-7.4527665	53.6112084
Lisdeegin	5743850	-7.2688892	54.0328539
Castlerea	2385681	-7.7684568	53.6589899
Mulbarton	1022586	1.2423072	52.5604786
Wymondham	1022564	1.1190789	52.5611702
Wheatacre	1022307	1.6392521	52.4994394
Downshill	4123543	-6.1365836	53.1250558
Radullaan	6181629	-8.4700416	53.3121871
Kiltipper	4552099	-6.3715476	53.2646467
Longfield	5428821	-7.6287592	54.0130594
Drumgowna	5678763	-6.7820088	54.0154153
Wymondham	6630152	-0.7350397	52.7539380
Tickenham	2962611	-2.7884757	51.4419186
Leveelick	5652453	-8.6441621	53.8819514
Brickhill	5312665	-0.4580473	52.1644391
Mullentra	5697981	-6.7865447	53.9236970
Thornhill	948003	-1.7071071	53.3508103
Hoar Cross	6966860	-1.8121120	52.8065684
Southam CP	3831369	-1.3859672	52.2489010
Ballyvool	5381132	-7.0959194	52.4546306
Treeton CP	1267828	-1.3437363	53.3874617
Catterton	5674741	-1.2263967	53.9042720
Derrypark	4216285	-9.4525242	53.5995494
Kilcurley	4122890	-7.6584485	53.3890385
Highworth	5141066	-1.7042773	51.6237228
Semington	5547410	-2.1385380	51.3427965
Gorseinon	1396362	-4.0526622	51.6769402
Szastarka	7485891	22.3242731	50.8595897
Longfield	5730121	-7.2078866	53.9954328
Fletching	2781420	0.0322942	50.9963912
Leopoldov	2205326	17.7732646	48.4453126
Shankoagh	4198294	-8.4593262	53.7176541
Cloghogle	5299177	-7.4023143	54.9229466
Coolquill	5480466	-7.6254834	52.5715510
Windyhill	5407993	-7.3652214	54.8658587
Ballydine	5499376	-7.5236598	52.3654677
Drumgowan	5625322	-8.0971409	54.6346294
Mohelnice	433326	16.9323108	49.7777462
Liběšice u Želenic	435440	13.7423709	50.5170861
Malý Rohozec	428265	15.1483294	50.6126854
Lackenroe	6122260	-8.3353636	51.9238993
Marshwood	5704726	-2.8561193	50.7837442
Sezincote	6087632	-1.7517671	51.9756612
Bickmarsh	1875145	-1.8400301	52.1382202
Somerby CP	1286197	-0.4014321	53.5430760
Ballyoban	4166320	-7.5032081	53.3892247
Longfield	4783047	-7.1912770	54.2046218
Elagh More	5128897	-7.3481404	55.0425286
Kilcloony	4152858	-8.2581783	53.3372162
Longfield	5739015	-7.2315986	54.0818385
Coolabaun	2294313	-7.8586473	53.9159230
Jagstfeld	2999352	9.1958824	49.2369023
Lismiraun	5851226	-9.0234270	53.8956645
Longfield	5539385	-7.9231777	52.5790575
Honington	3768331	0.7955661	52.3348513
Horní Paseky	424564	12.2718832	50.2196710
Omersbach	7431244	9.1823949	50.1062703
Kilcloony	4020780	-8.8649363	53.5924055
Kilcloony	6186007	-8.8539909	53.5881485
Ballylane	5902813	-7.7440323	51.9696991
Rossaveel	3347195	-9.5416117	53.2670789
Liscalgat	5240480	-6.5686542	54.0689926
Noutonice	428587	14.2814717	50.1635410
Staré Ransko	430404	15.8182994	49.6712666
Ballydine	5499377	-7.5128194	52.3636793
Agharainy	3583428	-7.6030280	54.3480600
Los Indios	3369317	-60.8683794	-32.9032378
Cristo Rei	6618938	-53.1612127	-27.0825219
Cataratas	6727074	-53.4046335	-24.9562876
Corrintra	5649093	-6.7418097	54.1626931
Thornhill	5500825	-8.4534122	52.7459624
Staré Jesenčany	434335	15.7528596	50.0046892
Airgloony	4177801	-8.8760224	53.5264770
Carrowroe	5373654	-8.1611370	53.6165238
Derryhirk	4484978	-6.3177054	54.5117308
Novo Guarujá	5418208	-44.2130915	-19.9621174
Žitná u Netolic	436036	14.1260652	49.0390812
Karviná-Doly	433842	18.4896914	49.8354482
Kamenný Újezd u Nýřan	423485	13.1850542	49.7233971
Drumaliss	5648935	-6.7221803	54.1386183
Skeam West	4072523	-9.4591273	51.5025447
Tisovnice	436225	14.3037372	49.6189045
Longfield	5667546	-6.6727700	54.1022493
Rathneety	5414536	-6.4974326	53.9523281
Willville	5226133	-6.1473017	53.9971126
Sopotnice	428496	16.3508005	50.0562282
Bridepark	6348092	-8.0926171	52.1050195
Kilcloony	4148584	-8.2752963	53.3432389
Dolní Plezom	423521	12.8400812	49.7608654
Ballabony	5404204	-6.6420254	53.8976001
Ballinrig	4307878	-6.7576069	53.4927278
Oucmanice	428709	16.2785768	49.9881899
Bromfield	7034640	-2.7490724	52.3851670
Nyklovice	430399	16.3371321	49.6041635
Hvožďany u Poběžovic	424734	12.7756683	49.5065801
Cristo Rei	4680821	-52.6352769	-27.0705604
Longfield	5878101	-9.1376006	53.9314081
Ceramarte	7200402	-49.5281569	-26.2622997
Ashperton	6300507	-2.5230597	52.0736484
Bitterley	7062608	-2.6459086	52.3902883
Carrowroe	4060197	-8.5935520	53.6683258
Crantahar	5837893	-8.9557746	53.7289147
Tempsford	4077823	-0.2772832	52.1699840
Kilcolgan	4610850	-8.8789733	53.2082449
Rathkenny	6297156	-9.7203056	52.3325565
Rathkenny	4718306	-6.6507452	53.7546603
Rodington	7011611	-2.5967329	52.7274268
Corrackan	5560751	-7.2574623	54.1094266
Kilconane	5579157	-8.1247759	52.8415790
Cruz Campo	6795355	-6.3527069	38.9087607
North Hill	5941321	-4.4519620	50.5645029
Coolreagh	5998926	-8.5469307	52.6146474
Majcichov	2203943	17.6199142	48.2907083
Lisgormin	5861754	-9.0951008	53.8999876
Manch East	6046849	-9.0020567	51.7273684
Deanville	7680274	-9.5002285	7.0183373
4e Laurent	409686	-73.7451142	18.2617866
Giri Nagar	3570450	77.2641109	28.5410344
Cashlieve	4136929	-8.6005905	53.7401914
Sabanero I	6861307	-85.4365032	10.6358090
Leveelick	4773579	-8.5752602	53.7755958
Crabarkey	4868948	-6.9015463	54.9001035
Drumagraa	5615877	-8.2178596	54.6979506
Cunnagare	6301742	-9.6326800	52.3952731
Castledoe	5510394	-7.8702057	55.1360017
Derryhirk	5625767	-8.2527414	54.6681810
Longfield	4869427	-6.6962204	54.7693929
Tirgarvil	4828919	-6.6429489	54.8785708
Carragaun	5554225	-7.8413549	52.3673005
Rathangan	3497041	-6.6126495	52.2281786
Steinborn	970803	6.7768844	50.2126598
Ardrinane	6186040	-10.0496001	52.1439993
Tornaroan	4278557	-6.1952319	55.2084759
Drumacrow	4800759	-6.6833444	55.0225590
Rathkenny	4266959	-6.2454751	54.9391534
Breandrim	3554749	-9.3173283	53.5489264
Kaplanhof	7338683	14.3066064	48.3099976
Kongorong	6736521	140.5425072	-37.9194344
The League	5886007	-9.1664625	51.5323332
Mulnahorn	5461061	-6.9556118	54.3995227
Trafalgar	2599716	146.1316138	-38.1615500
Legarhill	5335381	-6.6731371	54.3478303
Longfield	5218821	-6.4513907	54.1010040
Lislunnan	4156485	-6.1909418	54.7840028
Ballylane	5324272	-6.5254546	54.2510316
Swan Marsh	2743371	143.3636863	-38.4201350
Derryhirk	5245246	-6.6202140	54.4633362
Tottenham	2406178	144.8541323	-37.8060350
Amosfield	6069672	152.0574473	-28.6621432
Southgate	6070145	153.0099138	-29.5980283
Backwater	6063359	151.9087419	-30.0525223
Lockridge	128426	-91.7476877	40.9937160
Krejwiany	6806542	23.1981220	54.2698810
Radoszyce	6105771	16.4286320	51.5658544
Nowe Rybie	5608415	20.3331065	49.7882298
Stubienko	6799271	22.9264014	49.9102750
New London	129067	-91.3998759	40.9225090
Gene Autry	183920	-97.0388781	34.2829910
Korytnica	6158489	20.5117657	50.6573235
Vosselare	3465273	3.5661276	51.0289033
Três Ranchos	334504	-47.7956250	-18.3660000
Wickliffe	184009	-95.1056198	36.2962225
Krejwiany	6737659	22.9890070	54.3724218
Szreniawa	3472331	19.8645843	50.3797404
Lake Shira	3086970	90.2032248	54.5083283
Kamishima	5738082	130.3187624	32.4535939
New London	180336	-80.2222833	35.4333939
Czerwonka	3352545	21.2031746	51.7476282
Seddinsee	5399	13.6853422	52.3873835
Zborowice	6102099	20.9760533	49.7594939
Biesingen	5683640	7.2097251	49.2236852
Sarbinowo	6730598	17.1537831	52.4244691
Chmielnik	7600640	22.1816031	51.1973526
Campo Real	341243	-3.3771810	40.3143414
Monthelon	3336308	4.2191010	46.9595821
Alexander	181431	-103.6413180	47.8379555
Bethingen	6842786	6.5243926	49.4568251
Pardelhas	4193254	-7.8897745	41.3299081
La Couture	166626	-1.2670310	46.5240843
Blackburn	184189	-96.5962361	36.3732505
Minnajima	4858182	124.6969288	24.7534391
Glinik Górny	6929734	21.5475424	49.8540450
Le Buisson	283824	3.2159285	44.6300946
Korytnica	6517601	21.0442338	50.6269185
Bligh Park	5500001	150.7983441	-33.6386217
Vinohrady	2190579	17.0977986	48.1933583
Webenheim	5683660	7.2808642	49.2337834
Pilkapiai	6882183	25.6631927	54.5264246
Sarbinowo	6623526	15.9554580	54.2402981
Roinville	1849309	1.7607876	48.4449841
Hunteburg	2321356	8.2447516	52.4491797
Janíkov Dvor	2553293	17.1088941	48.0905146
Stockholm	194987	-96.7997000	45.1023114
Asteikiai	7320119	21.4726565	55.9491660
Chmielnik	6897333	22.1311919	49.9820859
Saint-Crépin	155916	-0.7405938	45.9975599
Maikammer	904583	8.0529405	49.3146561
Oued Rhiou	6559412	0.9074720	35.9690324
Callicoon	176305	-75.0576860	41.7650605
Altenberg	2982871	13.7840221	50.7750897
Monthelon	2722568	3.9398274	48.9992993
Churcampa	1933555	-74.5101179	-12.5985600
Mechowiec	6896400	21.8110335	50.2866084
Rampton CP	957472	-0.8082453	53.2957890
Lewisburg	130815	-86.9495652	36.9843355
Trzebunia	3554781	19.8435563	49.7877059
Alexander	130017	-99.5525213	38.4692474
Altenberg	6409875	7.4521347	46.9515219
Neucoswig	6300511	13.5954525	51.1310485
Lankforst	1200995	5.8084420	51.8138079
Orléans Wood	7061653	-75.5275884	45.4847413
Fairhaven	5651425	-6.3387085	53.3719973
Neugereut	1107905	9.2349398	48.8331335
Dunbridge	2049647	-81.4902772	28.6486771
Thornhill	1120347	-81.5557471	28.4297029
Kamla Park	3573752	76.9866452	28.6094659
Vila Norte	5130193	-53.8284766	-29.6723186
Erlenmoos	7284655	8.2949813	48.1627390
Shiv Vihar	3757225	77.0354302	28.6175375
Le Plessis	6087081	5.8928062	43.1429464
Hirrazaba	7565270	-54.0915345	-26.6285415
La Fontana	6759563	9.1883128	45.4923159
Augueiros	6301044	-8.5479915	41.4263915
North Hill	7499595	-122.3277117	47.4192156
Kamla Park	3713957	77.0993700	28.5970041
The N Place	2863997	-116.2181846	33.6844491
Retirinho	5240497	-45.2412532	-21.6980463
Southgate	7341975	-87.9482789	42.9892569
Grove Pond	1833293	-71.5825498	42.5527846
Le Plessis	2610876	-1.8718573	47.5518446
Eldstaden	5726781	17.9645090	59.3309390
Campi Alti	6716295	10.7486326	42.9295833
Brentwood	6614086	-87.3976934	36.5938834
Vila Boa União 2ª Seção	3409017	-43.9273040	-19.8623779
Waterbugs	2326178	-122.1239555	38.2242054
Brentwood	4636713	-76.9858539	38.9188006
Baumbauer	7091596	13.2863142	48.4541432
Elsenroth	2772117	7.5268767	50.9309838
Rückersdorf	3438860	13.5703604	51.5692844
Muddy Pond	3187989	-70.7973982	41.9129965
Zapadlina	3273838	19.9003630	50.1492047
Felgueira	6301048	-8.5417588	41.4387207
Zeuzleben	5523245	10.0772398	49.9755976
Altenberg	2619404	16.0255983	47.2598088
Allentown	6897566	-79.9929256	40.4234670
Fairywood	6897577	-80.0813779	40.4499727
Old Thirsk	4507950	-1.3311234	54.2365958
Hedensted	610923	9.7065658	55.7658071
Cataratas	7565258	-54.5893770	-25.6279795
Chos Malal	2713342	-70.2677965	-37.3708710
Erlenmoos	7622557	9.9749318	48.0658973
Flatanger	6326164	10.7640832	64.4562199
Westgreen	1988036	-95.7376008	29.7506760
Dubrovnik	6370004	18.0911266	42.6500867
Masihgarh	3691583	77.2741096	28.5578323
Brentwood	2095873	-81.2813937	28.4682412
Vista Cove	2033102	-81.2425812	28.5616802
Golden Oak	1115930	-81.5407924	28.4010324
Shiv Vihar	3729092	77.0506123	28.6481225
Blackburn	7449240	-2.2899639	57.2085751
Vigyan Lok	3810365	77.3152397	28.6562323
Aarwangen	2954680	7.7678559	47.2393965
Arrecifes	3743598	-60.0984350	-34.0663459
Chilecito	2295153	-67.5056910	-29.1618234
El Novillo	5609234	-109.6948720	29.1193241
Queguayar	3313777	-57.8491515	-32.0319365
Ocean Park	2511687	-55.1120546	-34.8710020
New Alluwe	184833	-95.4891990	36.6097214
Yangcheng	7668314	111.8122169	37.2024594
Baigneaux	2167850	1.8185655	48.1270629
East Hodge	131589	-92.7147528	32.2769835
Krüselinsee	2322986	13.4216038	53.2742968
Le Buisson	2630320	4.7503549	48.7545961
Hainer See	2206418	12.4596376	51.1684255
Brentwood	76515	0.2941422	51.6406209
Baigneaux	279929	1.2641633	47.7739056
Qingcheng	7777859	113.8132994	37.2941666
Churcampa	1933581	-74.3882886	-12.7083753
Lago Fonck	7005491	-71.7753250	-41.3184440
Estavayer	6838556	6.8865255	46.8538597
Laer-Mitte	7181951	7.2723285	51.4722249
Höntrop-Nord	7183047	7.1555621	51.4619750
Alexander	176202	-78.2635899	42.9018680
Tassamert	4424736	4.7968583	36.2740506
El Houamed	6547240	4.5596132	35.1672440
Llochegua	1930965	-74.0679447	-12.4106426
Casoretto	6802525	9.2280207	45.4882248
Tarucachi	1874340	-69.9446676	-17.5025606
Oulad Ayad	2882512	-6.7988693	32.2032126
Cortegana	1900940	-78.2811419	-6.4866027
Trikampis	6184894	24.3362823	54.0795408
Jamielnik	6875958	19.5034066	53.5227188
Expo Plaza	2777283	9.8167186	52.3214663
Fønixtorvet	1239905	11.7536721	55.2303112
Front Quad	3945279	-1.2576271	51.7545867
Front Quad	1713892	-1.2521132	51.7541122
Janjaillo	1948313	-75.6201561	-11.7652107
Obot Akara	3715381	7.6006957	5.2434549
Corso Como	5610430	9.1872468	45.4817426
Miraveche	339713	-3.1886525	42.6772744
Souk Tolba	2563447	-5.8551503	35.0823233
Tancherfi	2759202	-2.5099240	34.3829940
Natividad	3644874	123.0084861	11.4885711
Errafiaya	2881959	-7.2641140	32.1448439
