Aquitaine	8637	-0.1839979	44.2462063
Hampshire	172799	-1.2434094	51.0448354
Folembray	402056	3.2961117	49.5501671
Beuvardes	2773267	3.4987169	49.1275923
Heilbronn	62751	9.2019940	49.1512981
Tatinghem	179546	2.2075362	50.7430685
Planquery	279165	-0.8256337	49.1645289
Chamesson	146216	4.5314318	47.7788941
Mondouzil	161366	1.5635676	43.6307727
Montgeard	1403211	1.6270758	43.3459061
Sideville	1060330	-1.6925407	49.5932677
Bermesnil	3087982	1.7410221	49.8989702
Spicheren	123272	6.9706635	49.1947412
Marcollin	178748	5.0896441	45.3116627
Landresse	1339820	6.4806272	47.2595003
Louvrechy	2966074	2.3880805	49.7311771
Exincourt	122781	6.8377336	47.5007419
Meugliano	45104	7.7051959	45.5088425
Lorentzen	1174750	7.1902678	48.9567832
Cierp-Gaud	1452031	0.6424223	42.9008955
Joué-du-Plain	3310136	-0.1383038	48.6829211
Landorthe	1413371	0.7772533	43.1287905
Savianges	2931182	4.6009591	46.6893269
Pallegney	157420	6.4452534	48.2888807
Hurecourt	296301	6.0574169	47.9062834
Abelcourt	960595	6.2753243	47.7947113
Lavangeot	161264	5.6114139	47.1515602
Chepniers	124645	-0.3274618	45.2488205
Montfermy	123777	2.7988260	45.8664814
Boursault	2694485	3.8380953	49.0511984
Garnerans	140130	4.8279493	46.2124082
Brondello	43350	7.4005954	44.5999156
Tiercelet	2074734	5.8855621	49.4606518
Angoville	130941	-0.3735921	48.9438522
Feisoglio	43273	8.1060265	44.5463147
Fouqueure	1749999	0.0730315	45.8871782
Sauvignac	127693	-0.0704653	45.2660624
Cazaux-Savès	125562	0.9761107	43.5447340
Courtavon	85434	7.1985480	47.4726173
Hausgauen	392325	7.3149345	47.6045888
Courteron	2063156	4.4560750	48.0159415
Saint-M'Hervé	145994	-1.1118107	48.1740599
Burey-la-Côte	2972651	5.6874980	48.5015310
Saint-Pern	912433	-1.9793744	48.2824207
Esteribar	343601	-1.5164292	42.9492604
Meyenheim	69051	7.3747038	47.9160251
Hattstatt	79414	7.2596547	48.0163196
Monthieux	148014	4.9504491	45.9629321
Marignieu	146666	5.7171205	45.8023509
Lespignan	167406	3.1686318	43.2735503
Carpeneto	43462	8.6160733	44.6913500
Fresonara	43586	8.6908758	44.7810955
Liposthey	2114472	-0.8855341	44.3034279
Hennebont	111158	-3.2737316	47.8054487
Virigneux	945329	4.3459705	45.6873319
Serbannes	120101	3.3642403	46.1027694
Arvillard	104440	6.1824560	45.4014346
Seignelay	2434402	3.5963076	47.8996925
Chaponnay	123338	4.9476683	45.6316659
Chassagny	309364	4.7321999	45.6058167
Sévérac-le-Château	79835	3.0908298	44.2992096
Castelner	76113	-0.5874249	43.5530494
Romagnese	43677	9.3194619	44.8367674
Gaubertin	149078	2.4244990	48.1255871
Vézins-de-Lévézou	114200	2.9402974	44.2627708
Pavlohrad	1746879	35.8730181	48.5308703
Sananduva	242359	-51.8096277	-27.9632100
Fridefont	1223471	3.0902380	44.9057354
Mamoudzou	3366531	45.1949711	-12.7876157
Bredstedt	1416732	8.9664235	54.6252344
Valpalmas	346627	-0.8514769	42.1549770
Saint-Gérons	2515940	2.1969935	44.9423621
Villemain	154943	-0.1095383	46.0144232
Missillac	147386	-2.1843744	47.4890001
Zafarraya	347254	-4.1584207	36.9903449
Mogendorf	535129	7.7493391	50.4905322
Gerindote	341917	-4.2563879	39.9423495
Deifontes	343748	-3.5961335	37.3505126
Peyrilhac	116451	1.1180892	45.9639547
Nieuwkoop	443837	4.7803637	52.1676712
Nieuwkoop	1354656	4.7866964	52.1405890
Ladispoli	41663	12.0983903	41.9527822
Joldelund	1415666	9.1286340	54.6424295
Moschiano	40841	14.6788107	40.8723689
Mundelein	125677	-88.0025458	42.2613799
Singhofen	540059	7.8306639	50.2818889
Hollywood	117954	-80.1841515	26.0406818
Balsorano	41543	13.5951424	41.8032755
Sugar Land	6586823	-95.6200575	29.5865290
Vollstedt	1416730	9.0479502	54.6301080
Korendijk	308624	4.3217797	51.7669342
Osornillo	343570	-4.3072257	42.3671341
Zonnebeke	901848	2.9989374	50.8645069
Rizziconi	44864	15.9765050	38.4101456
Rock Falls	125735	-89.6960784	41.7736875
Kalispell	142534	-114.3206007	48.2020089
Pennadomo	41696	14.3312451	42.0068265
Balsareny	347949	1.8600955	41.8656704
Camposano	40951	14.5273522	40.9516207
Valstagna	46304	11.6710288	45.8825369
Guaporema	297630	-52.8121364	-23.3315001
Picinisco	41417	13.9310497	41.6606519
Reimerath	1075162	6.9567478	50.3061054
Pedemonte	1650903	11.3076047	45.9147648
Grandrieu	1070498	3.6429761	44.7750531
Valeilles	136541	0.9134822	44.3623124
Umbertide	42384	12.3069783	43.2810837
Colldejou	342001	0.8695308	41.1020947
Castenaso	43218	11.4743417	44.5123775
Sassinoro	41271	14.6477222	41.3772898
Kingsport	197324	-82.5054736	36.5144604
New Albany	127470	-85.8231509	38.3058225
Fraiburgo	296730	-50.8787473	-27.0271865
Sedlec-Prčice	436678	14.5159889	49.5764227
Saalstadt	1250997	7.5543230	49.3256296
Ventschow	1444914	11.5607325	53.7900505
Choszczno	2642767	15.4291595	53.1688015
Lucinasco	42763	7.9594310	43.9610862
Casalmoro	44608	10.4144250	45.2710232
Rocquigny	153027	3.9716112	50.0164725
Castellet	108145	5.4791427	43.8336920
Kotelnich	1257471	48.3268956	58.2979780
Raghistan	6564800	70.6088583	37.6815475
Xoxocotla	6037871	-97.1656207	18.6296442
Nopalucan	6037742	-97.8255713	19.1934825
Karimpur-I	2777764	88.6800881	23.9949999
Sotouboua	3338160	0.9471545	8.4847995
Tchaoudjo	3338162	1.1338481	8.9826228
Cendajuru	2985727	30.6020893	-3.3127630
Marquelia	5606006	-98.8006566	16.6238334
Chimalhuacán	5605654	-98.9561057	19.4183298
Seke-Banza	5327848	13.4044476	-5.2948601
Toluviejo	1324939	-75.4504485	9.5029230
Dursunbey	1820649	28.6273355	39.5299493
Atlapexco	5605552	-98.3775284	21.0207468
Girimulyo	5615278	110.1611981	-7.7502569
Mii County	4009006	130.6152715	33.3833785
Schwangau	448297	10.7589108	47.5796844
Mulazzano	44778	9.4011777	45.3686532
Kozienice	2649921	21.5322015	51.5860342
Soverzene	47040	12.3319046	46.2100559
Brownwood	113261	-98.9858379	31.7337889
Cordovado	179157	12.8953782	45.8443575
Sarmstorf	1971866	12.2010609	53.8537146
Gerterode	2395069	10.4841319	51.3825243
Polesella	43885	11.7443336	44.9695575
Arboletes	1343443	-76.4194839	8.6660254
Csipkerek	1131454	16.9442086	47.0929675
Les Barils	1113142	0.8144471	48.7252478
Suchonice	438542	17.3785053	49.5246426
Essenheim	1245314	8.1555728	49.9382820
Rapla linn	352496	24.8046588	58.9992134
Strongoli	39849	17.0653419	39.2387235
Gumbsheim	1248624	7.9990987	49.8139107
Aystetten	443333	10.7680558	48.4057063
Bardonnex	1685449	6.1183058	46.1497051
Àldara/Ardara	40636	8.8175927	40.6305519
Biskoupky	442027	16.2696967	49.1037551
Confignon	1685472	6.0873158	46.1778662
Morrinhos	334585	-49.1371233	-17.7998522
Granjeiro	302630	-39.2533077	-6.9200000
Burgwedel	1177824	9.8889762	52.5371782
Grapevine	114452	-97.0675148	32.9346365
Czaplinek	3010502	16.2380878	53.5569906
Tvorovice	438284	17.2188175	49.3768382
Herrenhof	2816717	10.6885276	50.8429928
Correggio	43563	10.7620438	44.7561767
Igensdorf	1080520	11.2272346	49.6178640
Tateshina	3633076	138.2887274	36.2053394
Chomutice	440049	15.5002219	50.3596248
Nevratice	439928	15.4790271	50.3455970
Gorsleben	2388430	11.1912143	51.2754914
Borxleben	2387422	11.2252003	51.4013297
Havlovice	440060	16.0388816	50.4894827
Ishkashim	6564177	71.4331017	36.8836608
Hallstadt	544953	10.8746515	49.9307735
Pincehely	1403024	18.4091596	46.6931032
Ishkamish	6566863	69.4347743	36.3798702
Arghistan	6588691	66.4747900	31.5187552
Ópusztaszer	1025114	20.0466819	46.5008976
Rocquigny	1813618	2.9244279	50.0554993
Herbstadt	391189	10.5044132	50.3409193
Raspenava	438980	15.1313918	50.8859261
Estarreja	5321485	-8.5783684	40.7613416
Hamamatsu	4674741	137.7076566	34.8554269
Kirishima	3978596	130.7897840	31.7737920
Triwidadi	5615363	110.2716383	-7.8581336
Tirtosari	5615550	110.2978891	-7.9858596
Wukirsari	5615483	110.4114758	-7.9114153
Sidoagung	5615706	110.2983644	-7.7661809
Girimulyo	5615581	110.4393463	-8.0435563
Giriwungu	5615579	110.4157178	-8.0530831
Girisekar	5615547	110.4657987	-8.0375326
Leirfjord	408218	12.9772396	66.0962773
Hargorejo	5615597	110.1074279	-7.8541081
Tegal Alur	5802171	106.7176021	-6.1159573
Pasar Baru	5802134	106.8346362	-6.1657090
Wukirsari	5615626	110.4468055	-7.6520334
Lisle Town	4611802	-76.0493604	42.3621505
Općina Vižinada	6466257	13.7468806	45.3270949
Jogotirto	5615436	110.4720599	-7.8129505
Jánoshalmai járás	2374281	19.2606034	46.2847153
Cerro Mesa	3987995	-67.7067584	-46.1896104
Kvinesdal	405975	6.9539610	58.5181307
gmina Bolków	2709657	16.0646964	50.9227174
gmina Kórnik	2863993	17.0712098	52.2468516
gmina Ostrów	3017105	21.6176947	50.1437740
gmina Czchów	2666894	20.6465478	49.8430727
Rhein-Selz	3862089	8.2861628	49.8256253
Les Pujols	2070523	1.7122624	43.0893333
Ca' d'Andrea	44208	10.2888939	45.1110049
Childress	6595883	-100.2920328	34.4274295
Hlohovice	439817	13.6348924	49.8889341
Kennebunk	2021556	-70.5282874	43.3719560
Narodychi	3877583	29.0737129	51.2035206
Hermrigen	1682478	7.2407471	47.0812286
Kota Bharu	6311590	102.2754958	6.0521459
Swissvale	187485	-79.8859142	40.4199315
Acquaviva	3012938	12.4182699	43.9451590
Le Chillou	150059	-0.1200633	46.7688259
Surpierre	1683406	6.8547867	46.7422501
Arnoltice	439574	14.2539900	50.8379120
New Albany	182610	-82.7813719	40.0861763
Fernhurst	2996194	-0.7171741	51.0495636
Natendorf	1460247	10.4589457	53.0583167
Twistetal	198579	8.9509307	51.3338255
Entre-Deux	317234	55.4869194	-21.2106671
Lelchytsy	5598625	28.3251978	51.7864572
Ocean View	6296873	-75.1100999	38.5364139
Impilahti	4012328	31.1736934	61.6670284
Wood River	123472	-90.0804984	38.8620740
Ebersburg	454870	9.7781719	50.4592021
Riverwood	130387	-85.6617372	38.2821220
Kropotkin	4636537	40.5734452	45.4374266
Nowy Wiśnicz	2760233	20.4534146	49.9150902
Reinsberg	416000	13.3903958	51.0175495
Vicentina	334043	-54.4251295	-22.4892950
Newfields	339434	-70.9723041	43.0369945
Green Tree	187458	-80.0573139	40.4157504
Meyerland	3726371	-95.4679866	29.6794668
Ratnagiri	1986246	73.2761783	17.2744800
Chontales	2194866	-85.1854994	11.9865962
Brookston	137429	-92.6014040	46.8656455
Margraten	1419267	5.8224009	50.8230309
Sosulivka	3167514	25.8329288	48.9212103
Marpingen	1184604	7.0650568	49.4564543
Connewitz	2198517	12.3645154	51.3037593
Horní Libochová	441710	16.1543598	49.4077380
Hirnytske	3936145	38.8370083	48.0003162
Arturo Seguí	3263532	-58.1282886	-34.9003431
Al Kurumuk	4677316	34.1327477	10.0828614
Bumiharjo	3814928	110.5024768	-7.6196374
Gerugu Dam	4457679	111.5410949	1.9731948
Lac Loudon	3154194	-74.9598623	49.2182361
Lac Joliot	3132138	-74.0141492	48.9504579
Lac Vignon	2567558	-74.2077212	49.9937527
Lac Maryse	2582694	-75.2399861	49.8316002
Lac Masson	1479135	-75.8332226	48.1157300
Lac Louise	1244516	-71.4158664	45.7187639
Lac Arleux	1480386	-76.2211455	47.9170288
Lac Towago	1864699	-67.5678409	48.6293725
Lac Cotret	2465200	-73.6114570	49.4994930
Lac Ernest	932810	-78.2838545	47.1126753
Lac Doulon	1526478	-76.9087181	47.3794124
Lac Nugent	1526528	-76.9575910	47.7482773
Lac Drouin	1436987	-70.9464316	46.4429369
Moon River	3378789	-79.7510027	45.0529851
House Lake	5389318	-65.3805425	44.2474984
Eiavatnet	2687887	6.2404163	58.4331068
Nault Lake	2437465	-66.6320827	53.3576642
Lewis Lake	2514919	-66.3648677	53.7527763
Sixth Pond	1802757	-54.0529727	48.9957423
Lewis Lake	2597296	-60.3299611	54.5306346
Noble Pond	1872204	-55.9285242	49.8216439
Leerke Ven	1585344	5.8643270	51.1792199
Nederrijn	1161627	5.7225017	51.9640228
Butte Lake	1328710	-121.2888007	40.5589067
Mariazell	3908794	15.2547857	47.7251245
Czaplinek	3950009	20.0509362	52.1946234
Lac Arques	6608367	-75.3070438	51.9033183
Lough Derg	12889	-8.3025301	52.9522839
Lough Derg	12700	-7.8649761	54.6155032
Lough Inch	48071	-9.1699966	53.2707508
Lac Masson	899657	-74.0338680	46.0416813
Suolisjärvi	403286	28.7008792	69.4001211
Glottrasjön	7411528	15.3960466	58.9670738
Magrassen	6244037	13.8249297	62.2683968
Ahmasvesi	7217519	21.5054703	60.6613108
Storemose	1958775	9.3952502	55.8554512
Blood Pond	6286096	134.1021349	34.3577855
Lough Free	2648806	-8.3855741	54.7975987
Mosvatnet	3781741	5.7707385	58.7574494
Roosa Lake	3891582	-74.2437203	41.8570862
Fryszerka	2958174	19.5025844	51.1377418
Starý Vdovec	1740351	14.8273575	49.0357628
Drazevici	6384676	19.7601717	43.4519169
Okruglica	7286272	22.2166831	43.3744769
Itirapina	298121	-47.8220140	-22.2885000
Hurundsjøen	4871092	9.9118334	62.8900640
Stora Kisjön	3047795	13.9106023	60.1573749
Langtjenn	5781731	9.3514464	58.9013341
Holtjønnlon	7548585	9.9391350	61.3840504
Dyrvatnet	4854264	5.1875644	59.8133522
Mosvatnet	6165354	5.9176055	62.3788559
Stary Władysław	7322889	22.1729230	50.6835952
Schwansee	2326260	14.3848451	52.0160191
Palestina	297959	-49.4746877	-20.3381120
Smilov Laz	7484354	20.6389703	43.0238940
Markovice	6946675	21.2517002	43.1231422
Raduhovce	7475155	20.4043951	43.0368533
Bulatovac	6969994	21.5049025	43.2642678
Podlasek Mały	6876400	19.2688414	53.5252142
Lough Agay	2553735	-9.6803707	53.4430661
Rebordosa	5928413	-8.4160193	41.2156971
Lubstynek	6832970	19.8740879	53.5252143
Sreckovac	5364581	22.6954663	43.0349562
Leskovica	7224580	22.3883362	42.9666844
Boljev Dol	6665793	22.9227083	43.1212520
Dragovita	6665557	22.6703320	42.9306724
Jouttijärvi	135789	25.9769687	66.3541250
Häbbersträsket	2341109	20.6437148	65.7160045
Niesulice	3525973	15.3881316	52.2057406
Targowica	6407624	16.9649852	50.6830694
Ozorowice	6209534	16.9696550	51.2432578
Jouttijärvi	2667348	24.2581062	61.8253116
Jouttijärvi	4032986	24.3085488	62.1546595
De la Poste	6081606	23.5963685	-6.1187716
Bereżnica Niżna	6950653	22.4131681	49.4125856
Sljivovik	7256108	22.3741429	43.1479198
Ravna Gora	7223628	22.2014146	42.9222484
Vuolgamašjávri	7198490	23.3563489	69.1386057
Trivatnet	7850431	15.2096011	68.4242277
Häbbersträsket	2326370	20.1152129	65.3626875
Entrelacs	5804804	5.9237328	45.7863662
Puukkojärvi	7738491	29.4057015	65.4956249
Oppdammen	189964	17.9657339	60.2024229
Valklampi	7139167	24.4697739	60.3122548
Hoyo Mulas	4468008	-65.9432870	18.4073180
Medianía Alta	4467685	-65.8412525	18.4178658
Florencio	4467782	-65.6753893	18.3152688
Higuillar	4468031	-66.2877302	18.4526232
ež. Vistutis	4712372	26.2766608	55.1958785
Wagnersee	5377877	8.6476858	49.2617984
Seilersee	905970	7.7155332	51.3874472
Okains Bay	6725344	173.0762159	-43.6865408
Reservoir	4822499	108.7714081	37.2689175
Sarisambo	3718238	46.7917940	-25.0985815
Page Ponds	2772419	-121.9594679	37.2711087
Berry Lake	3807106	-100.1168961	48.9331717
Lewis Lake	6632393	-120.7841616	48.5134721
The Lagoon	3997253	153.0012704	-27.5408639
Cyote Lake	1143946	-119.0514221	37.4640424
Lords Lake	5708157	-122.9333676	47.8820539
Lac Serent	1457718	-74.3161113	46.7551873
Entrelacs	7707058	-74.0061988	46.1320938
Nkondjock	3834178	10.2083754	4.7856910
Pogey Lake	3811034	-83.7708117	47.4598353
Lloyd Lake	4031986	-83.2259481	48.4120911
Lewis Lake	3234240	-81.8315881	46.0118473
Gerow Lake	944417	-79.6668394	45.2124089
Groom Lake	1446349	-79.1870125	45.5392031
Puba Vidau	3721443	12.4180288	10.3977470
Nassarawa	3709553	7.2239417	10.4621397
Estes Lake	1228307	-70.6761757	43.4251995
Hoegi-dong	3882166	127.0508919	37.5947264
Trude Lake	4049198	-90.1540638	46.1133483
Lloyd Lake	6498076	-80.9941529	47.8592548
House Lake	3928489	-80.9551732	47.7221976
Reservoir	6081552	-71.1257232	42.0016067
Lac Brymer	900160	-74.8318198	45.8710860
Lewis Lake	2138368	-63.3833750	44.7506021
Beautiful	2062910	-125.3362942	49.6875680
Lewis Lake	2397629	-124.3514412	49.9586721
Milo Lakes	7419238	-150.0937856	61.6702361
Lorin Lake	2911475	-120.6153985	51.7411414
Cranbrook	2221418	-115.7558591	49.5306277
Maitsidau	3710659	8.4922824	12.3503819
Turmakhad	5954684	81.3767494	28.9390064
Gyalganye	3707030	4.9870237	12.1257491
Chitrawan	6083985	84.2920572	27.6298926
Lake Lotta	1168981	-81.5108772	28.5527885
Wapsi Lake	911691	-95.2433302	46.9875704
Clapp Pond	195780	-79.4660905	35.7745071
Reservoir	5792222	110.6574979	19.5181982
Lewis Lake	358977	-107.7773567	37.8735952
Butte Lake	3803702	-100.2169313	48.8472483
O'Dowd Lake	301899	-93.5166283	44.7413797
Jenny Lake	401575	-91.0972716	48.0871471
Kirvunjärvi	5320634	29.2860728	61.0690063
Valklampi	2316351	29.6498211	60.2432394
Lac Louise	3073046	-71.6864859	47.2701780
Lac Lietto	1483376	-72.0525754	47.2245002
Lac Sourus	196672	-75.4725465	47.5701863
Lac Yorick	196670	-75.6661847	47.6815969
Lac Shovel	196435	-76.4168598	47.1453583
Lac Morant	196580	-75.4097114	47.5050690
Tomoe Lake	918298	-92.2696675	45.9111370
Lac Rivals	2604487	-66.6820649	54.8701748
Stell Lake	5345376	-87.5232372	51.6959687
Stell Lake	5345648	-87.5285481	51.6806370
Tramp Lake	5944493	-91.7926454	50.2034362
Studd Lake	5302331	-87.9489145	51.2224731
Loven Lake	4130874	-87.7554321	49.1710600
Berry Lake	3600758	-84.2185954	47.7235852
Berry Lake	3600759	-84.2452628	47.7335393
Berry Lake	1118276	-84.2612621	47.7289139
Tannensee	2642	10.1117152	48.4440573
Jol Jamoat	6870526	70.1993550	37.7257459
Huangping	2170017	105.2322622	32.5096035
Reservoir	371582	114.3014816	31.1113727
Kiesgrube	2395995	14.6915648	52.0045541
Huanghelu	5910453	94.9513698	36.3946368
Jouttijärvi	2133544	23.6466886	62.0737275
Musambira	3953742	29.8395896	-2.0191808
Pomazotin	7461307	21.0222267	42.6205738
Buciumeni	1643217	27.7067695	47.3613986
Lake Lewis	5135407	-64.3928028	44.7924793
Lac Louise	1163364	-62.9864480	49.4918754
Suryodaya	6675668	88.0577668	26.8790849
Lago Manso	6824250	-71.8316765	-41.2045062
Tannensee	6435138	8.3054697	46.7734096
Hoge Vaart	1173469	5.3984033	52.3191145
Hoge Vaart	1176011	5.6511375	52.4382796
Hoge Vaart	5323576	5.4571920	52.3424919
Swan River	371878	115.9400064	-31.9228100
The Lagoon	1404341	-71.0696882	42.3538983
Batty Lake	5998467	-111.6120486	54.1047591
Lewis Lake	3800469	-131.0842162	62.6109425
Jenny Lake	2133563	-138.3628323	61.0444299
Swan River	2401246	-101.4216575	52.0623079
Jenny Lake	1425551	-101.5153501	54.7598420
Noten Lake	1418818	-101.2316325	54.7941935
Javornice	440629	16.3641534	50.1685237
Schipborg	1464187	6.6838391	53.0667038
Paredones	252813	-71.9397821	-34.6740832
Magnuszew	3350109	21.3800229	51.7551223
Mazomanie	251452	-89.8009019	43.1734890
Angermund	93586	6.7774257	51.3323381
Bouzareah	542498	3.0062242	36.7890419
Piertanie	6801066	23.1050639	54.0943904
Bousekene	2914188	3.2157347	36.1951316
Gorredijk	158295	6.0633029	52.9938553
Earlimart	3328366	-119.2725961	35.8799715
Velký Karlov	437216	16.3197075	48.8000466
Cherbourg	1655434	-1.5755044	49.5127197
Trudivske	3943133	37.6535941	47.5862974
Sellingen	1434038	7.1236880	52.9447894
Querstedt	3643308	11.6777930	52.5995754
Gladstone	139821	-94.5510237	39.2039095
Welsleben	2255780	11.6416613	52.0089043
Eda kommun	935657	12.1906919	59.8074259
Rizdvjany	3167451	25.6113005	49.3198666
Seehausen	1284745	11.7876199	52.9135322
Gladstone	186586	-122.5887980	45.3880442
Boalsburg	189150	-77.7830342	40.7762914
Homer Glen	125778	-87.9429233	41.5964369
Inokojima	5145258	132.3186846	34.1977325
Likolahti	7245878	28.8722688	61.2308919
Hamnviken	7830731	18.6372354	59.3566463
Myskviken	7162806	18.4873813	59.2186423
Likolahti	7286411	29.1573723	61.3547745
Kāpiti Island	2701392	174.9151339	-40.8550388
Ingholmen	6188025	4.9023651	60.7093027
Maelonisi	542580	27.6392642	36.2503299
Inishturk	3516509	-7.5073005	54.2192096
Inishturk	3998520	-7.8722675	54.5162195
Vao Island	4676418	167.3090989	-15.8979367
Isla Level	4868526	-74.3778936	-44.4710151
Isla Santibáñez	6263648	-72.0759971	-54.2979571
Byrknesøyna	7668097	4.8983744	60.8863007
Fenoughil	4171609	-1.2198541	27.6092525
Tyszki-Łabno	6893761	21.9885857	53.4278301
Jeziernia	7065991	23.4308734	50.4043885
Bystrychi	5644294	26.9090146	50.8824392
Hollywood	7690266	-122.6200102	45.5347375
Ossenzijl	2695585	5.9164972	52.7981268
Ziemiełowice	4631558	17.7448983	51.0407564
Winnsboro	194076	-81.0926042	34.3693539
Rodnykove	3030901	33.9532967	45.0418000
Theobroma	325886	-62.2807001	-10.0900000
Fukuejima	5738090	128.7556385	32.6861244
Yorkville	182060	-80.7088023	40.1513986
Keewaydin	4192682	-93.2350939	44.9107349
Gramme-Aue	2411237	11.1099643	51.0693124
Hensbroek	161939	4.8944357	52.6547374
Eberstein	105883	14.5924137	46.7966138
Roosteren	1419387	5.8148849	51.0774677
Bakhuizen	162200	5.4552699	52.8674605
Winnsboro	132160	-91.7309319	32.1741585
Yorkville	124830	-88.4530227	41.7191390
Kiersnowo	6916871	22.9368781	52.7246552
Hurricane	198778	-113.3400977	37.1495160
Musorivci	3167252	25.8315531	49.7397825
Hitterdal	137252	-96.2588935	46.9764230
Riverbend	237374	-121.7553997	47.4697849
Hurricane	239949	-82.0257230	38.4259009
Oberndorf	1253874	7.8149397	49.7065040
Portville	175880	-78.3358587	42.0352960
Hampshire	125801	-88.4712198	42.1104315
Seehausen	5654475	12.4307412	51.4203767
Stráž nad Nisou	438955	15.0308260	50.7892946
Oberndorf	1180888	9.1569770	53.7486521
Brown City	135185	-82.9864377	43.2113289
Ben Aknoun	544814	3.0118657	36.7571629
Ponizovka	3846259	33.9444223	44.3982007
Tanah Luas	5461574	97.2249055	5.0206460
Wimbledon	181582	-98.4595594	47.1710675
Remlingen	180677	9.6982555	49.8114242
Mělnické Vtelno	437606	14.6780183	50.3554776
Gladstone	134989	-87.0218740	45.8510720
Zaleszany	7005126	23.9231813	52.9697385
Kukruse küla	351388	27.3825102	59.3986675
Stará Kremnička	2261489	18.8891695	48.6178902
Huodehong	3939198	103.4544488	27.0454388
Marpingen	7645416	7.0560140	49.4496886
Morscholz	7757603	6.8610405	49.5560139
Kotelnich	2626486	48.3263135	58.3056508
Palestina	5683201	-49.4737956	-20.3612291
Itirapina	5349647	-47.8157761	-22.2884106
Morrinhos	7583393	-51.9195324	-30.2812441
Vicentina	4111126	-54.4118136	-22.4119673
Itacolomi	6133232	-43.5742835	-18.9844370
Hirnytske	4621973	34.1502344	47.7194440
Urbina Eza	7413118	-2.8919272	42.8782050
Lommersum	3292470	6.8101774	50.7102776
Kiikoinen	2506780	22.5937745	61.4679167
Palestina	6186613	-37.3253250	-9.6805000
Hydrobase	5964540	-16.5124788	15.9849283
Alt Zauche	3546706	14.0168553	51.9120307
Seehausen	4500180	12.9221190	51.9467242
Sundsbruk	2742992	17.3598772	62.4581319
Urvaste küla	353671	26.5800898	57.9197258
Tõrenurme küla	355480	26.1812817	58.6286341
Meleski küla	355349	26.1138834	58.4363317
Halliku küla	351905	26.9205013	58.7040553
Oberndorf	3331989	9.4816697	50.1889543
Soldina küla	352355	28.0762705	59.3712829
Vaivara küla	352941	27.7794621	59.3698745
Itacolomi	7325151	-50.9794312	-29.8701918
José María Guido	6117161	-62.9806249	-40.8270840
Hervartov	2277806	21.1983443	49.2437110
Jarovnice	2277115	21.0453980	49.0645425
Peningi küla	350680	25.1613660	59.3286975
Urvaste küla	351937	25.0987997	59.2580046
Ilmandu küla	350622	24.4756416	59.4447602
Manniva küla	354081	25.1305074	59.4735174
Kuusalu küla	353431	25.4415254	59.4630399
Porto Rico	6277683	-57.4937130	-6.0542063
Suchohrad	2206970	16.8783309	48.4042036
Silvestre	6126807	-42.8634349	-20.7154802
São José do Calçado	1895370	-41.6725155	-21.0290848
Morrinhos	4735274	-42.6490750	-14.2059826
Itauninha	6133037	-42.9750900	-19.4074843
Letanovce	2382007	20.4363318	48.9532368
Makwaruzo	5502451	27.4925418	-11.7036322
Formigais	6461811	-8.4463440	39.7070593
Alvaredos	5739346	-7.0610301	41.8053739
Glanlough	6867879	-9.3917850	51.8749176
Glanlough	6876643	-9.6338777	51.6228576
Renneritz	2319381	12.2212689	51.6043813
Hollywood	6621541	-6.5915615	53.0751002
Zonnebeke	1266370	2.9758127	50.8654032
Molinilla	7411908	-2.9672165	42.7602427
Wangenies	3468708	4.5149325	50.4770795
Mýtne Ludany	2217993	18.6670739	48.1624336
Costa Sena	6133230	-43.7691952	-18.7076585
Forcalhos	6365515	-6.8177989	40.3738474
Ellingsen	3493709	8.2017914	51.5151710
Reppichau	2255974	12.0833508	51.8112924
Seehausen	2875171	11.7382872	52.8767187
Mutzschen	422914	12.8883805	51.2608563
Treiali küla	350603	27.3920428	57.7708036
Rathcoole	6527658	-7.1605999	52.7070093
Arrenkamp	1336061	8.4109830	52.4182596
Sabugeiro	6437623	-8.1056254	38.7843059
Kilcornan	6833592	-8.8804657	52.6015611
Corralejo	2833534	-13.8700964	28.7341996
Saint-Maur	1778121	1.6213225	46.7951378
Kavandu küla	354661	26.6166467	58.1847703
Brookston	127839	-86.8662910	40.5992155
Olterterp	158298	6.1103079	53.0677111
Affoltern	1702264	8.5067299	47.4206420
Ivanchany	3166632	25.5997240	49.7552783
Meeteetse	252307	-108.8541260	44.1540315
Burniszki	6730194	22.8356814	54.3840231
Mainville	189319	-76.3750189	40.9804290
Bret Harte	4195044	-120.9995192	37.6019974
Wanamingo	137373	-92.7859849	44.3015579
Jeziorki Małe	7248525	22.2157944	54.2240091
Królowy Most	7008413	23.4693121	53.1430311
Seehausen	1136098	8.6900396	53.1104885
Tumbotino	1746362	43.0087275	55.9936641
Riverwood	5556327	151.0534769	-33.9472651
Seehausen	3972227	11.2949099	52.1010759
Remlingen	1432636	10.6715721	52.1135557
New Albany	7156891	-89.0164630	34.4945605
Laurel Bay	192197	-80.7839075	32.4607395
Tomazetti	3486257	-53.7894752	-29.7338085
Reinsberg	129599	15.0791204	47.9927986
Harasiuki	6853853	22.4855909	50.4676372
Birchwood	251888	-91.5507891	45.6572084
Paden City	239879	-80.9368542	39.6023800
Winnetoon	169403	-97.9601183	42.5129139
Werchrata	6901807	23.4608316	50.2662661
Champvans	148723	5.4252546	47.1016332
David City	169620	-97.1285492	41.2556119
New Albany	188534	-76.4445501	41.6002264
Dobrowoda	6481944	20.7751734	50.4039273
Mooreland	127334	-85.2508716	39.9977484
Rodnykove	3942867	37.9433229	47.6845607
Millicent	6721126	140.3307718	-37.6041252
Gnatowice	5728847	20.1800161	50.1955699
Acquaviva	2024477	11.1206706	45.9881362
Pedersano	1401665	11.0209266	45.9203362
Gorsleben	3887131	11.1824417	51.2764041
Kholopovo	1370790	37.6394650	55.4571094
Fjaltring	6663739	8.1394555	56.4743406
Poza Larga	4606931	-97.2704493	20.4222153
Grchishte	6882554	22.5117787	41.2469988
Nikuljane	6839324	21.7927491	42.2180140
Agino Selo	6834641	21.6853380	42.0501212
Leskovica	6791497	22.2556078	41.6002967
Chemersko	6503635	22.1300643	41.2568071
Stari Grad	6806490	21.6681520	41.5781655
Otishtino	6809701	21.6893135	41.6692573
Drzhilovo	6949731	21.3408741	41.8491526
Zarapinci	6658717	22.1548640	41.9392543
Ellerslie	6002788	147.9101009	-35.3075696
Thevenard	6199060	133.6534813	-32.1461840
Solidarne	7014704	34.6424638	50.9034155
Llandudno	2035211	18.3440155	-34.0095100
Voloshino	2521176	33.6458777	46.1132498
Makhunjra	2645835	41.7597493	42.6103870
Kisgishan	4291050	59.1682447	56.8401293
Korablino	1636192	39.9956704	54.5394064
Suchohrad	4154889	16.8572086	48.4069994
Obolonnia	4636475	24.0103934	48.9572137
The Lagoon	6044582	149.6187200	-33.5468221
Ababurovo	5903261	37.2711581	55.6401591
Geresdorf	7429529	12.4467069	49.1491900
Kołaczkowice	6482463	20.8654007	50.5014568
Nassarawa	3710333	8.5788275	12.0090164
Nadarzyce	3258284	17.6213589	52.2990208
Zwevezele	1387969	3.2053756	51.0422255
Zavadivka	3166961	25.0472269	49.1395600
Luddeweer	1475384	6.7376716	53.2507663
Saint-Maur	5812434	1.6333876	46.8109658
Stare Kiełcze	6893842	21.9928823	53.4642464
Winnsboro	6603700	-95.2846012	32.9548290
Tal as-Sabi	1376827	34.8667911	31.2492905
Wola Świdzińska	6175854	20.0778747	50.9284421
Nienowice	6727875	22.9289566	49.9410031
Czaplinek	4435999	21.1357725	51.9485520
Dobrowoda	6774997	23.3943907	52.5670459
Zaleszany	6775314	23.3173491	52.6352904
Wilka-Bory	6146536	14.9966051	51.0446275
São José do Calçado	1828258	-41.6484617	-20.9758273
Inishturk	5763894	-10.1102885	53.7028098
Rock Falls	129226	-93.0864014	43.2068215
Hollywood	194131	-80.1801424	32.7597290
Gladstone	126135	-90.9569277	40.8643705
West Alton	141573	-90.2093852	38.8651939
Perrinton	135156	-84.6792964	43.1804339
Bonesteel	195186	-98.9472267	43.0765280
Gunderman	6039476	151.0548851	-33.3967317
Wallalong	6059306	151.6413237	-32.6939931
14 Ramadhan	2964819	44.3326495	33.3162446
Finnadoos	5632545	-8.0256565	54.6662609
Ohlendorf	3413862	10.4507967	52.0589234
Immendorf	3410351	10.4394887	52.1411406
Tullywana	5489812	-7.9201268	54.1081366
Sruhanagh	5492099	-7.9834766	54.1873227
Numeralla	6079565	149.3381664	-36.2027953
Koo Wee Rup	2449619	145.4701984	-38.1898650
Knockpoge	5478279	-8.4829749	51.9093007
Killoneen	4196373	-7.2510989	53.2972436
Reanahoun	6102569	-9.0669720	52.3223286
Rathcoole	5396529	-6.4552736	53.8313112
Knockacur	6190747	-8.5872494	52.2104471
Poulleagh	6188262	-8.4588947	52.2272887
Park South	6190087	-8.5329310	52.2236379
Arnestown	3415652	-6.7244289	52.2895942
Drumslade	4521569	-6.6962057	55.1596954
Dunkereen	6169587	-8.6562633	51.7901549
Newhouses	3950915	-6.3392811	52.2244542
Tonamaddy	5148369	-8.3631721	53.6066149
Glenstown	5645390	-7.4182107	52.2871868
Park South	6230928	-8.1568989	51.9137822
Tobermina	6135965	-8.9569212	53.4855673
Monee East	6105513	-8.5759378	52.0950350
Knockmaon	5839614	-7.7216915	52.0930160
Madina Marché	5567230	-13.6650332	9.5410718
Carranboy	3565509	-7.6898613	54.4808130
Cloonturk	5823150	-8.8627659	53.8610613
Dunnamona	4671281	-7.3675881	54.5466659
Munmahoge	5651293	-7.1653860	52.2001320
Munmahoge	5651292	-7.1713216	52.1935197
Drumaduan	4523014	-6.5705028	55.1069263
Drumaduan	4476204	-6.5840870	55.1090343
Kyle Upper	2966727	-6.5243786	52.3855226
Marielund	4247467	16.1673744	58.5949379
Coolnanav	5828122	-7.7233495	52.1109617
Inishturk	5760544	-9.6104014	53.8569595
Coolagary	4207579	-7.1959684	53.2338392
Ellistown	5498109	-6.9777358	53.1886398
Garranroe	5677838	-6.7010778	54.0475522
Lisnarode	4475436	-7.6112617	53.1430730
Cloncurry	5493050	-6.9466184	53.2381739
Arttiquin	6185787	-8.0834220	51.9019008
Loughinch	3888559	-9.1569832	53.2710926
Jarovnice	2277077	21.0356679	49.0628585
Knockpoge	6169232	-8.5982928	51.8371938
Cloncurry	5477853	-7.5141717	52.5670915
Vicentina	7257895	-51.1672759	-29.7778036
Starinagh	4570099	-6.4785976	53.7618853
Morrinhos	7826615	-43.8630323	-16.7346932
Ardcloyne	5960216	-8.5688614	51.7173959
Attishane	5149897	-9.3679928	54.1436231
Drumcavan	6185171	-9.0407869	52.9238315
Gortnalee	4522450	-7.6303870	52.8819271
Tirmacmoe	5656487	-6.8617535	54.2319454
Killyvehy	2185178	-7.7239989	53.9028631
Tieryrone	6170271	-7.0810713	55.2149747
Cloncurry	4213896	-6.7896521	53.4145047
Arodstown	4545884	-6.6667715	53.4951101
Glanlough	5877950	-9.6136691	51.6273797
Kincraigy	5560570	-7.6476840	54.9219202
Toorboney	5892964	-9.1632667	52.0465617
Aghanrush	4182543	-7.4321052	53.2208431
Sandholes	2107202	-7.3602737	54.1641815
Kilcornan	4565041	-9.2735956	52.9443023
Rocklands	1022634	0.9346099	52.5341307
Liscartan	4677462	-6.7349195	53.6676523
Ballygawn	4239178	-5.9142277	54.9111900
Mace North	6364957	-9.4279114	53.7824514
Moynasboy	4431200	-6.7995215	53.5306870
Inishfesh	6837994	-9.6326693	53.8670694
Turramore	5241949	-8.7818636	53.0768697
Breanrisk	2338498	-7.8160745	53.8107721
Cloonturk	5145159	-9.1784238	54.0860100
Usk Little	4793036	-6.7620265	53.0661216
Lissameen	2310216	-7.6559312	53.7441110
Cloonrane	5174127	-8.1630402	53.7574854
Moymlough	3541006	-8.5748740	54.1721104
Hohleborn	3116773	10.4634479	50.7811510
Ratawragh	5357493	-8.0731003	53.4537195
Roe Island	6851767	-9.2816647	54.0675849
Meentolla	5981117	-8.3485736	52.6754627
Garranroe	5445195	-7.7421610	52.7141492
Drumachon	5743829	-7.2130533	54.0510964
Dunnamark	5972322	-9.4458470	51.6964373
Cooldotla	5475482	-7.9193286	52.6726810
Lisavaddy	4665972	-7.3076087	54.4848820
Annistown	6364403	-8.0357291	51.9424004
Birchwood	5306145	-7.3819179	52.4087252
Drumcarra	5481053	-7.9001865	54.0502692
Okains Bay	2726059	173.0172568	-43.6847156
Toberduff	2497954	-6.2479740	52.7072458
Boleybaun	2519228	-6.2425077	52.7331137
Kilcornan	4263910	-8.8642857	53.2304420
Lurgabaun	5251913	-8.7519188	53.0711489
Lisbrogan	5810118	-8.9853114	53.9345209
Meentadun	5638492	-8.4799117	54.7092252
Gortaleen	6129341	-9.0112243	51.7698242
Moulton CP	1398904	-0.0642997	52.7969885
Cloonturk	2180649	-7.9067224	53.8725194
Knockmark	4539016	-6.5897955	53.5092318
Fassifern	5993949	151.5781823	-32.9816740
Garranroe	6089967	-8.7253299	52.5585038
Gortnalee	3619212	-8.0632416	54.4514018
Clinstown	4445092	-6.2921144	53.6195086
Tirkeenan	5657050	-6.9628696	54.2462949
Moyhullin	4165275	-9.1025902	52.9073698
Ring Green	3707899	-6.3851541	52.1916288
Tinnahask	2961073	-6.5223438	52.4153656
Querstedt	4718589	11.6694104	52.6033357
Moanflugh	6133208	-8.9820996	51.9659926
Roundwood	3631523	-6.2127427	53.0524197
Riverbend	1792025	-97.0944279	49.9618096
Palestina	4023065	-37.0651671	-10.8954626
Knockeens	6344620	-9.4885653	51.9176520
Killinvoy	5396222	-8.0826379	53.5552707
Glenastar	6129232	-9.1096041	52.4984333
Furryhill	4141106	-6.5396579	53.2257733
Jack River	2693244	146.5601032	-38.6118601
Borský Peter	2203762	17.2620968	48.6272308
Mýtne Ludany	2217857	18.6670739	48.1624336
Stará Kremnička	2261449	18.8891695	48.6178902
Wimbledon	6058057	149.4325905	-33.5404782
Hollywood	5407966	-6.3715529	53.4298918
Annaghloy	2377488	-8.3084525	54.0514705
Gortaveha	6203452	-8.6525089	53.0305175
Bornhorst	3677207	8.2810099	53.1678573
Dunnamona	3365420	-7.7713000	53.4957338
Camletter	2919779	-7.5792189	54.1802019
Ellistown	5423141	-6.2618797	53.5347249
Ellerslie	3157868	142.6426347	-38.1458000
Ironstone	6669372	137.9823103	-35.7400039
Phu My Ward	2766948	106.7382680	10.7081632
Kilcollin	4122889	-7.5790862	53.3505109
Pennyburn	5153338	-7.3175322	55.0118637
Cloonrane	5537446	-8.9333370	53.6521714
Kilbraney	3303434	-6.8302039	52.3237662
Arnestown	3229044	-6.9179057	52.3788164
Kilvinane	6031079	-8.9992509	51.7106784
Letanovce	2381961	20.4363318	48.9532368
Millmount	6002465	-8.5551922	52.3956660
Reinsberg	1158623	13.3700970	51.0095668
Kilwarden	4240816	-7.0492552	53.4663358
Hervartov	2277684	21.1983443	49.2437110
Kilcornan	6244766	-8.7763910	52.8041996
Lisavaddy	5638702	-8.3521087	54.6582994
Seehausen	4718252	11.7344105	52.8871353
Bockleton	1875149	-2.6011541	52.2627865
Loughawee	3364197	-9.7409201	53.3698569
Lue Island	6796640	-9.7386893	53.4981111
José do Prado	7037631	-44.0600747	-19.9836690
Deepwater	7065072	139.8236389	-36.1403248
Nuriootpa	6547659	138.9791693	-34.4647818
Bagot Well	6547469	138.9869736	-34.2975905
Point Pass	6540120	139.0616974	-34.0864080
Gladstone	6384160	138.3690004	-33.2814657
Chantiers	2644668	2.1355972	48.7940434
Deepwater	6069819	151.9466524	-29.4448578
Coolbally	4541264	-7.5234371	52.9016969
Kilcronan	4581733	-7.3014888	52.8674311
Gortacarn	2919935	-7.6965825	54.2356467
Kozieniec	6891959	19.6788052	53.2576602
Medbourne	6670944	-0.8224399	52.5331006
Killeshil	4189771	-7.2801421	53.3209298
Wappenham	59507	-1.0898261	52.1031538
Moulton CP	1742750	-0.8576009	52.2994565
Toberogan	5634764	-6.7375635	53.0977925
Cornapark	2385869	-7.5815552	53.6559624
Kilcornan	4194956	-7.7536784	53.5012228
Cloonturk	2377222	-7.8327469	53.6975196
Itacolomi	5418176	-44.1717424	-19.9228301
Taghboyne	4151765	-7.5321660	53.4805626
Tannenhof	1420728	8.2964571	52.7104183
Glanlough	6026937	-9.4710913	51.6174720
Garrygort	5499110	-7.6631126	55.1017724
Poppyhill	5953780	-8.3816186	53.2477064
Poppyhill	5953801	-8.3963343	53.2499177
Northwold	1022752	0.5773957	52.5431885
Ringstead	1022506	0.5540721	52.9327518
Rohrmoser	5374839	-84.1144315	9.9420168
Moyarwood	6182039	-8.5180460	53.3464054
Roundwood	4621556	-7.5285617	53.0260562
Thursford	1022705	0.9517125	52.8647186
Birchwood	4166130	-6.1405807	53.0307720
Killenora	2202794	-6.8284178	52.8109013
East Coker	2871330	-2.6508221	50.9152104
Wando Vale	3178650	141.3838704	-37.4734750
Tuckamine	2203853	-6.7284292	52.8485738
Lisnevagh	2203052	-6.6795119	52.8571799
Sever II(7b)	3526884	18.8147417	49.2512267
Moorfield	4614306	-7.5394406	54.4770289
Peasemore	3986069	-1.3373532	51.4945266
Skendleby	1852395	0.1432607	53.2129564
Llandudno	5216241	-3.8084894	53.3156887
Birchwood	1433116	-2.5223041	53.4235381
Bickerton	1414765	-2.7311747	53.0744725
Kilmannin	5745598	-8.7658244	53.7742688
Clenlough	5377081	-7.0975324	54.2364372
Crowcombe	2702139	-3.2309709	51.1169848
Goathurst	2706309	-3.0624291	51.1023190
Ullenhall	2746952	-1.8125641	52.3035205
Bransford	1875151	-2.2992865	52.1627331
Quinton CP	3513475	-1.7401261	52.1181717
Fringford	4177415	-1.1346637	51.9434732
Hemsworth	7209270	-1.3570250	53.6206714
Foulridge	7611774	-2.1692178	53.8795799
Ringstead	1674654	-0.5533988	52.3639508
Southwick	6594042	-0.5316328	52.5305350
Southwick	5541715	-2.2370229	51.2884693
Aghavilly	5274685	-6.7044892	54.3125542
Lisavague	5343971	-6.4650187	54.3756879
Drumnagar	5720642	-7.1727245	53.9974088
Mossyglen	4025221	-7.0188332	55.2475612
Maria Peçanha	7113870	-44.8792854	-20.1805430
Drumleene	5569134	-7.4980246	54.8756407
Javornice	428171	16.3641534	50.1685237
Chomutice	435091	15.4984819	50.3623252
Nevratice	435164	15.4790271	50.3455970
Knockeens	5851682	-9.6510510	51.5481762
Havlovice	426096	16.0388816	50.4894827
Kirschhof	4492491	6.9446431	49.3508341
Curraveha	3642980	-9.2516932	53.4185104
Dubí u Teplic	431494	13.7872016	50.6907069
Malobratřice	426670	15.0842603	50.4757501
Clowninny	4099578	-7.4371892	54.1317708
Stráž nad Nisou	432144	15.0267431	50.7883242
Raspenava	431684	15.1313918	50.8859261
Garranroe	5687291	-6.9547830	54.1774019
Bomplandt	6970246	-49.2466233	-26.4128754
Saintbury	6084760	-1.8285033	52.0542553
Suchohrad	2206940	16.8783309	48.4042036
Clonbuogh	5438151	-7.7233703	52.8264954
Ohlendorf	2850959	8.8720289	52.7121533
Kilcornan	5626698	-8.3128437	52.5000762
Kilcornan	4042950	-8.5599189	53.5434157
Nodestown	3504738	-7.9001456	52.5823169
Rossglass	5749435	-8.9608549	52.1186148
Westhorpe	4867763	0.9903972	52.2862176
Stranagap	5495682	-7.9735355	54.2136572
Knockaboy	6195030	-8.6018197	53.3439449
Arnoltice	430440	14.2539900	50.8379120
Mělnické Vtelno	429004	14.7139912	50.3608637
Largandoy	3571628	-7.4307030	54.4106723
Knoxspark	3515001	-8.5039097	54.2049120
Lawarreen	6105544	-9.2169785	53.7299400
Scrowmore	5937441	-8.2132241	52.3121395
Itacolomi	6568268	-48.6870956	-26.7321694
Fartamore	6105522	-8.9291981	53.5765416
Gutierrez	5989436	-48.2013193	-18.6698196
Ellerslie	7820680	-113.4576188	53.4287160
Knockeens	5878727	-9.6659280	51.6108845
Inishthee	4106474	-9.3779780	53.5043791
Biskoupky	425532	13.6819044	49.8767701
Boleybaun	5559973	-8.1917829	54.1708968
Sruby na Šumavě	424839	13.0320891	49.3047846
Vahlovice	425517	13.9496346	49.4437547
Moorfield	5602078	-8.1886450	53.1839420
Městys Blížkovice	435574	15.8522237	49.0012971
Mramotice	427061	15.9934754	48.9003980
Kilwarden	5635266	-6.5557683	53.2501584
Roscahill	5896157	-9.6046862	53.8367322
El Palmero	3558921	-1.0705417	37.6635590
Tvorovice	430418	17.2188175	49.3768382
Toghereen	5500100	-7.0168691	53.1621158
Wormshill	2377362	0.6870402	51.2814669
Hawkhurst	2404865	0.5036960	51.0527735
Gortatoor	6015444	-9.3333810	54.2726128
Chediston	4758840	1.4462836	52.3518518
Suchonice	430474	17.3785053	49.5246426
Turecký vrch	2206941	17.1540388	48.3285496
Přílepy u Holešova	431647	17.6215801	49.3187540
Middelpos	3259634	21.2687161	-28.4457025
Velký Karlov	434312	16.3197075	48.8000466
Coorannel	5988457	-9.5783127	51.7420729
Canrooska	5988212	-9.5436251	51.7779476
Horní Libochová	431705	16.1543598	49.4077380
Drouhavec	424228	13.4240783	49.2678397
Whetstone	6624494	-1.1787286	52.5548219
Wolferlow	6161340	-2.4883067	52.2593505
Weinsfeld	7857184	6.3659804	50.1971775
Gutierrez	3408814	-43.9586692	-19.9396377
Vila São Jorge 3ª Seção	3409140	-43.9629187	-19.9469181
Ranalough	6283428	-9.4938027	52.1823582
Killorane	6286126	-9.7989224	52.3168781
Clonaneor	5645336	-6.8323241	54.1388192
Hlohovice	430307	13.6422048	49.8898304
Lissadill	3012865	-8.5813671	54.3546578
Sudbury CP	948100	-1.7612116	52.8978379
Mobberley	1397942	-2.3106487	53.3241179
Sergievka	2005232	29.8465777	59.8864086
Treverbyn	5893818	-4.7936423	50.3736412
Follum Big	2098198	-7.2521778	54.2547928
Attishane	5262235	-8.7083876	53.7060287
Kilcornan	6196619	-8.7154570	53.3113943
Immendorf	55094	7.6631100	50.3753530
Inishturk	3344236	-10.1524690	53.5105623
Březová u Všelibic	423381	14.9716375	50.6337710
Cranbrook	7176350	-3.3989456	50.7519817
Bauteogue	4638760	-7.1820524	52.9946609
Birchwood	4603629	-7.4514085	53.1382063
Moreninha	5385842	-54.5724270	-20.5575530
Lanespark	5482603	-7.6762392	52.6071621
Knocknell	4073159	-6.4416582	52.2431910
Rathcoole	4545134	-6.4667366	53.2790881
Clonsilla	5373068	-6.4221267	53.3859551
Samsonagh	3910606	-7.7582304	54.3469465
Drumcully	3574303	-7.9905247	54.3493997
Hovingham	7846980	-0.9905993	54.1651762
Southpark	5517766	-7.9616911	52.1453718
Şehsuvar Bey	7648846	28.9669373	41.0042187
Prohoness	6073395	-9.3701290	51.5653966
Drumgague	3636174	-7.6781321	54.2575574
Tonyloman	3631294	-7.6370163	54.2905760
Uerdingen	6047241	6.6457886	51.3686775
Newfields	2043711	18.5331894	-33.9850971
Ocean View	3005262	18.3532766	-34.1498829
Rocklands	3887447	-8.9181794	53.2605171
Annagloor	5838529	-9.1112389	52.0689850
Gortaleen	4252829	-9.8354453	52.1641063
Clononeen	4504039	-7.6491864	52.9482030
Illaunree	4106164	-9.2821662	53.5247035
Drumourne	4250437	-6.0347803	54.9772961
Moorfield	5634749	-6.8048350	53.1715447
Vincentia	6076747	150.6742154	-35.0757368
Lauriston	2463117	144.3596801	-37.2654300
Keady More	5299617	-6.4542693	54.2415358
Lurganare	4675752	-6.3505904	54.2304883
Rossgweer	3569085	-7.7104909	54.4522109
Rossglass	4589399	-5.6717140	54.2454717
Alderwood	5488833	-7.2455533	54.3562221
Tivnacree	5225017	-6.7810969	54.2454987
Reservoir	2386843	145.0023750	-37.7122750
Clontylew	5248929	-6.5443494	54.4592470
Ennislare	5326632	-6.6625990	54.3135811
Ellerslie	6168020	142.0286206	-33.8229805
Kilcronan	5691128	-8.5168775	51.9562965
Baronrath	4628886	-6.6011914	53.2826851
Gladstone	6063550	152.9615832	-31.0193041
Pampoolah	6063737	152.5119700	-31.9370068
Aghavilly	4720149	-6.2346173	54.1386802
Machnów Nowy	7032471	23.6616563	50.3713814
South Hero	3075820	-73.3218647	44.6252980
Strzeżów Drugi	3475482	20.0384633	50.3847392
Dettensee	4462509	8.7194255	48.4185651
Fort Yates	181531	-100.6299031	46.0864415
Deepwater	140547	-93.7746640	38.2586720
Tebesbest	5711076	6.1126867	33.1115423
Dobrowoda	7100806	22.9966719	53.0380659
Immendorf	2613743	6.9552615	50.8512218
Plum Grove	1565676	-95.0901789	30.2000434
Vilshanka	6065416	23.6922033	51.4808869
Ruda Różaniecka	6904117	23.2105140	50.3380675
Wilkowyja	4726685	22.0506824	50.0406537
Łęki Dukielskie	6322986	21.6740367	49.6063479
Krom River	2313324	24.7965795	-34.1254301
River Bend	139834	-94.3949796	39.1852694
Homa Hills	252349	-106.3706359	42.9857514
Wood River	169294	-98.5977532	40.8202960
Mooreland	184236	-99.2015828	36.4396450
Wola Stróska	6104244	20.7650960	49.8288550
Seagraves	113767	-102.5647890	32.9416025
Grotniki Małe	6488067	20.8475913	50.3088397
Kamionka Mała	6033874	20.4906130	49.7819737
Zaleszany	7011568	21.8969082	50.6540833
Bukowy Las	3998587	17.4766774	52.2653488
Palestina	385841	-75.6748903	5.0652614
Condorcet	2905537	5.1833420	44.4122393
Yorkville	197285	-89.1120292	36.0969075
Grochowce	6801653	22.7490903	49.7376124
Wilczyska	6098248	20.9398755	49.6812875
South Park	252126	-110.8005450	43.4253339
Beni Yenni	4289177	4.1991407	36.5787766
Rocquigny	3272486	4.2536779	49.6983202
Porto Rico	297552	-53.3324065	-22.8365001
Saint-Maur	152510	5.5973529	46.6074896
Gołkowice Górne	6038555	20.5766713	49.5386660
Fryszerka	4261094	20.2560151	51.5203828
Bobowiska	7767141	22.2642737	51.4117262
Cochstedt	2218603	11.3883205	51.8740321
River Bend	179747	-77.1508168	35.0724979
Lago di Cei	2293192	11.0201301	45.9509626
Coulanges	2310803	3.8677676	46.4787750
Miękisz Nowy	6721001	22.9849486	50.0442805
Gargždų seniūnija	4266319	21.3840573	55.7117379
Saint-Maur	1231476	1.9245301	49.6156822
Gladstone	181693	-102.5743040	46.8591030
Champvans	161541	5.5922566	47.3966661
Bogumiłowice	6109672	20.8715196	50.0035282
Riverbend	142597	-114.8398964	47.1544259
Kozieniec	3761938	20.7031258	51.5320433
Coulanges	274549	1.2074199	47.5368909
Rocklands	3388455	-6.4534682	52.3260194
Buntentor	1136706	8.8039599	53.0638097
Thorndale	4479356	-6.3427099	52.2485367
Posolok 6-7	7700200	37.9684628	48.3771104
Terralago	2578787	-81.2165073	28.6897737
Exquisite	3745690	77.0287555	28.4076739
South Park	4439582	-95.7449487	29.7089777
Varhaugen	4580318	14.0374537	67.0406541
Gutierrez	5536745	-43.8123207	-20.2653173
Vila Marli	6190490	-54.6260107	-20.4161302
Riensberg	1130740	8.8563235	53.0915602
Loreto Sud	4512854	-66.1599398	-17.4251289
Chakarpur	3756448	77.0877893	28.4729696
The Primus	3755516	76.9661774	28.3862746
Rohracker	1107821	9.2315417	48.7603788
Açude Condado	5873997	-38.5539706	-7.5597215
River Bend	7344506	-88.0027909	42.9833677
Sonnengut	6857112	8.3519955	47.3530504
Twin Pines	1175153	-79.5782646	43.6194580
Microrayon №11	6668037	37.4405511	55.8400674
Zona Nuova	3891027	10.7514336	42.9262897
Taramocko	7162880	-66.2470415	-17.3567546
La Playita	7623661	-75.7355294	4.8080765
Wimbledon	1997443	-81.3124679	28.5122063
Greenburg	3818558	76.9445706	28.3947809
Etting Ost	5623898	11.4147651	48.8005483
Kapinoska	4767172	19.9174914	49.9766804
Kapinoska	4767173	19.9208324	49.9781794
Bracikowo	3523414	15.2579261	52.3378248
Deuringen	3585077	10.8105471	48.3635905
Kirchrued	4713685	8.1000756	47.2853112
Villa Mola	4835711	-55.8862099	-27.3719635
Marielund	7065569	15.2225000	59.6413872
Dabri Extn	3723498	77.0834216	28.6138293
Trailside	6282986	-82.4465065	34.9127994
Twin Pines	2064892	-81.2832480	28.4972014
Riverwood	2070419	-81.2468124	28.5769997
Isleworth	1122156	-81.5289491	28.4804342
Durga Park	3767132	77.3195467	28.6094738
Greentree	5518632	-77.8650384	40.7776075
South Park	3730292	77.0287981	28.3979962
Miguelete	3105488	-57.6465253	-34.0057399
Kozieniec	6860615	23.3482918	51.0163010
White Deer	6595957	-101.1744605	35.4324125
Saint-Maur	1450211	2.2856080	46.5680920
New Albany	129777	-95.9317577	37.5667155
Ranchuelo	5884799	-80.1493304	22.4112338
Seehausen	1284767	11.7386714	52.9055218
Fargniers	6821988	3.3156022	49.6552317
Grochwitz	3500423	11.7218232	50.5702247
Morrinhos	302468	-40.0938635	-3.2770001
Haidplatz	4720374	12.0928418	49.0197055
Pascuales	2032869	-79.9310720	-2.0730025
Kamionka Mała	6040659	20.7645229	49.5708708
Palestina	1309440	-76.1550168	1.6747644
Oberndorf	2900870	11.8943721	50.8875905
Palestina	303823	-37.3253250	-9.6805000
Saint-Maur	133287	0.3498614	43.4829925
Gil Wielki	6853332	19.7245192	53.7112505
Varteliai	7520612	22.9804228	54.3972255
Motilleja	340857	-1.7750092	39.1765722
Cotahuasi	1895130	-72.8486511	-15.2931444
Yanahuaya	1919890	-69.1167009	-14.3441390
Querocoto	1901148	-79.0925636	-6.3567373
Huimbayoc	1971696	-75.6651890	-6.5990522
Varteliai	7477823	22.7965288	54.3862431
Alto Biavo	1971675	-76.3385586	-7.7884679
Bochum-Ost	1647360	7.3019723	51.4795528
Maagplatz	2588307	8.5169799	47.3859891
Parvis Est	3015048	5.7607624	45.1740624
Separador	4659855	-7.9356096	37.0164198
Benavites	346996	-0.2344957	39.7321911
Argavieso	340017	-0.2866932	42.0518418
Stara Lipa	7619634	18.2537134	53.9517674
Oberndorf	5906131	9.5056254	49.8591275
Shin-machi	5501356	130.5590638	31.5893967
Ait Tamlil	2887285	-6.8703132	31.4832650
Bir Tam Tam	2808830	-4.6459934	33.9789486
Eltang Vig	5650456	9.5707068	55.5135803
Tassousfi	2888830	-7.8972765	30.4490091
Sermentot	6845080	-0.6643102	49.1243317
Góry Świątkowskie	3701541	18.4764624	51.2995096
Imi Mqourn	2832989	-9.2631162	30.1735982
