Tennessee	161838	-86.3184702	35.8296060
Fourdrain	152759	3.4567531	49.6171412
Telluride	112653	-107.8161232	37.9387440
Violaines	1188462	2.7858680	50.5340654
Vieux-Reng	55154	4.0494830	50.3232870
Bielsko-Biała	2811291	19.0291987	49.8120784
Bielsko-Biała	2425988	19.0291987	49.8120784
Bielsko-Biała	545474	19.0291987	49.8120784
Pierreval	1413399	1.2513293	49.5401205
Oherville	147299	0.6838037	49.7246351
Sacquenay	151641	5.3191281	47.5804692
Burgalays	1452202	0.6383846	42.8848283
Corronsac	159010	1.4903935	43.4707239
Pronleroy	1079084	2.5443073	49.4686955
Damousies	55128	4.0068670	50.2184151
Rosenheim	2168233	12.1159716	47.8482720
Breuville	59840	-1.6729200	49.5377457
Woincourt	1251275	1.5420382	50.0621468
Grimesnil	1019750	-1.3512261	48.9561076
Hem-Monacu	3347910	2.8419577	49.9579293
Rovaniemi	2528474	25.8548485	66.6721261
Tenteling	123279	6.9299207	49.1231397
Heiltz-l'Évêque	2631953	4.7401340	48.7809136
Durningen	373856	7.5624123	48.6842265
Bosconero	44561	7.7688993	45.2705461
Mont-Ormel	3325627	0.1543783	48.8355602
Mont-de-Galié	1456747	0.6471753	42.9946498
Puymaurin	1421270	0.7491881	43.3709510
Offwiller	1163588	7.5380927	48.9178590
Niederrœdern	288363	8.0520067	48.9121043
Moyen-Ogooué	1243586	10.2111894	-0.4893585
Northland	2133870	173.9470106	-35.3755092
Dore-l'Église	179375	3.7568226	45.3773403
Nevy-lès-Dole	158796	5.5212797	46.9989794
Pujaudran	126936	1.1693730	43.5921172
Sauvagnat	137486	2.6191837	45.7575945
Morizécourt	939952	5.8585358	48.0693463
Allarmont	88589	7.0191446	48.4696442
Contrevoz	146779	5.6215604	45.7971271
Saint-Mont	124955	-0.1300493	43.6396742
Stavropol	1030059	41.9845262	45.0405512
Courouvre	2986147	5.3509320	48.9449037
Verclause	76737	5.4066354	44.3950593
Justiniac	2018285	1.4896951	43.2142247
Pordenone	179205	12.6720184	45.9528675
Belmontet	122200	1.1533354	44.3770903
Montgesty	123852	1.2939340	44.5752873
Terruggia	44192	8.4555439	45.0761465
Estibeaux	1966748	-0.9092016	43.6066754
Laval-d'Aix	66437	5.4605165	44.7431863
Louailles	107408	-0.2426284	47.7815908
Astaffort	2165527	0.6678883	44.0606900
Ardilleux	388862	-0.0526260	46.0914976
Beurville	1797926	4.8586611	48.3174254
Villejuif	105146	2.3585751	48.7932513
Hermillon	129362	6.3957898	45.3067794
Beylongue	75909	-0.8195544	43.9204072
Montliard	149087	2.4010631	48.0170446
Retorbido	43830	9.0400714	44.9462851
Nuvolento	45228	10.3899488	45.5405564
Baronissi	40722	14.7711637	40.7410135
Champvert	2012097	3.5181046	46.8536012
Chevreuse	943886	2.0397890	48.7033576
Montlouis	1755519	2.2471128	46.8077625
Bujaraloz	342300	-0.1483101	41.4528104
Oppedette	1272918	5.5934321	43.9303893
Majastres	2144820	6.2856786	43.8936191
Atzelgift	453152	7.8383401	50.6943767
Helmstedt	1446649	11.0028383	52.2089185
Donhierro	340688	-4.6904117	41.1119218
Soulvache	112500	-1.4462245	47.8204087
Parrillas	348190	-5.0416355	40.0908771
Lesquerde	22223	2.5384963	42.7927065
Mildstedt	1405172	9.1063815	54.4655437
Corbreuse	1216175	1.9595289	48.5007082
Sirignano	40938	14.6402859	40.9583728
Bohmstedt	1405507	9.0633580	54.5804194
Ferentino	41447	13.2535499	41.6833478
Felsőkelecsény	1418039	20.5943149	48.3601692
Le Reculey	183978	-0.8429430	48.9083862
Venturada	343931	-3.6207491	40.7976808
Johnstown	188655	-78.9159432	40.3267649
Bliestorf	1463077	10.5846322	53.7748016
Krempdorf	447198	9.4737855	53.8187330
Kronsmoor	450521	9.6003512	53.9012465
Mendrisio	2888450	8.9713088	45.8810350
Picassent	346851	-0.4886173	39.3504331
Kisdobsza	575300	17.6475603	46.0295671
Moorslede	1285852	3.0693013	50.8826067
Moorslede	1293851	3.0732075	50.8900656
Wipperfürth	173849	7.4193989	51.1169224
Bovolenta	44547	11.9434194	45.2695476
Milejszeg	1607268	16.7455425	46.8052112
Beaucourt	116406	6.9226804	47.4868008
Delitzsch	444742	12.3584415	51.5342844
Ettlingen	659839	8.4055970	48.9261942
Wommelgem	310381	4.5124817	51.2048035
Tenkodogo	5256106	-0.3145548	11.7404237
Lanestosa	339950	-3.4384304	43.2171547
Toussaint	2668993	0.4490607	49.7346403
Savignone	43276	8.9901452	44.5564763
Zhydachiv	7100561	24.1516404	49.3813640
North Kivu	5642698	28.7116985	-0.5507952
Nonantola	43444	11.0578748	44.6868365
Ultramort	343307	3.0366523	42.0404372
Xavantina	296653	-52.3292984	-27.0144573
Yulin City	3016353	109.7237930	38.2016848
Iwamizawa	4085276	141.7353322	43.2065270
Traunreut	941741	12.5869125	47.9579953
Riudecols	340859	0.9651932	41.1707296
High Point	180329	-80.0006854	35.9923873
Beaurieux	410266	3.7419916	49.4001464
Eskipazar	1245155	32.5935027	40.9412958
Terrenate	6000184	-97.9152936	19.4801239
Tepeojuma	6037815	-98.4386688	18.7287627
Tonanitla	5606544	-99.0552155	19.6798744
Namyangju	2409175	127.2573429	37.6434527
Tagapul-an	3756443	124.2076968	12.0771263
Zumarraga	3756444	124.8551032	11.6760686
Uriangato	5606576	-101.1381643	20.1175812
Salton Sea	5408826	-115.7794298	33.3121599
Lenzkirch	317630	8.2043355	47.8690076
Montaione	42477	10.8950424	43.5581511
Rengsdorf	444703	7.5003751	50.5037974
Sospirolo	46893	12.0663415	46.1662136
Palanques	343020	-0.1920956	40.7113514
Massarosa	42665	10.3263185	43.8693331
Kotelniki	1028434	37.8656459	55.6595793
Hohen-Sülzen	1248704	8.2264940	49.6183099
Chocnějovice	437574	14.9689184	50.5837447
Grolsheim	1245778	7.9256014	49.9118443
Rzhyschiv	3603673	31.0407619	49.9617848
Heuweiler	70193	7.9039164	48.0461555
Csáfordjánosfa	1430599	16.9523016	47.4124609
Solignano	43370	9.9804464	44.6394372
Zumarraga	340917	-2.3026785	43.0989597
Pordenone	179293	12.7039028	46.1017366
Ellerhoop	443360	9.7818775	53.7262587
Bukovinka	438115	16.8153320	49.2980950
Sovicille	42359	11.2489282	43.2366124
Sandstedt	1529475	8.5508016	53.3449956
Elsteraue	2404585	12.2228113	51.0856177
Szeghalom	1026158	21.1259504	47.0326909
Greenwood	109874	-90.1764137	33.5114220
Karlstadt	336479	9.7442018	49.9698200
Xinyi City	3180604	111.0567237	22.4478379
Stigliano	40431	16.2808073	40.3736806
Sharhorod	4502033	28.0825417	48.7538877
Castorano	42205	13.7391177	42.8887890
Theisseil	1059450	12.2112567	49.6953033
Petriroda	2816636	10.7070903	50.8694434
Radyvyliv	3629331	25.2606241	50.1247990
Miskovice	441824	15.2153779	49.9529439
Zakroczym	336329	20.6047062	52.4423655
Santomera	345422	-1.0585297	38.0825853
Shifeng Qu	2972715	113.1660926	27.9387777
Le Plantay	145589	5.0895558	46.0234928
Cauquenes	255374	-72.3478284	-35.9677041
Xinyi City	3218570	118.3030190	34.2774239
Pornainen	37194	25.3513892	60.4780642
Fusignano	43230	11.9674989	44.4816443
Terezinha	303595	-36.6282721	-9.0739297
Yulin City	2776309	110.2823765	22.3803322
Nagydorog	1503223	18.6536970	46.6128234
Körösnagyharsány	1026196	21.6544132	47.0017424
Wipfratal	165452	10.9900507	50.7872964
Sankt Goar	1190015	7.6914308	50.1453459
Greenwood	127346	-86.0616468	39.5926628
Tiep Payam	4665073	31.9260111	8.2733623
Matsusaka	4538677	136.3883588	34.4840834
Hyllestad	404674	5.2496215	61.1683881
gmina Kłodawa	2810701	18.8766284	52.2678309
Kasamatsu	4716644	136.7562181	35.3638024
Kamikatsu	4057999	134.3816053	33.9031984
Grad Split	2826807	16.4669404	43.5132281
Trondheim	406549	10.3030936	63.4095006
Sarabetsu	4079231	143.2059216	42.6478675
gmina Kłodawa	2774373	15.2489133	52.8318595
gmina Białaczów	2920975	20.3083360	51.2936888
Antratsyt	2383939	39.0967123	48.1286462
Greenwood	194067	-82.1602953	34.2101919
Les Allues	129488	6.5883831	45.3640938
Seulingen	1399089	10.1591689	51.5379422
Oberlienz	1020820	12.6706924	46.8530979
Qin County	2963910	112.6848271	36.7005156
Boonville	141616	-92.7452935	38.9582225
Namutumba	3498128	33.6653494	0.8869852
Val Masino	47026	9.6379972	46.2458656
la Garriga	342073	2.2773833	41.6878364
Anantapur	2022303	77.5000304	14.4529030
Simmerath	158021	6.3286890	50.6079560
Le Perrier	166775	-1.9960034	46.8088791
Karlshuld	943728	11.2960030	48.6773062
Millville	170414	-75.0488072	39.3875780
Greenwood	6294407	-75.5914128	38.8067680
Glen Ellyn	125474	-88.0599349	41.8641109
Hettinger	181568	-102.6379751	46.0048475
Alt Zachun	1451533	11.3361753	53.4953288
Boonville	127846	-87.2694631	38.0442830
Zawadzkie	3091238	18.4614635	50.6078949
Hermsdorf	455479	13.6475678	50.7581322
Ponca City	184814	-97.0629879	36.7251409
Millville	6296872	-75.1250630	38.5370815
Logan City	7030785	153.0027436	-27.7628193
Hahn am See	534478	7.8891889	50.5283994
Hortaleza	354522	-3.6440272	40.4808253
Albertson	175581	-73.6468688	40.7722313
Zêkog County	4467010	101.3661911	35.1470541
Opatovice	438367	17.7377068	49.5013374
l'Alfàs del Pi	345031	-0.0904218	38.5758580
Braselton	119424	-83.7738261	34.1123580
Opatovice	442545	16.6424583	49.0776193
Hermsdorf	55746	13.3099057	52.6143790
Kiryat Ata	1387454	35.0969047	32.7986297
Chasiv Yar	2875300	37.8320386	48.5731042
Hermsdorf	2778378	11.8615594	50.8905439
Habrovany	440748	16.8798687	49.2267291
Kalynivka	5270497	28.5220028	49.4427917
Beaurieux	55211	4.1327250	50.1801314
Hysgjokaj	1251515	19.7859777	40.9763606
Uman Raion	1739142	30.3621607	48.6862186
Františkovy Lázně	439479	12.3339243	50.1256599
Ulvenhout	2712699	4.8005965	51.5447278
Vall d'Alba	341850	-0.0271367	40.1805777
Nisto Lake	1415248	-101.5098547	54.6991064
Lac du Camp	1945644	-71.3181005	48.7311047
Lac Burton	2582693	-75.1309164	49.8659694
Lac du Camp	3101485	-73.5645918	48.7006999
Lac du Camp	3132174	-74.1741196	48.8409237
Lac Turgio	1604291	-65.9652570	48.9951286
Lac Dupuis	932831	-78.8660925	47.3139560
Osir Basin	1767643	120.2888585	14.8218633
Gully Lake	5134530	-64.6050383	44.7876108
Guatiquia	2967323	-73.4625260	4.1510147
Santos Dam	7560676	28.6586610	-15.3980838
Mikes Pond	1759171	-53.2488844	47.1477922
Slate Pond	1766477	-53.4431142	48.5372553
Glory Lake	4124153	-86.6334923	48.9359531
Fronteira	6440249	-7.6703629	39.0660897
Voleský rybník	3216482	14.9183279	49.2615465
vodní nádrž Kořensko	7366568	14.4316925	49.2169018
West Clare	7026167	-9.2985415	52.8544937
Lac Dupuis	1519185	-73.7697773	47.3732934
Weistrach	916327	14.5680384	48.0456895
Lac du Pont	6413153	-67.2556025	49.8784730
Pungs Lake	419315	-83.3200000	42.7918405
Moorteich	290142	8.6102706	52.2256131
Petyonvil	387138	-72.2395364	18.4836981
Stor-Björken	2750514	14.4801879	59.1567302
Purt Lough	3888711	-7.9818401	55.1594701
Lough Finn	4143097	-8.0563882	54.5024919
Mutalampi	7279781	29.3580143	61.4627516
Kotilampi	7285128	29.0554080	61.4467390
Salonjoki	7242751	28.8514682	61.1865911
Kotilampi	7299240	29.0618375	61.5509111
Mutalampi	7299284	29.1593448	61.5929500
Mrckovina	7481172	19.7739380	43.2355148
Pretezana	6967655	21.3741677	43.2530476
Chute Pond	3670158	-88.4569909	45.1332782
Mogi Mirim	298036	-46.9916131	-22.4385000
Sumiyoshi	358744	135.5061323	34.6055184
Holmvatna	5425422	29.2157951	70.7032290
Stuggusjøen	4731834	11.8507332	62.9205017
Svarttjønne	5652395	7.9912947	61.6140345
Iso Saares	1833792	23.5488028	61.8436872
Søylevatnet	4808537	5.4401834	60.3539324
Søvikvatnet	6163985	6.3443670	62.5699033
Rosstjern	6373779	9.6863571	59.5679577
Rosstjern	6364836	9.5619874	59.5224735
Wielkie Dębno	4110681	15.8602386	53.3983517
Chyliczki	1849339	20.5522838	52.1044785
Chyliczki	336135	21.0677421	52.0880139
Cybulice Małe	5344585	20.6252438	52.3939777
São José da Vitória	362193	-39.3755179	-15.0985000
Cordeiros	362438	-41.8792084	-15.0320000
Rotwasser	5931057	8.0898066	47.8753723
Stajkovce	6659725	22.1269183	42.6373290
Cativelos	6312221	-7.6894541	40.5404139
Carvoeiro	6458554	-7.9288916	39.6345277
Freixiosa	6354638	-7.6802686	40.6120872
Góry Lubiańskie	6907334	20.1726238	53.4791746
Repusnica	6667020	22.4886675	43.4993975
Myrdammen	1940934	11.0792354	59.8627371
Svovatnet	5698852	5.9832414	61.5994947
Lysvatnet	5839784	10.8081514	63.9393208
Pitsusjärvi	78493	21.2761205	69.2306928
Zabrodzie	6376190	16.9416121	51.0583927
Szczaniec	3525696	15.6895280	52.2631202
Kowalskie	6405547	16.9245000	50.7300581
Suchowice	6405524	16.9293443	50.8592136
Mitovnica	6354811	22.1421823	43.9589067
Iso-Miekka	2678917	24.2204352	61.7209916
Zabrodzie	6854077	23.1878462	51.3751593
Krusheani	4569884	21.3584109	41.3120715
Ogonowice	4263852	20.3029239	51.3546848
Jasenovik	7289059	22.0303186	43.3677424
Stajkovce	7222983	22.0647497	42.9857589
Zawadzkie	6107118	22.2362547	53.9396290
Tinogasta	2268888	-67.5643401	-28.0618559
Bogvatnet	7515612	15.0672336	67.4132698
Schloßgraben	1310256	7.1998747	52.7951638
Moorteich	1673418	10.1543636	53.6788266
Lautersee	2557199	11.2348335	47.4379197
Raminkura	3709565	8.4900522	10.3369093
Ruwan Jema	3707085	5.6481798	12.2632765
Lago Vista	1649660	-98.7057635	29.4717936
Lago Plomo	5468458	-72.8936384	-46.9978750
Maliy Ivan	2015827	30.1309703	56.1060562
McAree Lake	6526010	-91.9362486	48.3192055
Metchosin	2221056	-123.5626280	48.3663719
Lysvatnet	3225632	13.8724390	66.8993083
Shiuidong	6828761	118.2482400	26.6563927
Lac Deschênes	1429533	-70.0684639	47.9605211
Lac Dupont	900109	-74.5117665	46.9690073
Holzteich	7640787	15.0481139	48.7660386
Vowel Lake	3006792	-79.9675908	45.4977402
Portovelo	3736087	-79.6134555	-3.7334867
Yokadouma	3819989	15.1622296	3.1393655
Gene's Pond	1936366	-87.8576442	46.0679611
Scott Lake	1240232	-78.7222050	45.4864073
Schloßgraben	222893	16.2291495	47.9515346
Guidiguis	3753202	14.6700644	10.0809340
Ryans Lake	4616848	141.3913864	-32.7089529
Swift Lake	2109066	-131.8643965	59.8078156
Lac Dupuis	2959785	-74.0181970	46.0335099
Molly Lake	3928491	-80.7678626	47.7057871
Tronadora	6402224	-84.8190807	10.4173389
Unity Pond	1625411	-69.3335577	44.6477901
Salmon Arm	2221843	-119.2853059	50.7072009
Kerry Lake	6727763	-122.7994158	54.6814843
Court Lake	1625828	-108.8100509	59.6315456
Timilsain	5951234	81.2737989	29.1811598
Rwimiyaga	1718847	30.4737586	-1.2563226
Pattina järv	4463382	27.8149068	57.8771832
Jisan-dong	3960899	128.6345138	35.8239902
Kalizoram	3721342	12.2991986	12.1934160
Yuchi Town	2498416	120.9310036	23.8709101
Taplejung	6664073	87.6709749	27.3474007
Scott Lake	933314	-92.1107976	45.5192307
Stoitzsee	2322971	13.4733369	53.2242891
Katzensee	3221560	10.5503265	50.0150843
Lac du Camp	1351194	-73.4652632	47.0638668
Lac du Camp	193769	-76.2395654	46.5321086
Lac Dupuis	900161	-74.6134088	46.9469880
Lake Orono	451978	-93.5976956	45.3088894
Press Lake	5956522	-91.4839182	49.7998919
Scott Lake	5130675	-86.8914255	50.0261798
Marty Lake	6497028	-82.5534435	46.9487153
Scott Lake	4070238	-84.6568756	48.0973119
Dyson Lake	3758771	-83.9413316	47.1774839
Scott Lake	4637102	-81.6730650	49.8206911
Swift Lake	4186592	-84.2560746	49.7563745
Lautersee	7639195	10.9024286	48.2856497
Gorkha Kot	4828100	82.0146635	28.8702324
Andupatti	7677537	85.9763927	26.7616654
Satyadevi	5335452	85.0270468	28.0468325
Ozero Uras	2622436	42.9266209	63.2629022
Holzteich	2842549	12.4392701	51.0779801
Bilashpur	5918106	80.3963580	29.3745861
Hirminiya	5994606	81.6586645	28.0084704
Neunersee	1464453	12.1302024	47.8021454
Turgutlar	1688122	30.3524640	39.7780501
Rugam Tank	7767846	81.4832250	7.6504470
Punta Alta	3302865	-62.0687369	-38.8696184
Rotherham	106960	-1.2506907	53.4083752
Lac Tungwe	2315754	26.0974844	-8.8476251
Lake Scott	3327747	145.8567763	-41.9589883
Streymnes	2135805	-7.0652692	62.2065026
Stavropol	6712557	41.9751803	45.0420984
Molly Lake	1448141	-101.0372204	55.1123102
Lục Yên District	7097662	104.7206432	22.1112389
Kahrstedt	3685982	11.4028767	52.7016302
Grengiols	1685311	8.1363657	46.3406107
Zeilsheim	3870360	8.4960466	50.0975098
Topsfield	2366805	-70.9398748	42.6364532
Zhydychyn	4492385	25.3185927	50.8019956
Pleskivci	3167358	25.4353548	49.7015323
Odnoga-Kuźmy	7006436	23.6940093	52.9533197
Kielczany	6810786	23.3225538	54.1751258
Tatarowce	7101678	23.3931444	53.1128611
Taplejung	4589478	87.8213729	27.6104779
Armação dos Búzios	2215538	-41.9459195	-22.7754869
Janowicze	7106302	23.1825496	53.0089926
Parkville	187716	-76.9696945	39.7873517
Krautheim	376875	9.6331322	49.3874447
Fronteira	5397424	-7.6274673	39.0785660
Millville	1844179	-71.5775340	42.0389779
Strzelino	6433247	16.9644354	54.4974468
Saczkowce	6833078	23.6241197	53.5556790
Rosenheim	421916	7.8534604	50.7148008
Pác Nặm District	7109754	105.6484372	22.5955990
Villa Riva	7386377	-69.9034140	19.1521849
Tiểu Cần District	7151560	106.2055707	9.8094090
Tower City	187762	-76.5546836	40.5883980
Haut-Nyong	2750740	13.5377066	3.3664422
Woodgreen	3926361	-1.7451318	50.9515796
St. Egidien	417026	12.6163768	50.7938377
Crest Hill	125775	-88.1068120	41.5697655
Tataouine	1434953	9.7708375	31.7324218
Shuishang	2790360	120.4224749	23.4260952
Tower City	181564	-97.6742436	46.9259200
Kings Park	175715	-73.2467651	40.8882469
Milesburg	188630	-77.7863338	40.9416149
Forholmen	6208438	6.9182257	62.7595188
Thymenaki	532258	26.4279507	37.6016057
Litlmolla	5302567	14.7602473	68.2060578
Terningen	6237188	10.2636849	64.2183468
Inish Rath	3516651	-7.4846266	54.1919684
Pulau Lima	3409874	103.0606631	5.7738322
Worms Head	1446958	-4.3195356	51.5643511
Erromango	4673553	169.1119124	-18.8084574
Isla Solar	5449367	-75.0183116	-50.9928250
Tokinivae	3766618	177.1585078	-7.2044145
Stupochky	3586411	37.8265067	48.5365291
Lockerley	3903892	-1.5834615	51.0269574
Osterholz	1128540	8.9403683	53.0621207
Johnstown	112460	-104.9483435	40.3654412
Grant Park	7631283	-122.6270518	45.5387654
Warr Acres	183801	-97.6233782	35.5280869
Hvozdnice	439844	15.7167372	50.1900734
Greenwood	169346	-96.4435022	40.9602390
Tyszki-Wądołowo	6893844	21.9778536	53.4464376
Drutarnia	4453786	20.4814760	51.2124124
Lago Vista	6586497	-97.9898529	30.4519005
Whitehill	3344977	-0.8640671	51.0977188
Doufelgou	3338036	1.1762304	9.8712004
Malaivtsi	7406856	29.4260340	47.4882017
Taliouine	2888831	-7.9248994	30.5305929
Hoogeloon	1806518	5.2807272	51.4012539
Kalynivka	3167024	25.1299272	49.6303355
Krautheim	2856448	11.3078288	51.0886610
Berymivci	3166670	25.2019797	49.7171126
Miesville	136895	-92.8173607	44.5979700
Bernstein	198508	16.2569709	47.4163087
Greenwood	251857	-90.6031291	44.7679515
"Faga""itua"	253730	-170.6145661	-14.2809516
Hvozdnice	441916	14.3686115	49.8738537
Lohvynove	3945125	38.3506567	48.3748600
Zuilichem	1576294	5.1345733	51.8034672
Pobondzie	6737501	22.9422163	54.3129108
Johnstown	182612	-82.6858804	40.1487974
Parkville	141420	-94.7611352	39.2116999
Hartstown	189184	-80.3816014	41.5523285
The Nation	7050474	-74.9986595	45.3848298
Coatsburg	126109	-91.1597217	40.0323655
Greenwood	132045	-93.9601493	32.4330735
Millville	187886	-76.5256202	41.1189750
Herwijnen	301911	5.1247298	51.8454623
Chugwater	252216	-104.8226028	41.7551845
Rio Espera	314645	-43.4980026	-20.8587090
Wynnewood	184238	-97.1623708	34.6434275
Tuderna küla	350470	27.4203677	57.8445149
Kiraste küla	353071	23.9802426	58.4813511
Kerguta küla	351934	26.0134759	59.1256558
Razumnoye	6597538	36.6896811	50.5740545
Belinskiy	4584361	43.4066044	52.9639823
Passo Real	7129568	-53.1526861	-29.0515905
Liptingen	4465172	8.9060385	47.9447221
Mogi Mirim	5683172	-46.9916131	-22.4385000
Plano Alto	7337918	-56.5315031	-29.7434470
Tuuliku küla	354293	24.7194200	57.9697676
Bhaktipur	6861279	85.6657634	26.9789367
Saulepi küla	351059	23.7862187	58.3553496
N'Dar-Toute	5964495	-16.5081142	16.0327038
Carvoeiro	6430201	-8.4671863	37.1064891
Terezinha	6198790	-36.6282721	-9.0739297
São José da Vitória	6618346	-39.3755179	-15.0985000
Jettkofen	4455131	9.3688960	47.9730475
Entringen	4557331	8.9823819	48.5562858
Eadestown	6621534	-6.6429544	52.9546563
Loughbrin	6867890	-9.7728755	51.9248785
Carvoeiro	5714269	-8.6610127	41.6569326
Esivere küla	350903	23.5431146	58.6256534
Vojnatina	2386800	22.2374371	48.7366502
Timboteua	6458079	-47.3715423	-1.0594737
Fukushima Chō	5891017	133.7915386	34.2944441
Jurkova Voľa	2321586	21.5015600	49.3154123
Pribylina	2169292	19.8522305	49.1446897
Roobuka küla	353724	24.6655934	59.2315997
Lemmaru küla	350994	24.2824625	59.2275584
Mudaste küla	352823	22.5591367	59.0207862
Tammuna küla	351738	22.0047051	57.9555437
Bogorodsk	2654177	43.5154389	56.1060505
Valandovo	6506279	22.5564658	41.3078420
Cordeiros	6427122	-41.8792084	-15.0320000
Passarini	4803354	-67.9184871	-38.9524431
Los Olivos	4756033	-67.5443735	-39.0274604
Espinhosa	6446343	-7.4874820	41.0892480
Kolinovce	2381994	20.8466723	48.9252322
Stonegate	1536321	-117.7421981	33.7079459
Paz Del Rio	7750114	-75.6707688	4.8091470
Shivarath	5851142	82.3310336	28.5109461
Wahlsdorf	4568543	13.3346705	51.9534911
Mae-Shioya Chō	5899112	133.7841538	34.2868729
Kranepuhl	553876	12.6040839	52.0937837
Quintinos	5188615	-46.0477109	-18.8188005
Killamery	6527635	-7.4007968	52.4428803
Johnstown	6527625	-7.5748897	52.7555471
Hartstown	6621540	-6.7516642	52.9703361
Monamolin	6650546	-6.3698508	52.5616228
Stonehall	6958400	-7.3372594	53.6128597
Botanic A ED	4569130	-6.2745632	53.3725986
Mellifont	6967504	-6.4949840	53.7229964
Johnstown	6530283	-6.8466176	52.8298910
Garryduff	6849043	-9.1424851	52.4395408
Winterton	2830377	-53.3033496	47.9551551
Little Bay	2853752	-55.9510263	49.5991430
Vilaski küla	355053	26.2250937	57.8202666
Kotelniki	1462340	37.8656459	55.6595793
Poncianos	5192527	-48.2183944	-19.8899415
Zabrodzie	6843307	23.1315247	53.4680041
Dillsboro	127485	-85.0538358	39.0188894
Greenwood	123058	-88.3839907	42.3899180
Park Hills	141466	-90.5060613	37.8171560
Shongaloo	132080	-93.2955260	32.9412165
Kalynivka	7125658	26.5102183	49.9057411
Fontinhas	7448353	-27.1111800	38.7383005
Veselivka	3166769	25.7820208	50.1400580
Griselles	146449	4.3682207	47.8760524
Hillcrest	175572	-74.0346447	41.1306839
Greenwood	111291	-94.1972021	35.2141789
Pontoosuc	127065	-91.2100945	40.6288149
Mossyrock	238076	-122.4830007	46.5310060
Millville	182575	-84.6589531	39.3922780
Kliuchove	3946769	36.8640508	47.6762073
Saint-Jean	120280	1.5006139	43.6643365
Alto Feliz	242606	-51.3125168	-29.3642484
Suchorzew	4012915	17.7021942	51.8978822
Gassville	6691501	-92.4841525	36.2831465
Modryniec	7119433	23.8864860	50.6974700
Grant Park	125751	-87.6375130	41.2444404
Les Forges	157517	6.3919814	48.1732967
Batchtown	126064	-90.6545564	39.0346229
Summerton	193974	-80.3505142	33.6005300
Hillcrest	122971	-89.0696688	41.9563060
Poperczyn	7433504	22.8741502	50.9297649
Vasjkivci	3166736	26.0977690	50.1502023
Milewskie	6880673	23.0389900	53.3582687
Millville	128795	-91.0759114	42.7036805
Vrabnitsa	3759448	23.2473368	42.7591033
Greenwood	136697	-93.5530514	44.9109554
Ostrivske	3934093	37.3449954	48.0014007
Wallagoot	6049299	149.9178348	-36.7657154
Nedel'noye	7478236	36.6490515	54.8377492
MetroWest	1130720	-81.4788977	28.5156798
Klenovaya	1998271	54.7251458	57.2265557
Kalynivka	7668583	32.6871166	45.4858950
Ivankovci	6800922	21.8291801	41.8509588
Kfar Haruv	5596366	35.6614227	32.7615140
Strezhevo	6496544	21.1870763	41.1390289
Romanovce	6835889	21.6888669	42.0856909
Trebishte	6890868	20.5695950	41.6325215
Strimnica	6940196	21.0300030	41.9638300
Dobroshte	6932566	21.0645970	42.1136644
Milutince	6724104	22.1501677	42.2088122
Veselivka	3481705	32.7686409	48.9205441
Milyutino	2996921	46.2046923	55.0888035
Gongolgon	5736001	146.8835698	-30.4970714
Kalynivka	3622196	35.5433420	47.8220227
Dneprovka	2865836	34.3650277	45.7179991
Sandalpur	6545591	87.9205662	22.1671471
Currawang	6073643	149.5193751	-34.9764256
Litvinovo	7596743	38.3176580	55.5400223
Alkhimovo	1439819	37.5081229	55.4758160
Kalynivka	3945122	38.3146320	48.3435769
Castenray	1492057	6.0352294	51.4910330
New Weston	183343	-84.6428476	40.3356494
Kings Park	5501387	150.9085973	-33.7438293
Kalynivka	3947000	37.6704541	47.1476367
Hermsdorf	1314278	13.8998314	51.3991810
Mariahout	2725321	5.5661092	51.5401760
Betânia do Piauí	302778	-40.7594265	-8.1333075
Satkūnų seniūnija	3419489	23.6030524	56.3085860
Little Bay	5702324	151.2452344	-33.9834329
Millville	137051	-92.2970984	44.2436749
Myszowice	4080378	17.5373749	50.4931259
Mapleview	136797	-92.9772028	43.6885766
Tazenakht	2887654	-7.1957713	30.5683310
Maciejowięta	7239868	22.6780040	54.2894878
Hillcrest	6586784	-95.2232235	29.3922440
Griselles	157725	2.8298096	48.0754489
Boonville	180267	-80.7078449	36.2350910
Zimna Woda	6105794	16.1041813	51.3265434
Luneplate	1140078	8.5386029	53.4934077
Tennessee	126854	-90.8369709	40.4113889
Cierplewo	6611369	17.9879667	53.3920725
Kliuchove	3947012	37.5216932	47.2666369
Leonville	131907	-91.9806085	30.4665124
Wysokie Duże	6897439	22.1143543	53.2933498
Provencal	132065	-93.2044055	31.6557525
Dillsboro	176913	-83.2508371	35.3686050
Raduczyce	3706117	18.7794754	51.2592160
Kowalskie	6927641	17.1511143	52.4843811
Materborn	3301022	6.0758439	51.7628676
Soldatske	4665138	33.3224193	48.2880247
Habrovany	440176	13.9812217	50.6001502
Booischot	3369413	4.7692868	51.0471676
Glen Ullin	181498	-101.8337377	46.8122042
Drutarnia	3849066	20.6148484	51.3225276
Millville	198840	-111.8229687	41.6854080
Mooretown	5498622	-6.9566307	53.1489677
Shanettra	6072982	-9.4128099	54.2008473
Killyduff	5473524	-7.1257654	53.8806434
Harparary	6063579	150.0526816	-30.5535626
Parkville	6059197	150.8820652	-31.9714868
Ripponlea	2397997	144.9959365	-37.8797446
Moorabool	2460770	144.2884393	-38.0448013
Moneenlom	4443127	-8.0725461	54.2814309
Traralgon	2607974	146.5195883	-38.2031100
Crib Point	2449657	145.2026393	-38.3560625
Boolyduff	4153289	-9.2682872	52.8621994
Stannifer	6070148	151.2291818	-29.8755606
Dzirciems	450704	24.0609834	56.9564754
Johnstown	6132987	-8.9508517	53.5054827
Tullyroan	5233692	-6.6272199	54.4476022
Sommeritz	2867008	12.3310584	50.8769955
Stonehall	6110148	-8.8640857	52.6072728
Garryduff	5554448	-7.7765246	52.2507787
Garryduff	2959176	-8.7756240	54.2620640
Johnstown	5235172	-6.2885340	53.8612725
Vila Rizzo	6956556	-49.3763941	-16.7204195
Ash Little	5414296	-6.5220817	53.9841000
Johnstown	3465510	-6.6756029	52.2367784
Johnstown	6156229	-9.0871616	51.8090580
Glenmanus	4475200	-6.6622812	55.1950958
Droughill	4496734	-7.1842536	53.1668890
Mooretown	5235611	-6.3841968	53.9370953
Kylegarve	5981115	-8.2625552	52.6311932
Clontrain	5674451	-6.7458372	53.9313069
Drumlohan	5675587	-7.4676099	52.1633871
Whitehill	4218769	-8.3507699	54.0551910
Rockstown	6018936	-8.5491122	52.5600362
Portnaboe	5644397	-7.3567840	52.3324983
Hartstown	4554730	-6.7392339	52.9709619
Garryduff	3374085	-8.2441358	53.2794134
Glennawoo	4270562	-8.9326048	54.0728758
Johnstown	6122283	-8.3227194	51.9141185
Ardatinny	4665504	-7.3500401	54.4881517
Crone More	4488364	-6.2617037	52.8739620
Killynick	2917430	-7.4748320	54.1358195
Rockshire	5405729	-7.1060768	52.2717596
Rockshire	5608874	-7.1018767	52.2676108
Whitehill	5582493	-7.8477846	54.9455761
Whitehill	5543782	-7.8991862	55.0291934
Corcloghy	5488399	-7.1364835	54.3574975
Garryduff	4497990	-7.1968713	53.0631607
Garryduff	6018908	-8.4549404	52.5845039
Johnstown	5423143	-6.2277097	53.5415766
Garryduff	6121305	-9.1343474	52.4381319
Keonbrook	5500067	-8.0116182	53.9983861
Kinkillew	2295453	-7.4704151	53.7690834
Tullyhirm	5652116	-6.9511951	54.2570377
Liscarney	5345508	-6.9281469	54.2627866
Tullylish	5344654	-6.9092020	54.2645794
Ballyanny	5328359	-6.5102039	54.3160202
Jurkova Voľa	2321530	21.5015600	49.3154123
Kahrstedt	5299123	11.4366882	52.7016302
Landsdown	5430515	-8.3697951	52.8806873
Spotfield	3282989	-8.4740932	54.1377508
Tullypole	4659469	-6.8668128	53.8309449
Stonehall	4431292	-6.7880334	53.5392965
Mooretown	4672349	-6.6184592	53.6455614
Johnstown	4672085	-6.6534414	53.6382937
Kiltartan	5156375	-8.8167513	53.1021337
Killorath	6043996	-8.5923323	52.5126853
Eadestown	5635245	-6.5927139	53.1991157
Whitehill	5136676	-7.2026533	55.0105050
Whitehill	4236717	-8.3880519	54.1053360
Garryduff	4172371	-7.3953706	53.3586835
Kilcloney	2225334	-6.9284676	52.6249848
Tullymuck	4203894	-7.4291276	54.6540630
Johnstown	5287033	-6.5523553	54.3392788
Mooretown	4639043	-6.5167313	53.7197913
Lisdornan	4444899	-6.2987221	53.6487226
Kolinovce	2381959	20.8466723	48.9252322
Johnstown	5650809	-7.2713749	52.2137642
Rahanisky	5707036	-8.4936091	51.9552943
Glenhouse	5645389	-7.3016099	52.2639759
Manor East	6354282	-9.6672246	52.2603863
Johnstown	4471210	-6.3712651	53.5126167
Bullstown	4476791	-6.3658121	53.4843032
Johnstown	4521328	-6.5547178	53.5036018
Gannoughs	3338721	-10.1872251	53.5464486
Sheanliss	6172774	-8.1027621	51.8822027
Mooretown	4537147	-6.3573649	53.5997665
Corramore	5303882	-7.0731383	54.7721261
Mooretown	4516747	-6.5113066	53.4967241
Johnstown	2553015	-6.6365996	52.6884235
Garryduff	2564924	-6.4440529	52.5343630
Killamery	5249733	-7.4494908	52.4730915
Cullentra	2698472	-6.2413823	52.5310042
Garryduff	6157126	-8.7698779	52.1965552
Whitehill	5633029	-8.0770845	54.6388890
Stonehall	6235137	-8.9161111	52.7171647
Liskincon	4679017	-7.1318213	54.5543907
Towne Lake	7414915	-95.6884675	29.9192149
Tullyroan	5117806	-6.7193412	54.7909397
Cullentra	2363525	-6.3034225	52.5594673
Hartstown	5373070	-6.4168336	53.3929525
Cullentra	5456927	-6.9389583	54.4707079
Whitehill	5608265	-7.6810538	54.8055134
Tomriland	4178476	-6.2249577	53.0304101
Liscarney	6152693	-9.5450598	53.7389710
Meentycat	5551751	-7.8432854	54.8744124
Gortskagh	6117525	-8.9636467	52.4287758
Ballynany	5413510	-7.0530470	54.4411812
Garryduff	6117522	-8.9981289	52.4133293
Reens East	6129247	-8.9947212	52.4993656
Garryduff	5624712	-8.1801474	52.4392859
Cloonomra	4719757	-9.2507466	52.9559924
Ballyelly	4537212	-9.2710399	53.0951924
Mooretown	4549536	-6.6046470	53.5168406
Inverloch	2661213	145.6506741	-38.6213651
Moonta Bay	6636285	137.5707199	-34.0506645
Sessiaghs	3568964	-7.6205258	54.4582117
Baskin Low	3358500	-7.7225416	53.4921715
Underbool	3112580	141.8112910	-35.1688151
Lyranearl	5642061	-7.6489691	52.3358929
Coolaghty	3519316	-7.6047355	54.5581886
Flushtown	5476492	-7.5086151	54.8097892
Poleglass	4595858	-6.0310145	54.5630574
Coolavehy	5325922	-8.4615894	52.2970393
Garryduff	6364583	-8.1187829	52.0230222
Witchitie	6362843	138.9627809	-32.1430393
Sturt Vale	6448421	139.9786390	-33.2355902
Iron Baron	6282185	137.1544777	-33.0038793
Mooretown	4219220	-7.1405254	53.6101235
Wauraltee	6639737	137.6022352	-34.5892789
An Phu Ward	7346818	106.7570486	10.7976864
Port Kenny	6227551	134.6741418	-33.1604884
Salt Works	5139825	-7.2169371	55.0479228
Greenwood	5437851	-6.1925588	53.4295806
Doonawaul	4116286	-10.1926748	53.4083417
Monamolin	2716462	-6.8078652	52.4886587
Garryduff	3298730	-6.9004571	52.3112065
Liscarney	6178886	-10.1396953	52.2189710
Vojnatina	2386749	22.2374371	48.7366502
Altstadt I	4620786	6.8881832	51.4271060
Tuckombil	6070196	153.4625880	-28.8114878
Sevenhill	6595790	138.6249165	-33.8969685
Johnstown	3653419	-6.3667611	53.3467259
Warramboo	6330699	135.5687599	-33.2476874
Garrisker	4473434	-6.9722899	53.4138886
Poularick	6009430	-8.8702468	51.8183075
Johnstown	4572734	-6.4132742	53.6260735
Garryduff	4541271	-7.5353348	52.8946111
Velmovice	428161	14.8089897	49.4262415
Crownhall	3910651	-7.7000032	54.3280300
Parkville	5510628	-7.7012468	52.3760046
Kinkillew	4189619	-8.3957939	54.1552912
Derryneel	2310188	-7.6365922	53.7802711
Joana d'Arc	1847189	-40.3174385	-20.2834831
Catthorpe	6678085	-1.1940851	52.4030946
Garryduff	6122403	-8.1843007	51.9069378
Kirby Hill	7722260	-1.3978456	54.1178034
Eavestone	7726438	-1.6726059	54.1084305
Kirby Hill	7793685	-1.7903374	54.4520688
Garryduff	5122563	-7.0497894	52.6593920
Mooretown	5431958	-6.3550107	53.4201008
Plodstown	4152491	-7.3091342	53.5064652
Johnstown	4118729	-7.4495204	53.5674395
Garryduff	4125693	-8.2884381	52.9163539
Plodstown	4152496	-7.3138947	53.5020496
Johnstown	4586747	-6.9780876	53.6783242
Dumbleton	6021137	-1.9873979	52.0163894
Kemptthal	5754728	8.7036695	47.4490570
Whitehill	5571890	-7.4687705	54.9101808
Mellifont	4569929	-6.4830157	53.7408632
Shantraud	6105144	-8.8237669	52.5879726
Bramerton	933682	1.3926095	52.5946165
Killacroy	4243670	-7.0581895	53.6667366
Garryduff	4161003	-6.2089744	52.9716760
Hartstown	4586632	-7.0244339	53.6811342
Johnstown	2201433	-6.8484781	52.8315535
East Stour	2597504	-2.2709059	51.0148959
Garryduff	5308541	-7.3154474	52.4023426
Muchelney	2883255	-2.8076575	51.0165682
Chard Town	2752623	-2.9516353	50.8768920
Wonga Park	2399696	145.2648746	-37.7356350
Los Olivos	5411013	-84.0827866	9.9116875
Lagacurry	5510371	-7.3377206	55.3069933
Cloonmaul	4767163	-8.6242387	53.8123736
Glensmoil	5553084	-7.5261961	54.8230900
Slievedoo	4149032	-7.8795580	54.6771866
Los Olivos	4761987	-68.0940235	-38.8803624
Ranaranny	5539140	-8.8174950	53.9280685
Tadmarton	4195676	-1.4181502	52.0309452
Hankerton	5497358	-2.0209643	51.6133604
Alderbury	5471906	-1.7347913	51.0377763
Saint-Jean	2339610	-0.3568302	49.1804856
Rosegreen	5547694	-7.8280469	52.4706611
Greenwood	5438462	-7.8179305	52.7871711
Clonamery	5373143	-7.0302809	52.4705557
Walshsbog	5519786	-7.6027922	52.4420024
Mullennan	5122425	-7.3901857	54.9609158
Dobřeň u Kutné Hory	435709	15.1540140	49.9335517
Johnstown	6219628	-8.3289065	52.2519604
Tamnawood	5569185	-7.5221214	54.8531363
Lisdillon	5129439	-7.2807379	54.9365138
Garryduff	5683695	-6.9225227	54.0725470
Stokenham	3538054	-3.6760433	50.2541995
Lisnagoon	5715019	-6.9908498	54.0402316
Lansville	2215098	-6.1578828	53.2862359
Kolnovice	433783	17.3162677	50.3182130
Johnstown	3558500	-6.1094016	53.1131338
Woolstone	4119909	-1.5753890	51.5784962
Drumlamph	4836309	-6.5556603	54.8069048
Karlstadt	7437704	9.7871730	49.9693082
Los Olivos	6467733	-0.4058230	42.1281146
Tullyoran	2306137	-7.8405700	53.9273951
Garryduff	5984968	-8.2677892	52.5384910
Shoalmore	2291085	-7.9233499	53.9220991
Helmstedt	7367840	11.0004886	52.2114078
Willisham	4680647	1.0212262	52.1127366
Pribylina	2230955	19.8522305	49.1446897
Štědrá u Kynšperka nad Ohří	424492	12.5441758	50.0926614
Františkovy Lázně	424501	12.3503467	50.1202946
Illaunord	4775434	-8.0792217	53.1747957
Stonypath	5303819	-7.4072663	54.8708549
Duncarbry	3551158	-8.3290105	54.4664056
Bečov u Mostu	425050	13.7106414	50.4423303
Distrito 8	5336714	-66.0937783	-17.4564723
Vila Pinho	3409108	-44.0245893	-20.0014940
Tullyroan	5450571	-6.8124049	54.6193386
High Cross	5401729	-6.7307202	54.5907124
Garryduff	5497548	-7.4595429	52.4168719
Hermsdorf	3585521	12.8682347	51.0816289
Cornacrum	5373691	-7.5867010	54.0556084
Rinshinna	3360806	-9.2655617	53.8577375
Corramore	5363241	-8.0251342	53.4545973
Scart East	5568355	-8.0284143	52.2950447
Oyom-Abang	2958528	11.4729320	3.8758960
Garryduff	5903500	-7.9173483	51.9934041
Shantraud	5616517	-8.4502122	52.8030057
Cordeiros	3859127	-48.7001031	-26.8858090
Tomaselli	6608484	-49.0628024	-26.3848830
Corchoney	5448617	-6.8497472	54.6450459
Greenwood	5755841	-8.8397779	53.7667311
Killquain	5605395	-8.2178174	53.1721955
Johnstown	5635258	-6.6246986	53.2317009
Hvozdnice	434965	14.3686115	49.8738537
Cornacloy	5559975	-8.1585157	54.1750405
Johnstown	4589019	-6.1781120	53.2271375
Myslív u Všerub	431105	12.9559101	49.3498907
Rohozná u Rovné	424015	13.9641527	49.2987127
Bukovinka	429338	16.8153320	49.2980950
Miskovice	430085	15.2058096	49.9476888
Opatovice	430079	15.1896677	49.9635919
Clonconey	5332279	-7.2747711	52.3333841
Habrovany	423548	16.8798687	49.2267291
Zavodskoy	3367487	132.3000428	43.4693818
Rathanure	5607912	-8.0608117	52.7557245
Reis Magos	1853670	-40.1982765	-20.0547342
Garryduff	5554611	-7.8989223	52.2933714
Corramore	5228023	-8.2877050	53.5734595
Litkovice	427013	15.1454636	49.2593080
Tirgracey	4195475	-6.2118225	54.6969054
Zderadiny	428136	15.0399893	49.8035910
Kladenské Rovné	436446	14.2194652	48.7917138
Veveří u Nových Hradů	427312	14.7977690	48.7548653
Alto Feliz	4661496	-49.4891026	-28.9451573
Zellewitz	2131790	11.7175970	51.6466132
Lismurrew	5835404	-8.9331214	53.6997217
Skirlaugh	3150794	-0.2592921	53.8399427
North Cave	918213	-0.6554078	53.7746006
Gortskagh	6083567	-8.7175078	52.3667260
Kiltoohig	6083636	-8.7099562	52.3475950
Garryduff	6212077	-8.4335939	53.4213646
Johnstown	4458234	-6.8623159	53.4008351
Coolscart	5989384	-8.4408513	52.4704510
Terrytole	5690814	-7.0258212	54.2643275
Drombanny	5998929	-8.5799839	52.6219250
Ostermoor	5490578	9.1906807	53.9102269
Cornacloy	4439289	-8.0631216	54.2931503
Pollynoon	4136963	-8.6403173	53.6927327
Ottbergen	6706246	9.2993802	51.7160128
Kilcowran	5378553	-8.2190885	52.9948675
Johnstown	5380156	-8.2513234	52.9465710
Mellifont	5152536	-6.4575703	53.7417073
Johnstown	4640550	-6.5449374	53.6887003
Suggental	1970205	7.9367032	48.0670872
Manch West	5991237	-9.0341461	51.7235108
Creidlitz	6018486	10.9843304	50.2307113
Stonehall	5723724	-9.1355729	53.9989435
Bessbrook	5736664	-7.4174828	54.0710542
Mulnagore	5443745	-6.8179450	54.5628531
Garryduff	4522449	-7.7068321	52.8839031
Estersnow	4659064	-8.2244111	53.9387159
Chocnějovice	426662	14.9666620	50.5822590
Lisnacush	2459557	-7.9646789	53.6306854
Gittisham	3386693	-3.2266778	50.7756211
Ganztelep	3241566	19.2263192	47.4288006
Mooretown	4641042	-6.5868941	53.8029628
Johnstown	3642992	-6.5599367	52.2546685
Johnstown	4578557	-6.5040922	52.2933120
Johnstown	4474492	-6.5093350	53.2587035
Johnstown	4483264	-6.5631397	53.0910246
Tyfarnham	4132186	-7.3603515	53.6092649
Stonehall	4132201	-7.3440513	53.6179498
Garryduff	3632011	-9.3076893	53.8575340
Corramore	3861453	-8.0606546	54.4251814
Johnstown	2933298	-6.4213689	52.3777699
Johnstown	4285769	-6.8306951	53.4085589
Cronohill	6193819	-8.1446154	52.1724734
Ternamuck	4827225	-6.7993036	54.9795138
Torunagee	4645759	-8.4088607	53.9195340
Johnstown	4353101	-6.8609928	53.4677396
Garryduff	4172279	-7.4485337	53.3738156
Diep River	2047360	18.4675111	-34.0359943
Johnstown	5432413	-6.3170542	53.4205281
Kinkillew	5592683	-8.1542525	54.3570875
Bunanraun	4060167	-9.0745080	53.4687896
Johnstown	4590867	-6.1450321	53.2684373
Águia Dourada	7037620	-44.0313692	-20.0270638
Johnstown	4219225	-7.1522711	53.6035662
Johnstown	4188017	-7.1757247	53.6533285
Mooretown	5411507	-6.2458450	53.4653595
Derrylina	5416212	-7.4152122	54.0550048
Garryduff	5742886	-7.7030727	52.1545037
Garryduff	4298230	-6.4506048	55.0379731
Cullentra	3119206	-6.5277403	52.3489233
White Hill	7380123	139.2110250	-35.1385465
Lost River	6074570	149.3180736	-34.4332988
Mittagong	6074586	150.4800113	-34.4667780
West Nowra	6076755	150.5841086	-34.8805416
Derryhash	5453420	-6.9168798	54.5983841
Killylaes	4172230	-6.4268536	54.8010557
Johnstown	5432412	-6.3206953	53.4122272
Learmonth	3135044	143.7239947	-37.4202830
Corcreeny	4675882	-6.3257094	54.4303174
Montiaghs	4488190	-6.3116518	54.5329566
Lisnamore	4657271	-5.7602863	54.3825256
Cullentra	5490242	-7.2655951	54.3644947
Saval More	4774725	-6.2750324	54.2160133
Tullylish	4769871	-6.3317724	54.3722334
Corcreeny	4753165	-6.1436604	54.4582819
Tullyhirm	5224827	-6.8010595	54.2483901
Annasamry	5259340	-6.6466483	54.4358763
Mambourin	2589027	144.5511225	-37.9048491
Parkville	2383234	144.9498070	-37.7879951
Kings Park	2423694	144.7718474	-37.7343494
Whitehill	3960090	-7.7356513	54.3610646
Korzeniec	6854766	22.5170126	49.6982245
Park Hills	130326	-84.5330373	39.0696914
Pettibone	181452	-99.5202165	47.1188514
Przysieki	6907007	21.3784030	49.7347305
Greenwood	139844	-94.3426140	38.8517815
Aullville	140775	-93.6777789	39.0179749
Johnstown	252387	-108.7037997	43.1263834
Rengsdorf	443131	7.4927605	50.5282759
Fronteira	315305	-49.1300120	-20.2160000
Białokoszyce	6161413	16.2437842	52.5537463
Hańsk-Kolonia	7078407	23.3801381	51.4124375
Los Olivos	1944759	-77.0730714	-11.9659854
Saulsbury	197184	-89.0869104	35.0476990
Rehmsdorf	2405013	12.2299061	51.0614796
Kalynivka	3608294	34.6279260	47.1211817
Isterbies	7521950	12.1152267	52.0874920
Vista West	252110	-106.4311603	42.8650649
Zabrodzie	6170808	19.9866260	50.9113386
Hellbrunn	7489995	13.0701523	47.7594283
Mirkowice	6390204	21.3199016	50.8851275
Kępa Gostecka	7660050	21.8008510	51.1606683
Les Forges	124991	-2.5814232	48.0292877
Greenwood	1216977	-85.1613705	30.8783655
Loch Lloyd	139845	-94.5939530	38.8314460
Naremburn	5655233	151.2020479	-33.8171247
Samswegen	3974810	11.5759482	52.2718869
Hermsdorf	161685	11.4769886	52.1939950
Ober-Werbe	4145445	8.9727172	51.2285748
Nkanu East	3717223	7.6610906	6.3371067
Karsznice	6163862	20.3167105	50.7703190
Nowa Pułapina	4105165	20.4611099	52.1491541
Green City	141021	-92.9564503	40.2649230
Reed Point	142676	-109.5466987	45.7068569
Ogorzelec	2962600	15.8806708	50.7604330
Boonville	176137	-75.3287531	43.4819572
Rulfingen	4456717	9.2879468	48.0234787
Nowa Kubra	7071317	22.3210147	53.3789217
Osterholz	2696502	8.9033188	52.9216202
Carss Park	5661740	151.1182883	-33.9885040
Zimna Woda	6907384	21.5645407	49.7560899
Turze Pole	6947780	22.0063446	49.6649214
Kostrzyca	2936855	15.8027728	50.8109988
Hillcrest	7233009	-81.5621326	30.3648537
Pablo Keys	6437302	-81.4256135	30.2697152
Edson Pond	3342491	-71.9631971	42.4152172
Osterholz	1128541	8.9419288	53.0494727
The Arbors	7289136	-111.7064866	33.2740147
Las Playas	3976184	-116.1977875	33.6763191
Spitalhof	5623923	11.4083589	48.7253702
Seminário São José	4056246	-53.7969957	-29.7158870
Rittergut	3843547	13.2903457	50.9310937
Alttröglitz	6969933	12.1689857	51.0647356
Islebrook	2027083	-81.3507295	28.3632910
Somerset 8	3273210	120.9048184	14.3915245
Coralwood	2844331	-81.3795811	28.3451137
Hillcrest	2355247	-95.2585343	38.9654204
Paraventi	2548926	-46.5248996	-23.4546710
Le Novelta	6099218	5.9008902	43.1430374
Las Playas	5299718	-64.2475138	-31.4395387
Coralwood	3745365	76.9632990	28.4100251
High Point	6595844	-87.4157074	36.5933513
Cordeiros	5763178	-8.3343425	42.0471148
Broekhorn	3745333	4.8083456	52.6667209
Grant Park	4645121	-76.9225894	38.8936833
Hillcrest	4646945	-76.9565011	38.8606095
Hillcrest	2060051	-81.5754481	28.5874521
Whitehill	2050408	-81.5142646	28.5644657
Eastbrook	2088655	-81.2995139	28.6082228
Wipperfürth	3855799	7.4020895	51.1359455
Kirchpatt	6445550	7.8406790	52.1951236
Hillcrest	7230876	-6.3157904	53.2942542
Los Olivos	6706135	-56.0688588	-34.8633289
Lake Osumi	4041565	130.8552106	31.5163886
Story Hill	5944541	-87.9762597	43.0338733
Untergrünau	1492842	10.4254393	47.2771399
Kolonijki	5329184	20.0389732	50.3637607
Zimna Woda	3316568	19.9402504	49.9309895
Hammergut	6857108	8.3533850	47.3545702
Krusheani	7425493	21.3478478	41.3121777
Senillosa	2632920	-68.4329891	-39.0189837
Nuevo Iguazú	7565204	-54.5824041	-25.6319845
Punta Alta	6758370	-55.8254390	-27.4649675
Byafossen	5232416	11.5478944	64.0305325
Kelliwood	4281855	-95.7188855	29.7644486
The Arbors	7013855	-82.2564057	34.8290991
Oak Pointe	7524699	-82.2889195	34.8430842
Wood Green	2066280	-81.3215358	28.4928872
High Point	2058689	-81.2218711	28.5551988
Huntridge	2045965	-81.2345695	28.5499632
Butler Bay	2071571	-81.5661881	28.5110674
Stonegate	1175860	-81.4103480	28.4076794
Molinares	7735009	-75.6642606	4.8330459
Kalyanvas	3803949	77.3109511	28.6199066
Dallupura	3767131	77.3181721	28.6054263
Chivilcoy	3399858	-60.0168910	-34.9017135
Stonegate	6550849	120.6727773	15.1001897
Svendborg	7333395	10.5985591	55.0603089
Johnstown	169740	-100.0556810	42.5723955
Lost River	121232	-113.6185913	43.6909965
Union Hall	206792	-79.6900363	37.0201225
Tintinara	6708911	140.0358262	-35.8736333
Maruszyna	4574949	19.9669672	49.4204758
Les Forges	422222	-0.0161705	46.5421816
Sidi Hosni	6545446	1.5065667	35.5288935
Paide vald	354997	25.5615611	58.9544701
Xarsingma	4052296	88.8509096	27.5493517
Portovelo	108009	-79.5245763	-3.7392530
Hermsdorf	2904195	11.8382784	50.8711206
Scott Lake	6293770	-106.2234139	59.9922654
Caparroso	340081	-1.6658726	42.3285344
Anija vald	352935	25.4479458	59.2765509
Noviercas	348911	-2.0050649	41.6978896
Pagerniavė II	6900818	22.9919989	54.5328646
Valtierra	343732	-1.6412243	42.2030220
Ogorzelec	6099667	16.1264720	51.6060994
Yi'ong Lake	5986448	94.8909665	30.2200000
Ogonowice	5831512	16.2537405	51.1111027
Lough Fern	5498013	-7.7185814	55.0589771
Kirneilis	6195445	25.4491255	55.2067817
Torma vald	353656	26.7295926	58.8595974
Funadu-cho	5501279	130.5577542	31.5888321
Kalynivka	4785427	30.2262325	50.2238703
District 22	6729506	51.2091569	35.7423628
Tamaguert	3535361	-7.5237571	31.5392984
District 13	6729034	51.4910464	35.7078925
Oulad Zmam	2882567	-6.7337724	32.3834768
Kinsei-cho	5501280	130.5575091	31.5928621
